timestamp_unix,O1,O2,T3,T4
1762668924.569848,-39545.860142,-44578.976929,-46543.166041,-69929.949939
1762668924.573848,-39548.531175,-44575.925916,-46545.837075,-69924.227893
1762668924.569848,-39485.204965,-44525.571167,-46524.092555,-69902.867079
1762668924.573848,-39461.936802,-44502.299279,-46510.741115,-69895.617664
1762668924.569848,-39497.796446,-44524.427503,-46521.421522,-69903.634489
1762668924.573848,-39551.582187,-44571.727514,-46546.217054,-69918.125868
1762668924.577848,-39546.623826,-44582.791626,-46552.322805,-69920.800626
1762668924.581848,-39480.630308,-44521.756470,-46526.379883,-69899.819791
1762668924.590103,-39452.400059,-44493.526220,-46511.504799,-69890.663028
1762668924.594103,-39478.722960,-44509.168714,-46516.083181,-69899.432361
1762668924.610302,-39556.540549,-44588.129967,-46543.929726,-69930.717349
1762668924.614302,-39542.809129,-44582.027942,-46545.453370,-69924.227893
1762668924.620475,-39462.316781,-44509.928674,-46516.463161,-69892.570376
1762668924.624475,-39452.400059,-44492.382556,-46508.833766,-69891.802967
1762668924.628475,-39498.940110,-44530.529529,-46526.763588,-69907.829165
1762668924.632475,-39533.272386,-44561.047107,-46535.536647,-69912.403822
1762668924.620475,-39530.981332,-44559.139758,-46535.156667,-69910.876453
1762668924.624475,-39470.329881,-44515.270740,-46520.657837,-69896.385074
1762668924.630549,-39451.256394,-44496.577233,-46513.412148,-69892.950356
1762668924.634549,-39486.352354,-44517.558068,-46517.990530,-69901.339710
1762668924.630549,-39533.272386,-44557.232410,-46533.629298,-69912.403822
1762668924.634549,-39536.703378,-44576.685876,-46545.073390,-69918.125868
1762668924.660887,-39466.131479,-44517.178088,-46521.421522,-69894.857705
1762668924.664886,-39442.863315,-44489.331543,-46510.741115,-69884.173572
1762668924.660887,-39482.537657,-44514.127076,-46517.226845,-69889.135659
1762668924.664886,-39551.962167,-44582.791626,-46542.786062,-69913.931191
1762668924.660887,-39540.901780,-44574.398547,-46540.115029,-69913.551211
1762668924.664886,-39464.987814,-44511.456043,-46513.412148,-69891.422987
1762668924.660887,-39449.729025,-44488.567859,-46498.917043,-69887.988269
1762668924.664886,-39504.278451,-44537.778944,-46519.897878,-69908.589125
1762668924.681220,-39548.911154,-44572.111219,-46535.536647,-69916.218519
1762668924.685220,-39547.767490,-44572.111219,-46537.823975,-69913.171232
1762668924.681220,-39487.875998,-44529.385865,-46522.948891,-69897.912443
1762668924.685220,-39467.278868,-44514.127076,-46514.175832,-69899.052382
1762668924.691327,-39516.486228,-44545.408338,-46524.092555,-69913.931191
1762668924.695327,-39557.304233,-44575.925916,-46535.916626,-69919.653237
1762668924.691327,-39554.633200,-44585.078955,-46538.971364,-69915.078580
1762668924.695327,-39480.246603,-44521.756470,-46522.185206,-69893.710315
1762668924.712160,-39447.821677,-44494.289905,-46512.648463,-69886.080921
1762668924.716160,-39484.824985,-44519.849122,-46515.699476,-69896.385074
1762668924.722955,-39547.767490,-44580.500573,-46534.772962,-69915.458560
1762668924.726954,-39524.879307,-44570.203871,-46534.772962,-69909.736514
1762668924.722955,-39449.729025,-44507.261366,-46510.361135,-69887.988269
1762668924.726954,-39427.984506,-44478.651136,-46499.297023,-69878.071547
1762668924.741518,-39475.288242,-44514.890760,-46511.504799,-69887.228310
1762668924.745518,-39532.128721,-44560.667127,-46532.485634,-69905.154407
1762668924.751592,-39518.393576,-44548.075646,-46530.194581,-69900.959730
1762668924.755592,-39450.872689,-44493.909925,-46504.255384,-69880.358875
1762668924.759592,-39439.812303,-44480.558485,-46497.009695,-69877.311587
1762668924.763592,-39477.195591,-44513.743371,-46514.555812,-69889.515638
1762668924.751592,-39537.467062,-44554.945081,-46532.485634,-69900.579751
1762668924.755592,-39543.952793,-44572.491199,-46535.916626,-69905.541837
1762668924.772153,-39480.630308,-44519.465417,-46517.606825,-69892.190397
1762668924.776153,-39458.502084,-44493.909925,-46506.926417,-69884.940982
1762668924.772153,-39497.412741,-44520.229101,-46514.555812,-69895.617664
1762668924.776153,-39558.831602,-44584.698975,-46540.115029,-69918.505847
1762668924.782395,-39547.387511,-44576.685876,-46541.258693,-69912.023842
1762668924.786395,-39493.218064,-44519.465417,-46523.328871,-69891.422987
1762668924.782395,-39476.815611,-44501.155615,-46516.083181,-69889.515638
1762668924.786395,-39522.971958,-44545.024633,-46527.527273,-69903.634489
1762668924.802907,-39558.067918,-44585.462660,-46539.731324,-69916.218519
1762668924.806907,-39540.901780,-44580.500573,-46540.495008,-69912.023842
1762668924.813607,-39478.722960,-44520.612806,-46511.884779,-69889.135659
1762668924.817607,-39454.687387,-44495.817274,-46503.491700,-69886.080921
1762668924.821607,-39487.112314,-44527.478516,-46520.657837,-69900.959730
1762668924.825607,-39530.601352,-44564.098120,-46534.392983,-69910.876453
1762668924.813607,-39528.694004,-44574.018568,-46536.680311,-69907.829165
1762668924.817607,-39462.316781,-44513.363391,-46517.606825,-69886.848330
1762668924.830160,-39444.006979,-44483.989477,-46507.306397,-69879.978895
1762668924.834160,-39477.195591,-44500.391930,-46514.935791,-69884.173572
1762668924.854993,-39539.758116,-44562.190771,-46540.878713,-69903.247058
1762668924.858993,-39529.457688,-44561.810791,-46538.587660,-69902.867079
1762668924.861387,-39455.834776,-44499.631971,-46512.268484,-69880.358875
1762668924.865386,-39445.150644,-44478.267431,-46501.584351,-69875.024259
1762668924.869387,-39500.463754,-44522.520155,-46518.750489,-69893.710315
1762668924.873387,-39551.582187,-44571.347535,-46537.443995,-69908.969104
1762668924.862386,-39544.716477,-44562.574476,-46536.680311,-69908.209145
1762668924.866386,-39476.051927,-44516.414404,-46517.606825,-69893.710315
1762668924.873719,-39462.316781,-44505.354017,-46511.884779,-69891.802967
1762668924.877719,-39493.598044,-44526.334852,-46517.990530,-69898.672402
1762668924.873719,-39546.240121,-44560.667127,-46534.392983,-69908.969104
1762668924.877719,-39551.962167,-44583.555311,-46543.929726,-69915.078580
1762668924.893977,-39482.537657,-44518.705457,-46519.514173,-69891.802967
1762668924.897977,-39460.029453,-44496.197253,-46510.741115,-69887.228310
1762668924.903214,-39492.074400,-44524.427503,-46522.565186,-69896.005094
1762668924.907214,-39564.553648,-44590.421021,-46551.175416,-69920.413196
1762668924.911215,-39542.425424,-44578.593224,-46548.508108,-69916.985929
1762668924.915215,-39461.173117,-44516.414404,-46519.134194,-69891.802967
1762668924.908238,-39443.243295,-44497.340918,-46507.306397,-69884.561002
1762668924.912238,-39490.167052,-44534.344226,-46525.236219,-69902.107120
1762668924.919191,-39532.508701,-44568.296522,-46539.731324,-69913.551211
1762668924.923191,-39521.064609,-44554.561377,-46537.823975,-69907.449186
1762668924.919191,-39455.834776,-44506.497681,-46519.514173,-69889.515638
1762668924.923191,-39434.470236,-44483.989477,-46512.268484,-69884.561002
1762668924.935655,-39473.380893,-44508.785009,-46523.712575,-69894.477725
1762668924.939655,-39514.962584,-44543.117285,-46535.916626,-69903.247058
1762668924.945973,-39524.499327,-44568.676502,-46544.693410,-69912.783802
1762668924.949973,-39460.793138,-44516.798109,-46525.619924,-69898.672402
1762668924.953973,-39435.233921,-44484.753162,-46511.121094,-69890.283048
1762668924.957973,-39463.844150,-44500.391930,-46509.977430,-69892.570376
1762668924.963664,-39529.457688,-44564.481825,-46538.587660,-69910.496473
1762668924.967664,-39516.106248,-44558.759779,-46539.731324,-69902.107120
1762668924.963664,-39455.834776,-44498.868287,-46516.463161,-69879.218936
1762668924.967664,-39445.150644,-44482.082129,-46510.361135,-69874.256849
1762668924.985667,-39490.547031,-44520.992786,-46525.236219,-69891.802967
1762668924.989667,-39540.138096,-44565.241784,-46542.402357,-69907.829165
1762668924.995955,-39532.508701,-44557.612389,-46541.258693,-69902.487099
1762668924.999955,-39469.566196,-44512.219727,-46522.185206,-69886.080921
1762668925.003955,-39452.016354,-44502.682984,-46516.083181,-69884.940982
1762668925.007955,-39500.847459,-44536.251575,-46530.578285,-69898.672402
1762668924.995955,-39537.087083,-44572.111219,-46538.971364,-69907.829165
1762668924.999955,-39545.096457,-44590.801001,-46545.453370,-69912.783802
1762668925.006099,-39466.131479,-44525.951147,-46521.805227,-69892.190397
1762668925.010099,-39435.613900,-44490.095228,-46508.070081,-69883.793592
1762668925.006099,-39467.658848,-44511.456043,-46515.319496,-69890.663028
1762668925.010099,-39526.406676,-44573.634863,-46537.823975,-69910.496473
1762668925.036470,-39519.157261,-44559.903443,-46532.865614,-69900.579751
1762668925.040470,-39447.441697,-44489.331543,-46512.268484,-69879.598916
1762668925.042060,-39430.655539,-44471.021742,-46504.255384,-69878.838956
1762668925.046060,-39472.617209,-44514.507055,-46520.657837,-69893.710315
1762668925.042060,-39520.684630,-44551.130384,-46536.300331,-69900.579751
1762668925.046060,-39516.486228,-44542.737305,-46538.971364,-69896.385074
1762668925.046597,-39456.214756,-44497.340918,-46522.948891,-69884.173572
1762668925.050597,-39439.812303,-44476.743788,-46512.268484,-69877.311587
1762668925.056714,-39486.732334,-44504.590333,-46521.041542,-69887.608290
1762668925.060714,-39534.796029,-44540.066272,-46537.064016,-69896.765053
1762668925.056714,-39543.189108,-44561.810791,-46543.929726,-69901.727140
1762668925.060714,-39476.815611,-44507.261366,-46522.948891,-69883.793592
1762668925.070961,-39448.965341,-44476.360083,-46508.070081,-69875.024259
1762668925.074961,-39480.246603,-44498.104602,-46511.121094,-69881.126285
1762668925.087105,-39543.572813,-44564.861804,-46537.064016,-69902.867079
1762668925.091105,-39531.365037,-44556.088746,-46538.587660,-69896.005094
1762668925.087105,-39460.793138,-44499.248266,-46511.504799,-69876.544178
1762668925.091105,-39458.122104,-44500.391930,-46508.453786,-69886.080921
1762668925.097270,-39496.269077,-44536.251575,-46518.750489,-69899.052382
1762668925.101270,-39533.652365,-44568.676502,-46530.194581,-69905.154407
1762668925.097270,-39512.671530,-44555.325061,-46524.472535,-69894.857705
1762668925.101270,-39451.256394,-44509.928674,-46505.399048,-69876.931608
1762668925.107402,-39442.099631,-44492.002577,-46504.255384,-69877.311587
1762668925.111402,-39481.773973,-44514.507055,-46513.028443,-69884.940982
1762668925.117509,-39521.444589,-44548.075646,-46530.194581,-69894.097745
1762668925.121509,-39515.342563,-44562.190771,-46533.249319,-69897.145033
1762668925.127652,-39446.294308,-44497.724622,-46511.504799,-69874.256849
1762668925.131652,-39439.048618,-44468.350708,-46500.824392,-69862.812757
1762668925.127652,-39483.681321,-44490.095228,-46511.884779,-69873.876870
1762668925.131652,-39542.425424,-44555.325061,-46544.309705,-69898.292422
1762668925.137755,-39526.022971,-44551.130384,-46543.166041,-69893.710315
1762668925.141755,-39458.122104,-44490.095228,-46519.134194,-69878.838956
1762668925.147844,-39439.428598,-44475.596398,-46504.639089,-69876.164198
1762668925.151844,-39478.722960,-44514.127076,-46518.750489,-69891.422987
1762668925.157991,-39538.230747,-44556.468725,-46538.587660,-69905.921817
1762668925.161991,-39528.694004,-44556.852430,-46541.638672,-69904.014468
1762668925.157991,-39470.329881,-44514.127076,-46518.750489,-69887.228310
1762668925.161991,-39447.821677,-44494.669884,-46511.121094,-69878.071547
1762668925.178249,-39476.051927,-44515.650719,-46518.370509,-69884.940982
1762668925.182249,-39524.499327,-44558.376074,-46535.156667,-69901.727140
1762668925.178249,-39533.652365,-44580.120593,-46543.546021,-69909.356534
1762668925.182249,-39464.987814,-44512.219727,-46517.606825,-69881.506264
1762668925.188368,-39437.141269,-44482.082129,-46502.348036,-69868.534803
1762668925.192368,-39474.144578,-44506.497681,-46510.361135,-69879.978895
1762668925.202569,-39526.022971,-44563.718140,-46534.772962,-69901.727140
1762668925.206569,-39519.157261,-44554.945081,-46530.578285,-69893.710315
1762668925.208294,-39456.594735,-44492.382556,-46508.453786,-69872.729480
1762668925.212294,-39440.955967,-44475.980103,-46500.440687,-69869.682193
1762668925.230172,-39472.237229,-44502.682984,-46511.884779,-69878.451526
1762668925.234172,-39522.971958,-44540.446252,-46527.907252,-69889.135659
1762668925.230172,-39513.055235,-44532.056898,-46526.379883,-69883.793592
1762668925.234172,-39461.173117,-44493.146241,-46515.319496,-69871.969521
1762668925.238173,-39444.386959,-44477.123767,-46509.213746,-69870.062172
1762668925.242172,-39481.773973,-44496.577233,-46516.843140,-69876.931608
1762668925.230172,-39524.499327,-44532.436877,-46529.434621,-69887.228310
1762668925.234172,-39523.351938,-44549.603015,-46534.392983,-69892.570376
1762668925.250611,-39459.649473,-44489.331543,-46509.977430,-69869.682193
1762668925.254611,-39432.942867,-44467.587024,-46498.917043,-69865.487516
1762668925.250611,-39464.224130,-44493.146241,-46499.677002,-69873.116910
1762668925.254611,-39526.022971,-44553.417712,-46524.856240,-69890.663028
1762668925.271327,-39516.869932,-44544.260949,-46526.379883,-69883.413613
1762668925.275327,-39436.377585,-44481.318444,-46499.677002,-69856.710732
1762668925.271327,-39426.460862,-44467.967004,-46496.625990,-69855.563343
1762668925.275327,-39467.658848,-44509.928674,-46511.121094,-69871.209562
1762668925.281471,-39522.591978,-44550.366700,-46523.328871,-69880.746305
1762668925.285471,-39514.198899,-44541.973621,-46522.185206,-69875.784218
1762668925.281471,-39451.636374,-44497.340918,-46505.399048,-69862.432778
1762668925.285471,-39438.664913,-44475.980103,-46500.060707,-69860.905409
1762668925.291611,-39473.760873,-44505.733997,-46515.319496,-69870.442152
1762668925.295611,-39524.879307,-44544.644654,-46531.721950,-69879.978895
1762668925.291611,-39525.642991,-44554.561377,-46530.578285,-69880.358875
1762668925.295611,-39452.400059,-44480.938464,-46504.639089,-69853.655994
1762668925.311855,-39430.275559,-44453.855604,-46492.047608,-69847.553968
1762668925.315855,-39467.278868,-44479.794800,-46501.584351,-69857.090712
1762668925.321939,-39519.157261,-44539.686292,-46525.999904,-69874.256849
1762668925.325939,-39518.013597,-44535.871595,-46529.050916,-69870.062172
1762668925.342162,-39453.163743,-44474.452734,-46509.597450,-69848.321378
1762668925.346162,-39426.460862,-44453.091919,-46499.677002,-69842.211902
1762668925.350163,-39469.566196,-44486.660510,-46508.453786,-69854.423404
1762668925.354162,-39523.735642,-44528.622180,-46524.092555,-69869.682193
1762668925.342162,-39511.527866,-44524.427503,-46523.712575,-69866.627455
1762668925.346162,-39461.556822,-44489.711523,-46506.162733,-69854.423404
1762668925.352266,-39437.904954,-44465.679675,-46494.338661,-69844.119251
1762668925.356266,-39473.380893,-44490.095228,-46498.533338,-69850.228727
1762668925.352266,-39521.444589,-44528.622180,-46514.555812,-69863.192737
1762668925.356266,-39530.221373,-44549.223036,-46523.328871,-69868.154824
1762668925.372472,-39452.780038,-44483.225793,-46498.917043,-69844.886661
1762668925.376472,-39423.406124,-44456.522912,-46484.801918,-69834.969938
1762668925.372472,-39475.668222,-44493.909925,-46500.824392,-69851.748645
1762668925.376472,-39539.374411,-44559.519738,-46530.578285,-69879.218936
1762668925.382577,-39522.591978,-44546.931982,-46527.907252,-69873.876870
1762668925.386577,-39445.914328,-44480.938464,-46499.297023,-69849.081337
1762668925.382577,-39428.368211,-44465.299696,-46487.472951,-69846.026599
1762668925.386577,-39472.617209,-44501.919299,-46503.875405,-69858.618081
1762668925.392726,-39518.393576,-44541.973621,-46523.328871,-69870.822132
1762668925.396726,-39511.147887,-44531.673193,-46519.897878,-69870.442152
1762668925.402836,-39454.307407,-44489.711523,-46501.204371,-69857.858121
1762668925.406836,-39427.220821,-44461.484998,-46493.574977,-69848.321378
1762668925.423084,-39464.224130,-44489.331543,-46501.584351,-69857.858121
1762668925.427084,-39519.920945,-44530.149549,-46518.750489,-69868.154824
1762668925.423084,-39530.221373,-44554.945081,-46528.670937,-69875.784218
1762668925.427084,-39468.038827,-44495.433569,-46510.741115,-69857.470691
1762668925.433191,-39437.141269,-44467.587024,-46495.482326,-69844.119251
1762668925.437191,-39468.802512,-44492.002577,-46508.070081,-69853.276014
1762668925.453425,-39529.457688,-44552.654028,-46538.207680,-69877.691567
1762668925.457425,-39540.138096,-44551.130384,-46537.064016,-69874.256849
1762668925.453425,-39454.687387,-44484.753162,-46503.111720,-69845.646620
1762668925.457425,-39430.655539,-44474.452734,-46497.009695,-69846.026599
1762668925.461425,-39487.112314,-44522.900134,-46514.935791,-69868.154824
1762668925.465425,-39524.879307,-44554.561377,-46523.712575,-69873.496890
1762668925.453425,-39506.569505,-44543.880969,-46517.226845,-69870.062172
1762668925.457425,-39446.678013,-44498.104602,-46498.153359,-69855.183363
1762668925.473563,-39417.304099,-44470.258057,-46488.996595,-69844.886661
1762668925.477563,-39447.441697,-44491.238892,-46492.431313,-69850.988686
1762668925.473563,-39495.505393,-44525.951147,-46505.399048,-69859.765470
1762668925.477563,-39494.741708,-44541.209936,-46514.555812,-69865.867496
1762668925.483703,-39425.697178,-44477.123767,-46490.903944,-69845.266640
1762668925.487703,-39407.387376,-44451.184571,-46477.932483,-69838.397205
1762668925.483703,-39452.016354,-44487.804174,-46486.325562,-69849.081337
1762668925.487703,-39503.898472,-44546.168298,-46508.070081,-69869.682193
1762668925.503875,-39495.889097,-44535.871595,-46506.162733,-69864.720106
1762668925.507875,-39431.799203,-44474.452734,-46484.801918,-69847.173989
1762668925.514018,-39421.498775,-44460.721314,-46481.367201,-69843.359292
1762668925.518018,-39466.895163,-44496.197253,-46498.533338,-69850.608706
1762668925.522018,-39529.837668,-44549.982995,-46524.856240,-69873.496890
1762668925.526018,-39518.393576,-44544.644654,-46528.670937,-69876.544178
1762668925.514018,-39466.131479,-44508.021325,-46512.648463,-69861.672819
1762668925.518018,-39448.201656,-44484.753162,-46501.968056,-69852.896035
1762668925.534224,-39493.598044,-44516.798109,-46516.083181,-69864.720106
1762668925.538224,-39545.096457,-44558.759779,-46534.392983,-69880.358875
1762668925.554463,-39548.911154,-44578.976929,-46537.823975,-69885.320961
1762668925.558463,-39477.195591,-44513.743371,-46516.843140,-69864.340127
1762668925.564538,-39458.502084,-44486.280531,-46504.639089,-69857.090712
1762668925.568538,-39494.361728,-44520.992786,-46520.657837,-69868.914783
1762668925.572538,-39536.323398,-44563.334435,-46535.536647,-69879.978895
1762668925.576538,-39518.393576,-44548.075646,-46529.814601,-69872.729480
1762668925.564538,-39437.904954,-44475.216419,-46498.533338,-69845.646620
1762668925.568538,-39416.160434,-44454.999268,-46487.089247,-69834.582508
1762668925.574718,-39458.122104,-44491.238892,-46498.917043,-69846.414030
1762668925.578718,-39501.991123,-44529.385865,-46516.083181,-69859.378040
1762668925.574718,-39483.681321,-44514.890760,-46509.977430,-69854.043424
1762668925.578718,-39416.160434,-44463.392347,-46488.616616,-69834.202528
1762668925.594946,-39399.374276,-44440.884143,-46477.932483,-69827.720523
1762668925.598946,-39455.071092,-44479.794800,-46493.194997,-69843.359292
1762668925.594946,-39500.083774,-44518.705457,-46503.491700,-69851.368666
1762668925.598946,-39504.662156,-44530.149549,-46508.453786,-69850.228727
1762668925.608583,-39438.284934,-44468.730688,-46487.089247,-69825.045764
1762668925.612583,-39420.355111,-44449.657202,-46475.265175,-69822.378457
1762668925.608583,-39460.029453,-44482.082129,-46482.510865,-69839.924574
1762668925.612583,-39520.684630,-44541.209936,-46503.491700,-69858.998060
1762668925.625268,-39516.869932,-44536.251575,-46504.255384,-69851.368666
1762668925.629267,-39455.071092,-44478.651136,-46492.431313,-69834.969938
1762668925.625268,-39448.201656,-44476.360083,-46490.523964,-69834.969938
1762668925.629267,-39497.032762,-44522.520155,-46501.584351,-69854.423404
1762668925.649556,-39553.109556,-44568.296522,-46522.185206,-69872.729480
1762668925.653556,-39526.786655,-44558.376074,-46519.514173,-69866.627455
1762668925.652558,-39471.093565,-44516.798109,-46501.584351,-69854.803383
1762668925.656558,-39455.834776,-44494.289905,-46493.954957,-69850.608706
1762668925.652558,-39485.204965,-44516.414404,-46505.782753,-69863.960147
1762668925.656558,-39525.259286,-44553.037733,-46518.750489,-69875.024259
1762668925.671591,-39519.537240,-44564.098120,-46528.670937,-69873.116910
1762668925.675591,-39441.335946,-44494.669884,-46502.348036,-69847.933948
1762668925.673382,-39433.706552,-44470.638037,-46493.194997,-69844.886661
1762668925.677382,-39478.339255,-44507.641345,-46509.977430,-69859.765470
1762668925.693633,-39529.837668,-44558.376074,-46532.101929,-69873.116910
1762668925.697633,-39508.476853,-44545.788318,-46526.763588,-69867.394865
1762668925.693633,-39433.326572,-44475.216419,-46500.824392,-69842.979312
1762668925.697633,-39425.313473,-44461.101294,-46492.811292,-69839.544594
1762668925.701633,-39475.288242,-44492.762536,-46503.875405,-69851.748645
1762668925.705633,-39519.157261,-44534.724206,-46521.421522,-69862.812757
1762668925.702783,-39504.278451,-44524.043798,-46522.185206,-69856.330752
1762668925.706783,-39451.256394,-44485.133141,-46510.361135,-69843.739271
1762668925.716705,-39430.275559,-44460.337609,-46499.297023,-69833.822548
1762668925.720705,-39463.844150,-44487.424195,-46501.584351,-69844.506681
1762668925.717941,-39515.342563,-44529.385865,-46516.083181,-69855.950773
1762668925.721941,-39524.499327,-44546.931982,-46520.657837,-69859.765470
1762668925.739405,-39459.265769,-44488.947839,-46494.718641,-69840.691984
1762668925.743405,-39434.850216,-44468.730688,-46481.367201,-69831.155241
1762668925.739405,-39477.959275,-44502.682984,-46488.232911,-69842.211902
1762668925.743405,-39535.179734,-44566.389173,-46509.213746,-69861.285388
1762668925.747406,-39529.073983,-44565.241784,-46514.175832,-69862.432778
1762668925.751405,-39456.214756,-44503.446668,-46493.194997,-69842.979312
1762668925.739405,-39456.214756,-44493.909925,-46488.996595,-69844.506681
1762668925.743405,-39497.412741,-44529.765844,-46503.491700,-69858.238101
1762668925.759655,-39537.850767,-44567.912817,-46524.856240,-69871.209562
1762668925.763655,-39515.342563,-44551.890343,-46521.041542,-69864.720106
1762668925.759655,-39450.109005,-44508.021325,-46493.954957,-69848.701358
1762668925.763655,-39432.562888,-44480.558485,-46483.654529,-69843.739271
1762668925.777010,-39471.473545,-44508.021325,-46496.246010,-69855.950773
1762668925.781010,-39524.499327,-44546.168298,-46517.226845,-69868.534803
1762668925.786405,-39520.300925,-44559.139758,-46521.421522,-69867.774844
1762668925.790405,-39463.464171,-44506.877661,-46508.453786,-69852.516055
1762668925.802680,-39450.872689,-44481.702149,-46502.731740,-69846.794009
1762668925.806679,-39491.690695,-44507.261366,-46513.028443,-69855.563343
1762668925.810680,-39533.272386,-44546.168298,-46523.712575,-69865.487516
1762668925.814680,-39523.735642,-44536.631554,-46521.805227,-69858.998060
1762668925.808223,-39459.649473,-44481.318444,-46512.648463,-69841.071963
1762668925.812223,-39450.872689,-44477.887452,-46510.361135,-69844.506681
1762668925.829493,-39498.556405,-44520.229101,-46522.948891,-69862.432778
1762668925.833493,-39538.610727,-44560.667127,-46539.731324,-69875.024259
1762668925.829493,-39521.828294,-44550.746679,-46533.249319,-69868.154824
1762668925.833493,-39474.908262,-44513.743371,-46513.028443,-69855.183363
1762668925.837493,-39466.895163,-44503.062963,-46513.028443,-69856.330752
1762668925.841493,-39503.898472,-44525.951147,-46519.897878,-69866.247475
1762668925.829493,-39538.230747,-44561.047107,-46530.194581,-69876.544178
1762668925.833493,-39538.230747,-44573.254883,-46534.392983,-69879.218936
1762668925.849754,-39461.556822,-44501.539320,-46500.824392,-69850.608706
1762668925.853754,-39440.955967,-44475.216419,-46493.954957,-69843.739271
1762668925.849754,-39481.010288,-44503.826648,-46505.782753,-69855.563343
1762668925.853754,-39536.323398,-44559.139758,-46526.763588,-69874.256849
1762668925.859835,-39521.064609,-44545.788318,-46525.619924,-69865.100086
1762668925.863835,-39440.192282,-44477.503747,-46495.482326,-69840.304554
1762668925.859835,-39430.655539,-44468.350708,-46487.472951,-69840.691984
1762668925.863835,-39480.630308,-44500.391930,-46502.731740,-69855.950773
1762668925.879985,-39521.828294,-44537.395239,-46514.175832,-69867.007434
1762668925.883985,-39507.713169,-44529.765844,-46514.555812,-69862.052798
1762668925.879985,-39449.349046,-44492.762536,-46498.533338,-69848.321378
1762668925.883985,-39424.933493,-44466.823339,-46485.181898,-69840.304554
1762668925.890018,-39469.186217,-44494.669884,-46497.009695,-69854.423404
1762668925.894018,-39514.962584,-44531.673193,-46513.028443,-69864.720106
1762668925.910303,-39519.537240,-44545.788318,-46519.134194,-69868.154824
1762668925.914303,-39453.163743,-44480.938464,-46492.811292,-69843.739271
1762668925.910303,-39443.243295,-44464.915991,-46487.472951,-69841.071963
1762668925.914303,-39482.537657,-44503.446668,-46501.204371,-69858.238101
1762668925.930484,-39543.572813,-44560.283422,-46520.657837,-69874.636829
1762668925.934484,-39540.138096,-44554.945081,-46524.092555,-69870.442152
1762668925.930484,-39472.237229,-44497.340918,-46503.875405,-69851.368666
1762668925.934484,-39461.173117,-44491.618872,-46497.389674,-69849.841297
1762668925.940600,-39496.269077,-44527.478516,-46509.977430,-69863.580167
1762668925.944600,-39552.725852,-44572.111219,-46525.236219,-69878.838956
1762668925.950734,-39534.416050,-44550.366700,-46518.750489,-69868.534803
1762668925.954734,-39466.895163,-44505.354017,-46493.954957,-69850.608706
1762668925.958734,-39435.233921,-44474.452734,-46480.987221,-69841.831923
1762668925.962734,-39477.959275,-44497.340918,-46492.431313,-69852.516055
1762668925.950734,-39521.828294,-44540.446252,-46513.412148,-69868.534803
1762668925.954734,-39513.815194,-44553.417712,-46513.412148,-69868.154824
1762668925.972006,-39440.572262,-44485.516846,-46487.852931,-69844.506681
1762668925.976006,-39421.498775,-44459.577650,-46480.987221,-69839.164615
1762668925.981117,-39460.029453,-44493.526220,-46491.667628,-69850.988686
1762668925.985117,-39521.064609,-44556.088746,-46516.083181,-69875.404239
1762668925.989117,-39512.671530,-44542.737305,-46515.699476,-69868.534803
1762668925.993117,-39441.335946,-44474.072754,-46487.089247,-69842.599332
1762668925.981117,-39434.470236,-44474.452734,-46484.038234,-69842.599332
1762668925.985117,-39479.866624,-44512.599707,-46500.440687,-69860.905409
1762668926.001370,-39534.036070,-44554.945081,-46519.134194,-69875.784218
1762668926.005370,-39524.499327,-44549.603015,-46522.185206,-69871.969521
1762668926.003169,-39467.278868,-44519.849122,-46512.268484,-69863.960147
1762668926.007169,-39446.294308,-44498.868287,-46495.482326,-69858.238101
1762668926.023800,-39490.547031,-44518.321753,-46501.204371,-69863.960147
1762668926.027800,-39544.716477,-44562.190771,-46520.657837,-69876.931608
1762668926.030470,-39556.924254,-44591.184705,-46539.731324,-69886.848330
1762668926.034470,-39483.297616,-44531.673193,-46519.134194,-69865.867496
1762668926.030470,-39472.237229,-44514.507055,-46508.833766,-69862.052798
1762668926.034470,-39514.198899,-44553.797692,-46523.712575,-69881.506264
1762668926.045714,-39556.540549,-44596.906751,-46537.823975,-69892.950356
1762668926.049714,-39531.365037,-44585.462660,-46534.009278,-69886.468351
1762668926.045714,-39449.349046,-44512.983412,-46505.782753,-69860.145450
1762668926.049714,-39442.863315,-44498.484582,-46497.769654,-69855.563343
1762668926.071989,-39484.445006,-44530.529529,-46515.319496,-69866.247475
1762668926.075989,-39519.920945,-44563.718140,-46529.434621,-69876.544178
1762668926.071989,-39500.847459,-44545.024633,-46524.092555,-69872.729480
1762668926.075989,-39441.719651,-44502.682984,-46506.162733,-69855.563343
1762668926.071989,-39427.604526,-44477.123767,-46496.246010,-69848.321378
1762668926.075989,-39460.409433,-44502.299279,-46504.255384,-69856.330752
1762668926.071989,-39514.198899,-44536.251575,-46521.041542,-69867.394865
1762668926.075989,-39521.828294,-44554.945081,-46530.194581,-69870.442152
1762668926.090199,-39452.400059,-44496.577233,-46506.926417,-69849.841297
1762668926.094199,-39435.997605,-44472.545385,-46498.153359,-69844.886661
1762668926.090199,-39475.288242,-44512.983412,-46510.361135,-69860.905409
1762668926.094199,-39543.189108,-44569.820166,-46533.629298,-69880.746305
1762668926.110397,-39536.703378,-44563.334435,-46535.916626,-69881.126285
1762668926.114397,-39460.409433,-44500.775635,-46509.977430,-69858.238101
1762668926.120559,-39463.844150,-44498.104602,-46502.731740,-69856.710732
1762668926.124559,-39512.671530,-44535.871595,-46517.606825,-69872.729480
1762668926.128560,-39558.831602,-44578.976929,-46535.536647,-69886.080921
1762668926.132560,-39539.374411,-44570.203871,-46530.578285,-69878.071547
1762668926.120559,-39488.259703,-44540.066272,-46514.935791,-69864.340127
1762668926.124559,-39486.352354,-44522.520155,-46513.792127,-69859.378040
1762668926.130667,-39519.157261,-44549.603015,-46519.897878,-69865.867496
1762668926.134667,-39558.067918,-44582.027942,-46529.050916,-69875.404239
1762668926.160978,-39557.684213,-44598.430395,-46540.115029,-69886.468351
1762668926.164978,-39481.773973,-44529.385865,-46517.990530,-69865.867496
1762668926.160978,-39447.441697,-44489.331543,-46505.782753,-69852.136075
1762668926.164978,-39472.617209,-44509.548694,-46511.121094,-69857.858121
1762668926.171134,-39527.930319,-44554.945081,-46535.536647,-69872.349501
1762668926.175134,-39529.073983,-44556.468725,-46539.731324,-69872.349501
1762668926.172151,-39456.214756,-44491.618872,-46516.083181,-69852.896035
1762668926.176151,-39442.479610,-44484.373182,-46507.690102,-69853.276014
1762668926.181188,-39478.722960,-44519.849122,-46516.083181,-69864.720106
1762668926.185188,-39512.671530,-44551.510364,-46525.236219,-69868.914783
1762668926.181188,-39503.898472,-44532.056898,-46521.421522,-69859.378040
1762668926.185188,-39456.214756,-44499.631971,-46513.412148,-69847.553968
1762668926.191267,-39444.006979,-44479.411095,-46502.731740,-69842.979312
1762668926.195266,-39482.917637,-44509.928674,-46510.361135,-69854.043424
1762668926.191267,-39534.416050,-44550.746679,-46524.856240,-69867.007434
1762668926.195266,-39535.179734,-44569.440186,-46535.156667,-69875.404239
1762668926.211540,-39468.038827,-44512.219727,-46509.597450,-69857.090712
1762668926.215540,-39454.687387,-44487.040490,-46495.102346,-69847.553968
1762668926.221648,-39502.371103,-44529.765844,-46511.121094,-69862.432778
1762668926.225647,-39563.789964,-44591.944665,-46538.971364,-69885.320961
1762668926.229648,-39548.911154,-44584.315270,-46539.351344,-69879.978895
1762668926.233648,-39476.051927,-44520.229101,-46513.028443,-69854.423404
1762668926.221648,-39469.566196,-44518.321753,-46506.926417,-69853.655994
1762668926.225647,-39501.611143,-44552.654028,-46520.277858,-69869.302213
1762668926.241943,-39553.489536,-44598.814100,-46538.587660,-69881.126285
1762668926.245943,-39534.416050,-44576.305896,-46533.629298,-69872.349501
1762668926.252028,-39467.278868,-44526.714832,-46516.083181,-69856.710732
1762668926.256028,-39442.479610,-44493.909925,-46504.255384,-69846.026599
1762668926.252028,-39477.575570,-44522.900134,-46515.699476,-69858.998060
1762668926.256028,-39524.115622,-44569.440186,-46534.009278,-69873.116910
1762668926.262177,-39518.013597,-44568.676502,-46537.443995,-69870.442152
1762668926.266177,-39461.936802,-44512.219727,-46517.226845,-69855.183363
1762668926.272287,-39449.729025,-44490.475208,-46504.639089,-69855.183363
1762668926.276287,-39489.783347,-44530.529529,-46516.463161,-69867.394865
1762668926.282399,-39537.467062,-44575.542212,-46537.064016,-69879.218936
1762668926.286399,-39522.208273,-44565.625489,-46537.823975,-69875.024259
1762668926.282399,-39468.038827,-44512.599707,-46513.028443,-69855.183363
1762668926.286399,-39466.515183,-44513.363391,-46508.453786,-69860.905409
1762668926.292510,-39508.093148,-44543.500990,-46521.805227,-69875.784218
1762668926.296510,-39550.438523,-44580.500573,-46534.772962,-69885.700941
1762668926.302602,-39538.230747,-44573.634863,-46534.772962,-69881.506264
1762668926.306602,-39490.167052,-44540.446252,-46524.472535,-69870.062172
1762668926.312718,-39473.000914,-44515.270740,-46516.463161,-69864.720106
1762668926.316718,-39511.147887,-44546.168298,-46527.907252,-69874.636829
1762668926.312718,-39568.368345,-44595.379382,-46549.268067,-69890.283048
1762668926.316718,-39573.706686,-44607.967138,-46555.753797,-69896.385074
1762668926.322881,-39495.889097,-44533.964247,-46526.379883,-69864.340127
1762668926.326881,-39477.195591,-44509.928674,-46515.319496,-69856.710732
1762668926.332963,-39529.457688,-44554.181397,-46531.341970,-69873.876870
1762668926.336963,-39572.563022,-44604.536146,-46547.360718,-69889.135659
1762668926.353200,-39550.054818,-44592.708349,-46541.258693,-69886.468351
1762668926.357200,-39468.038827,-44518.705457,-46513.412148,-69859.378040
1762668926.353200,-39474.908262,-44516.798109,-46514.175832,-69858.998060
1762668926.357200,-39520.300925,-44548.839331,-46525.236219,-69869.682193
1762668926.361201,-39557.304233,-44582.407922,-46537.064016,-69875.024259
1762668926.365201,-39532.888681,-44561.810791,-46531.721950,-69863.580167
1762668926.375186,-39476.051927,-44519.465417,-46514.175832,-69849.841297
1762668926.379186,-39456.594735,-44497.724622,-46505.399048,-69842.599332
1762668926.375186,-39492.834359,-44520.992786,-46515.319496,-69847.553968
1762668926.379186,-39551.582187,-44565.625489,-46539.731324,-69861.672819
1762668926.392218,-39546.240121,-44569.820166,-46545.453370,-69866.627455
1762668926.396218,-39475.668222,-44511.456043,-46520.277858,-69852.136075
1762668926.402940,-39458.122104,-44488.187879,-46506.162733,-69847.553968
1762668926.406940,-39516.486228,-44532.056898,-46520.657837,-69863.960147
1762668926.410940,-39556.160569,-44582.407922,-46540.495008,-69880.358875
1762668926.414940,-39533.272386,-44567.149132,-46537.443995,-69874.636829
1762668926.402940,-39472.617209,-44507.261366,-46514.935791,-69853.276014
1762668926.406940,-39476.051927,-44514.507055,-46517.990530,-69854.423404
1762668926.413134,-39529.837668,-44553.417712,-46534.772962,-69868.534803
1762668926.417134,-39587.821811,-44604.152441,-46557.661146,-69889.515638
1762668926.423281,-39566.460997,-44595.379382,-46548.508108,-69883.033633
1762668926.427281,-39507.333189,-44556.852430,-46527.143568,-69871.589541
1762668926.443527,-39485.968649,-44530.149549,-46514.175832,-69864.340127
1762668926.447527,-39513.435215,-44550.746679,-46519.514173,-69871.209562
1762668926.443527,-39567.220956,-44591.564685,-46537.823975,-69884.940982
1762668926.447527,-39561.882615,-44601.101428,-46545.837075,-69888.755679
1762668926.451527,-39494.361728,-44536.251575,-46521.041542,-69867.007434
1762668926.455527,-39470.709860,-44501.539320,-46510.361135,-69855.950773
1762668926.443527,-39507.713169,-44537.395239,-46521.041542,-69862.432778
1762668926.447527,-39553.869516,-44576.305896,-46534.392983,-69872.729480
1762668926.463712,-39533.652365,-44556.468725,-46530.958265,-69865.867496
1762668926.467712,-39450.492710,-44479.411095,-46501.204371,-69838.017225
1762668926.463712,-39437.904954,-44475.980103,-46498.153359,-69839.544594
1762668926.467712,-39478.722960,-44512.983412,-46511.121094,-69852.136075
1762668926.474054,-39524.115622,-44551.890343,-46524.472535,-69863.960147
1762668926.478054,-39508.856833,-44537.015259,-46515.699476,-69854.043424
1762668926.494505,-39445.150644,-44499.248266,-46497.769654,-69838.397205
1762668926.498505,-39425.313473,-44477.123767,-46489.760280,-69834.969938
1762668926.494505,-39468.802512,-44506.877661,-46501.584351,-69846.026599
1762668926.498505,-39523.351938,-44556.468725,-46516.843140,-69858.998060
1762668926.504656,-39521.828294,-44563.718140,-46526.379883,-69858.238101
1762668926.508656,-39465.371519,-44517.558068,-46509.213746,-69845.646620
1762668926.504656,-39455.451071,-44506.877661,-46502.348036,-69846.414030
1762668926.508656,-39501.611143,-44551.510364,-46517.226845,-69864.720106
1762668926.535000,-39559.975266,-44607.967138,-46542.022377,-69882.266223
1762668926.539000,-39556.160569,-44603.772461,-46546.217054,-69875.404239
1762668926.535000,-39491.690695,-44540.066272,-46522.565186,-69854.043424
1762668926.539000,-39481.010288,-44529.765844,-46511.121094,-69853.655994
1762668926.543000,-39513.815194,-44552.654028,-46522.565186,-69860.905409
1762668926.547000,-39568.748325,-44596.523046,-46550.795436,-69877.691567
1762668926.535000,-39547.003806,-44571.347535,-46543.166041,-69868.534803
1762668926.539000,-39468.422532,-44513.363391,-46517.226845,-69847.553968
1762668926.555235,-39443.627000,-44484.373182,-46504.639089,-69839.924574
1762668926.559235,-39468.802512,-44503.826648,-46513.028443,-69844.886661
1762668926.555235,-39521.064609,-44554.945081,-46529.434621,-69860.145450
1762668926.559235,-39513.055235,-44566.005468,-46535.916626,-69858.238101
1762668926.565385,-39425.313473,-44486.660510,-46503.875405,-69829.247892
1762668926.569385,-39407.387376,-44459.193945,-46492.431313,-69821.998477
1762668926.572494,-39458.502084,-44507.261366,-46506.926417,-69838.784635
1762668926.576494,-39511.907846,-44558.759779,-46524.472535,-69858.238101
1762668926.585629,-39495.125413,-44549.223036,-46524.856240,-69855.563343
1762668926.589629,-39426.460862,-44484.373182,-46497.769654,-69828.100502
1762668926.595806,-39427.220821,-44483.989477,-46494.338661,-69825.045764
1762668926.599806,-39483.297616,-44524.427503,-46515.699476,-69844.119251
1762668926.603806,-39533.652365,-44576.685876,-46538.971364,-69863.580167
1762668926.607806,-39516.106248,-44568.676502,-46538.207680,-69860.905409
1762668926.626228,-39474.144578,-44535.871595,-46521.421522,-69852.136075
1762668926.630228,-39467.658848,-44517.558068,-46512.648463,-69845.646620
1762668926.626228,-39513.815194,-44554.181397,-46531.341970,-69857.470691
1762668926.630228,-39569.512010,-44601.101428,-46553.082764,-69874.256849
1762668926.634228,-39563.406259,-44600.337744,-46552.322805,-69871.969521
1762668926.638228,-39495.889097,-44541.209936,-46525.236219,-69852.136075
1762668926.626228,-39474.908262,-44513.743371,-46518.370509,-69845.266640
1762668926.630228,-39512.671530,-44548.075646,-46528.287232,-69860.525429
1762668926.646455,-39559.591562,-44594.999403,-46548.508108,-69878.838956
1762668926.650455,-39532.508701,-44575.542212,-46542.786062,-69868.914783
1762668926.646455,-39444.006979,-44492.002577,-46513.792127,-69838.784635
1762668926.650455,-39435.613900,-44488.567859,-46513.028443,-69840.304554
1762668926.656610,-39476.431906,-44511.076063,-46524.092555,-69851.748645
1762668926.660610,-39516.106248,-44548.459351,-46537.823975,-69863.192737
1762668926.656610,-39494.741708,-44535.487890,-46528.287232,-69854.803383
1762668926.660610,-39429.128170,-44496.577233,-46512.268484,-69840.691984
1762668926.676896,-39414.253086,-44474.836439,-46502.348036,-69830.767810
1762668926.680896,-39459.265769,-44506.497681,-46518.370509,-69846.794009
1762668926.686976,-39524.115622,-44558.376074,-46541.258693,-69868.154824
1762668926.690976,-39526.406676,-44569.440186,-46548.124403,-69866.627455
1762668926.694976,-39458.122104,-44511.456043,-46522.565186,-69843.739271
1762668926.698976,-39440.192282,-44487.040490,-46516.083181,-69834.202528
1762668926.686976,-39490.927011,-44535.107911,-46531.721950,-69849.841297
1762668926.690976,-39546.623826,-44591.564685,-46553.466469,-69874.256849
1762668926.697077,-39545.096457,-44585.078955,-46555.373818,-69871.969521
1762668926.701077,-39477.959275,-44522.520155,-46526.763588,-69847.933948
1762668926.707229,-39481.773973,-44528.242201,-46524.472535,-69854.043424
1762668926.711229,-39530.221373,-44556.468725,-46542.022377,-69866.247475
1762668926.728372,-39569.128305,-44591.944665,-46550.415456,-69873.876870
1762668926.732372,-39534.036070,-44574.018568,-46538.971364,-69861.672819
1762668926.728372,-39473.760873,-44532.056898,-46519.134194,-69849.461317
1762668926.732372,-39462.700486,-44499.631971,-46507.306397,-69839.924574
1762668926.737275,-39497.032762,-44520.612806,-46519.134194,-69846.414030
1762668926.741275,-39538.994431,-44566.389173,-46535.916626,-69862.052798
1762668926.747408,-39521.444589,-44564.861804,-46531.721950,-69859.378040
1762668926.751408,-39448.585361,-44505.354017,-46506.926417,-69839.924574
1762668926.767629,-39430.655539,-44477.503747,-46495.102346,-69832.295179
1762668926.771629,-39485.588670,-44516.414404,-46511.504799,-69846.026599
1762668926.767629,-39527.166635,-44561.047107,-46530.958265,-69859.765470
1762668926.771629,-39507.333189,-44549.603015,-46525.999904,-69851.368666
1762668926.775629,-39434.850216,-44485.133141,-46504.639089,-69826.573133
1762668926.779629,-39437.904954,-44484.373182,-46506.546438,-69830.007851
1762668926.777822,-39484.824985,-44514.890760,-46520.277858,-69843.739271
1762668926.781822,-39527.930319,-44557.612389,-46538.587660,-69855.563343
1762668926.777822,-39513.815194,-44550.746679,-46538.207680,-69851.748645
1762668926.781822,-39472.617209,-44523.280114,-46524.092555,-69844.506681
1762668926.787916,-39453.927428,-44493.146241,-46509.977430,-69833.062589
1762668926.791916,-39497.796446,-44518.321753,-46518.370509,-69839.544594
1762668926.797946,-39539.758116,-44567.532837,-46534.392983,-69855.183363
1762668926.801946,-39535.943419,-44579.740614,-46538.587660,-69859.378040
1762668926.818168,-39473.760873,-44520.229101,-46516.463161,-69839.924574
1762668926.822168,-39447.441697,-44493.146241,-46500.824392,-69831.915200
1762668926.828289,-39493.598044,-44536.631554,-46511.504799,-69845.646620
1762668926.832289,-39536.703378,-44583.555311,-46536.300331,-69863.960147
1762668926.828289,-39535.559714,-44571.727514,-46534.392983,-69859.765470
1762668926.832289,-39472.617209,-44510.692358,-46508.833766,-69836.877286
1762668926.836289,-39458.502084,-44496.577233,-46500.824392,-69836.109877
1762668926.840289,-39498.556405,-44527.478516,-46513.028443,-69849.841297
1762668926.838458,-39538.994431,-44568.676502,-46529.050916,-69863.960147
1762668926.842458,-39514.198899,-44550.366700,-46517.990530,-69857.470691
1762668926.848573,-39468.422532,-44524.807483,-46507.690102,-69852.136075
1762668926.852573,-39452.780038,-44501.539320,-46501.204371,-69847.173989
1762668926.858639,-39486.732334,-44525.187463,-46515.319496,-69855.563343
1762668926.862638,-39523.351938,-44565.625489,-46533.249319,-69867.774844
1762668926.878882,-39500.463754,-44555.705041,-46528.670937,-69860.905409
1762668926.882882,-39441.719651,-44500.391930,-46508.070081,-69839.164615
1762668926.878882,-39442.479610,-44483.609498,-46501.968056,-69833.822548
1762668926.882882,-39490.167052,-44529.002160,-46520.277858,-69850.988686
1762668926.909196,-39546.240121,-44578.213245,-46546.980739,-69868.914783
1762668926.913196,-39532.888681,-44570.963830,-46545.453370,-69864.340127
1762668926.909196,-39458.502084,-44501.919299,-46514.555812,-69838.017225
1762668926.913196,-39454.307407,-44495.053589,-46509.597450,-69838.397205
1762668926.917196,-39500.847459,-44533.580542,-46523.712575,-69853.655994
1762668926.921196,-39555.016905,-44582.791626,-46545.073390,-69869.682193
1762668926.925196,-39545.860142,-44575.542212,-46544.693410,-69865.100086
1762668926.929196,-39489.019662,-44532.056898,-46524.856240,-69848.701358
1762668926.933196,-39476.051927,-44517.558068,-46520.657837,-69844.506681
1762668926.937196,-39511.527866,-44538.922608,-46528.287232,-69850.608706
1762668926.909196,-39563.406259,-44579.356909,-46544.693410,-69864.340127
1762668926.913196,-39564.169943,-44595.759362,-46550.031751,-69867.394865
1762668926.929512,-39489.403367,-44523.280114,-46520.657837,-69841.451943
1762668926.933512,-39463.464171,-44495.053589,-46508.833766,-69834.202528
1762668926.929512,-39517.249912,-44543.500990,-46525.999904,-69853.276014
1762668926.933512,-39563.026279,-44580.120593,-46542.022377,-69867.007434
1762668926.939620,-39537.087083,-44564.098120,-46535.916626,-69857.470691
1762668926.943620,-39464.224130,-44499.248266,-46512.268484,-69835.349917
1762668926.939620,-39460.029453,-44501.539320,-46510.361135,-69839.924574
1762668926.943620,-39494.361728,-44528.242201,-46524.092555,-69852.516055
1762668926.959862,-39538.230747,-44571.727514,-46538.587660,-69864.720106
1762668926.963862,-39530.221373,-44562.574476,-46534.772962,-69856.330752
1762668926.973032,-39489.019662,-44524.427503,-46519.514173,-69842.979312
1762668926.977031,-39466.131479,-44500.775635,-46506.162733,-69838.784635
1762668926.973032,-39502.371103,-44529.002160,-46519.134194,-69850.228727
1762668926.977031,-39548.531175,-44578.213245,-46542.022377,-69866.247475
1762668927.000319,-39533.272386,-44575.162232,-46538.207680,-69860.525429
1762668927.004319,-39453.927428,-44511.076063,-46510.741115,-69839.164615
1762668927.000319,-39452.016354,-44491.618872,-46503.875405,-69836.489856
1762668927.004319,-39506.949484,-44540.446252,-46524.856240,-69851.748645
1762668927.000319,-39557.304233,-44590.421021,-46548.124403,-69867.774844
1762668927.004319,-39547.767490,-44583.171606,-46545.837075,-69865.100086
1762668927.000319,-39475.288242,-44512.599707,-46518.370509,-69840.691984
1762668927.004319,-39472.617209,-44515.270740,-46515.319496,-69840.304554
1762668927.020584,-39513.815194,-44545.408338,-46527.143568,-69851.748645
1762668927.024584,-39551.962167,-44580.884278,-46539.351344,-69863.580167
1762668927.020584,-39530.981332,-44565.625489,-46529.814601,-69852.896035
1762668927.024584,-39477.195591,-44526.714832,-46517.226845,-69839.924574
1762668927.030702,-39452.400059,-44499.248266,-46505.782753,-69832.675159
1762668927.034702,-39491.690695,-44528.242201,-46518.750489,-69847.173989
1762668927.030702,-39537.467062,-44570.963830,-46533.629298,-69862.812757
1762668927.034702,-39526.022971,-44567.912817,-46529.814601,-69857.470691
1762668927.050961,-39454.307407,-44505.733997,-46509.597450,-69841.071963
1762668927.054961,-39434.090257,-44475.216419,-46494.338661,-69835.729897
1762668927.050961,-39477.575570,-44519.849122,-46512.648463,-69848.701358
1762668927.054961,-39524.115622,-44570.203871,-46533.249319,-69862.432778
1762668927.061072,-39511.907846,-44558.376074,-46522.565186,-69856.330752
1762668927.065072,-39434.850216,-44492.382556,-46498.153359,-69835.349917
1762668927.081293,-39433.706552,-44495.433569,-46496.625990,-69838.397205
1762668927.085293,-39481.773973,-44527.478516,-46508.453786,-69849.461317
1762668927.081293,-39524.499327,-44569.056481,-46525.236219,-69861.672819
1762668927.085293,-39500.847459,-44562.954456,-46521.805227,-69855.183363
1762668927.101486,-39447.441697,-44515.270740,-46504.255384,-69839.544594
1762668927.105486,-39437.141269,-44495.433569,-46498.153359,-69836.489856
1762668927.101486,-39476.051927,-44525.187463,-46507.690102,-69843.739271
1762668927.105486,-39534.796029,-44578.593224,-46530.958265,-69861.285388
1762668927.111597,-39534.036070,-44586.606324,-46540.878713,-69863.960147
1762668927.115597,-39469.186217,-44529.385865,-46514.935791,-69844.886661
1762668927.111597,-39450.109005,-44499.631971,-46504.639089,-69838.397205
1762668927.115597,-39501.611143,-44546.552002,-46522.565186,-69854.423404
1762668927.121707,-39545.480162,-44591.184705,-46542.022377,-69870.442152
1762668927.125707,-39532.128721,-44578.593224,-46541.638672,-69864.720106
1762668927.121707,-39464.987814,-44504.970312,-46511.121094,-69836.109877
1762668927.125707,-39448.965341,-44500.391930,-46508.833766,-69835.349917
1762668927.142014,-39483.297616,-44522.520155,-46515.319496,-69847.553968
1762668927.146014,-39535.559714,-44564.861804,-46533.629298,-69858.998060
1762668927.152109,-39515.722543,-44558.759779,-46535.916626,-69854.803383
1762668927.156109,-39447.821677,-44508.021325,-46511.884779,-69836.109877
1762668927.160109,-39427.220821,-44485.516846,-46498.533338,-69831.155241
1762668927.164109,-39469.186217,-44513.363391,-46510.361135,-69841.071963
1762668927.152109,-39506.949484,-44557.612389,-46523.712575,-69854.423404
1762668927.156109,-39490.167052,-44562.574476,-46523.328871,-69850.988686
1762668927.162267,-39427.604526,-44498.484582,-46500.440687,-69829.627872
1762668927.166267,-39425.697178,-44475.596398,-46495.482326,-69825.813174
1762668927.172354,-39477.195591,-44526.334852,-46513.412148,-69840.691984
1762668927.176354,-39513.435215,-44563.718140,-46525.619924,-69850.608706
1762668927.192565,-39506.569505,-44553.797692,-46522.185206,-69845.646620
1762668927.196565,-39435.997605,-44496.960938,-46499.677002,-69825.045764
1762668927.192565,-39458.885789,-44503.446668,-46502.731740,-69828.100502
1762668927.196565,-39497.032762,-44529.002160,-46514.175832,-69836.489856
1762668927.202695,-39541.281760,-44567.149132,-46525.999904,-69846.026599
1762668927.206695,-39524.499327,-44562.954456,-46526.763588,-69845.266640
1762668927.212805,-39463.844150,-44512.983412,-46511.121094,-69832.675159
1762668927.216805,-39444.770664,-44487.040490,-46498.533338,-69821.998477
1762668927.212805,-39476.431906,-44514.507055,-46504.255384,-69822.758436
1762668927.216805,-39522.591978,-44559.519738,-46524.472535,-69839.924574
1762668927.222892,-39508.476853,-44554.945081,-46525.236219,-69840.304554
1762668927.226892,-39435.233921,-44490.855187,-46504.255384,-69820.851088
1762668927.222892,-39415.776730,-44464.536011,-46494.718641,-69812.461734
1762668927.226892,-39464.224130,-44512.599707,-46508.453786,-69826.953113
1762668927.243100,-39505.042136,-44551.510364,-46526.379883,-69838.017225
1762668927.247100,-39494.741708,-44539.302588,-46524.856240,-69834.202528
1762668927.243100,-39426.840842,-44480.938464,-46500.440687,-69816.656411
1762668927.247100,-39424.169809,-44482.845813,-46499.677002,-69820.471108
1762668927.253272,-39451.256394,-44508.785009,-46506.546438,-69828.480482
1762668927.257272,-39503.134787,-44551.890343,-46520.277858,-69842.211902
1762668927.253272,-39499.703795,-44543.880969,-46522.948891,-69838.784635
1762668927.257272,-39448.585361,-44502.682984,-46506.546438,-69824.665785
1762668927.283604,-39423.406124,-44482.082129,-46497.009695,-69819.323719
1762668927.287604,-39461.556822,-44503.062963,-46503.875405,-69825.433195
1762668927.283604,-39511.147887,-44551.510364,-46520.277858,-69836.489856
1762668927.287604,-39503.518492,-44554.181397,-46523.712575,-69833.822548
1762668927.291604,-39437.141269,-44492.002577,-46501.204371,-69813.601673
1762668927.295604,-39420.355111,-44469.874352,-46484.801918,-69808.647037
1762668927.293706,-39472.237229,-44522.900134,-46506.162733,-69830.007851
1762668927.297706,-39521.828294,-44559.519738,-46525.619924,-69840.304554
1762668927.303803,-39503.518492,-44545.788318,-46521.805227,-69831.155241
1762668927.307803,-39436.757565,-44484.373182,-46499.297023,-69808.267057
1762668927.313985,-39435.997605,-44488.947839,-46500.060707,-69809.786975
1762668927.317985,-39465.751499,-44510.312378,-46506.162733,-69820.091128
1762668927.313985,-39506.569505,-44544.260949,-46520.277858,-69831.155241
1762668927.317985,-39495.505393,-44540.446252,-46518.370509,-69829.247892
1762668927.334231,-39425.697178,-44489.331543,-46499.297023,-69812.461734
1762668927.338231,-39409.294724,-44470.258057,-46489.380300,-69811.694324
1762668927.334231,-39449.349046,-44491.238892,-46498.533338,-69820.471108
1762668927.338231,-39490.927011,-44535.871595,-46513.412148,-69831.535220
1762668927.344391,-39466.895163,-44529.765844,-46513.028443,-69823.525846
1762668927.348391,-39406.623691,-44473.309070,-46496.246010,-69803.684950
1762668927.344391,-39402.808994,-44454.999268,-46494.718641,-69802.924991
1762668927.348391,-39460.029453,-44511.076063,-46519.514173,-69820.091128
1762668927.364619,-39507.713169,-44551.510364,-46538.587660,-69832.295179
1762668927.368619,-39506.569505,-44540.066272,-46528.287232,-69827.340543
1762668927.364619,-39437.521249,-44479.794800,-46508.070081,-69807.499647
1762668927.368619,-39435.613900,-44482.082129,-46508.070081,-69810.554385
1762668927.384833,-39468.802512,-44510.692358,-46519.514173,-69821.231067
1762668927.388833,-39511.907846,-44547.695667,-46531.721950,-69831.915200
1762668927.394957,-39506.949484,-44549.223036,-46531.341970,-69829.627872
1762668927.398957,-39450.492710,-44506.877661,-46513.028443,-69813.601673
1762668927.402957,-39427.604526,-44476.743788,-46497.389674,-69805.212319
1762668927.406957,-39468.422532,-44505.733997,-46510.361135,-69817.803800
1762668927.394957,-39522.971958,-44565.625489,-46532.101929,-69838.397205
1762668927.398957,-39508.856833,-44561.047107,-46532.485634,-69835.349917
1762668927.405095,-39434.090257,-44499.248266,-46506.162733,-69812.461734
1762668927.409095,-39411.582053,-44469.874352,-46493.574977,-69802.157581
1762668927.405095,-39460.029453,-44514.890760,-46511.504799,-69817.036390
1762668927.409095,-39513.815194,-44544.260949,-46528.287232,-69824.285805
1762668927.425269,-39492.834359,-44533.580542,-46521.805227,-69818.563759
1762668927.429269,-39421.882480,-44475.980103,-46499.297023,-69797.582924
1762668927.435426,-39421.118796,-44479.794800,-46498.153359,-69797.582924
1762668927.439426,-39458.885789,-44498.868287,-46509.977430,-69804.452360
1762668927.435426,-39503.898472,-44532.816857,-46526.379883,-69815.896451
1762668927.439426,-39496.649057,-44528.622180,-46524.856240,-69811.314344
1762668927.455623,-39427.604526,-44479.031116,-46505.782753,-69793.768227
1762668927.459623,-39411.962032,-44459.957629,-46493.194997,-69790.713489
1762668927.455623,-39458.122104,-44488.187879,-46500.824392,-69799.110293
1762668927.459623,-39512.291551,-44540.446252,-46524.092555,-69814.749062
1762668927.475904,-39500.083774,-44535.487890,-46519.897878,-69811.314344
1762668927.479903,-39430.275559,-44476.743788,-46494.718641,-69791.100919
1762668927.486002,-39407.767355,-44451.948255,-46481.747180,-69783.851504
1762668927.490002,-39471.853524,-44504.970312,-46501.968056,-69805.212319
1762668927.494002,-39518.777281,-44544.260949,-46515.699476,-69814.369082
1762668927.498002,-39497.412741,-44533.964247,-46512.268484,-69804.452360
1762668927.486002,-39433.706552,-44475.980103,-46487.089247,-69781.944156
1762668927.490002,-39435.613900,-44480.174780,-46489.760280,-69783.471525
1762668927.496162,-39473.760873,-44506.497681,-46503.491700,-69796.055555
1762668927.500162,-39510.764182,-44537.778944,-46517.990530,-69807.879627
1762668927.496162,-39499.703795,-44536.251575,-46513.412148,-69803.684950
1762668927.500162,-39447.821677,-44500.391930,-46496.246010,-69793.388247
1762668927.516414,-39427.220821,-44474.072754,-46488.616616,-69789.573550
1762668927.520414,-39455.834776,-44493.526220,-46495.482326,-69798.730314
1762668927.516414,-39508.093148,-44545.024633,-46517.990530,-69817.803800
1762668927.520414,-39498.556405,-44540.446252,-46518.370509,-69814.749062
1762668927.526587,-39423.406124,-44476.743788,-46495.482326,-69791.100919
1762668927.530587,-39400.517941,-44447.749853,-46480.223536,-69783.084095
1762668927.526587,-39455.834776,-44495.053589,-46501.204371,-69798.342884
1762668927.530587,-39493.981749,-44528.622180,-46515.699476,-69808.267057
1762668927.546799,-39485.204965,-44517.941773,-46514.555812,-69804.832339
1762668927.550799,-39421.882480,-44458.430260,-46490.903944,-69782.704115
1762668927.567028,-39421.118796,-44462.628663,-46490.903944,-69786.138833
1762668927.571028,-39452.780038,-44489.331543,-46500.060707,-69793.388247
1762668927.574129,-39495.125413,-44528.622180,-46512.268484,-69807.879627
1762668927.578129,-39481.773973,-44525.951147,-46507.306397,-69805.212319
1762668927.582129,-39420.355111,-44477.503747,-46489.380300,-69788.806140
1762668927.586129,-39403.188974,-44458.813965,-46479.459852,-69779.656827
1762668927.577223,-39444.770664,-44485.896826,-46490.523964,-69789.573550
1762668927.581223,-39508.476853,-44546.168298,-46513.792127,-69811.314344
1762668927.587323,-39503.134787,-44549.603015,-46518.750489,-69811.694324
1762668927.591323,-39437.904954,-44492.762536,-46500.440687,-69794.915617
1762668927.587323,-39416.160434,-44467.587024,-46489.760280,-69786.518812
1762668927.591323,-39464.607835,-44519.849122,-46504.639089,-69804.452360
1762668927.597638,-39509.240538,-44556.468725,-46516.843140,-69814.749062
1762668927.601638,-39489.783347,-44539.302588,-46515.319496,-69806.739688
1762668927.607761,-39415.016770,-44473.689049,-46492.047608,-69783.851504
1762668927.611761,-39405.480027,-44471.401721,-46491.287649,-69785.378873
1762668927.617909,-39442.863315,-44490.475208,-46500.824392,-69791.480899
1762668927.621909,-39476.431906,-44518.705457,-46512.268484,-69800.637662
1762668927.628000,-39463.844150,-44514.890760,-46509.977430,-69797.582924
1762668927.632000,-39402.045310,-44466.443360,-46489.760280,-69777.362049
1762668927.636001,-39383.735508,-44441.264123,-46478.696167,-69770.880044
1762668927.640001,-39424.169809,-44465.299696,-46491.287649,-69780.416787
1762668927.628000,-39481.010288,-44520.229101,-46510.741115,-69797.202945
1762668927.632000,-39464.224130,-44518.705457,-46511.884779,-69793.388247
1762668927.658346,-39398.610592,-44459.957629,-46488.616616,-69772.787392
1762668927.662346,-39388.313890,-44433.634728,-46476.025134,-69766.685367
1762668927.658346,-39435.233921,-44479.411095,-46494.338661,-69782.704115
1762668927.662346,-39489.403367,-44522.520155,-46509.977430,-69794.915617
1762668927.658346,-39468.802512,-44514.507055,-46508.453786,-69787.286222
1762668927.662346,-39407.767355,-44455.379248,-46480.987221,-69762.870669
1762668927.678626,-39403.952658,-44459.577650,-46476.408839,-69766.685367
1762668927.682626,-39445.150644,-44489.331543,-46486.709267,-69781.564176
1762668927.678626,-39493.598044,-44532.436877,-46507.306397,-69797.582924
1762668927.682626,-39484.824985,-44528.622180,-46505.782753,-69794.915617
1762668927.688726,-39420.738816,-44479.031116,-46486.325562,-69777.749479
1762668927.692726,-39403.952658,-44460.721314,-46476.025134,-69773.167372
1762668927.688726,-39435.233921,-44481.318444,-46484.418213,-69779.656827
1762668927.692726,-39476.815611,-44533.964247,-46502.348036,-69796.822965
1762668927.720117,-39457.358420,-44523.280114,-46501.968056,-69793.768227
1762668927.724117,-39389.837533,-44456.142932,-46472.974122,-69770.120084
1762668927.727145,-39365.042001,-44427.912682,-46458.479017,-69761.343300
1762668927.731145,-39411.202073,-44474.836439,-46473.357826,-69777.749479
1762668927.735145,-39462.700486,-44512.219727,-46488.232911,-69790.333509
1762668927.739145,-39439.812303,-44495.817274,-46488.996595,-69783.084095
1762668927.728269,-39371.527731,-44435.925782,-46464.581043,-69762.490690
1762668927.732269,-39373.435080,-44442.027807,-46464.964747,-69765.917957
1762668927.739036,-39413.869381,-44466.059655,-46481.367201,-69773.167372
1762668927.743036,-39467.658848,-44501.919299,-46499.297023,-69783.084095
1762668927.739036,-39456.978440,-44501.919299,-46495.862305,-69777.362049
1762668927.743036,-39397.086948,-44459.193945,-46475.265175,-69759.435952
1762668927.759340,-39378.777146,-44437.069446,-46464.964747,-69756.381214
1762668927.763340,-39416.540414,-44465.299696,-46474.117786,-69767.445326
1762668927.769513,-39477.959275,-44529.002160,-46499.677002,-69788.806140
1762668927.773513,-39467.658848,-44524.043798,-46499.297023,-69783.851504
1762668927.777513,-39397.850633,-44462.628663,-46475.265175,-69760.963321
1762668927.781513,-39378.393441,-44437.449425,-46465.344727,-69755.621254
1762668927.769513,-39443.627000,-44496.197253,-46486.709267,-69773.547351
1762668927.773513,-39497.412741,-44540.066272,-46500.824392,-69785.758853
1762668927.779686,-39474.908262,-44529.765844,-46491.667628,-69779.269397
1762668927.783686,-39402.045310,-44467.587024,-46468.395740,-69761.343300
1762668927.799914,-39401.281625,-44466.823339,-46467.252076,-69765.157998
1762668927.803914,-39431.419224,-44486.660510,-46474.881470,-69773.547351
1762668927.799914,-39465.371519,-44517.178088,-46485.565603,-69781.944156
1762668927.803914,-39437.521249,-44504.590333,-46478.696167,-69775.454700
1762668927.810401,-39374.578744,-44446.986169,-46457.335353,-69754.861295
1762668927.814401,-39353.217930,-44417.995960,-46447.798610,-69749.139249
1762668927.810401,-39388.693869,-44442.791492,-46454.664320,-69756.768644
1762668927.814401,-39450.872689,-44507.261366,-46480.987221,-69777.749479
1762668927.830660,-39438.664913,-44498.868287,-46479.839832,-69775.842130
1762668927.834660,-39368.856698,-44434.018433,-46451.613307,-69754.473865
1762668927.830660,-39353.597909,-44408.079237,-46440.169215,-69746.844471
1762668927.834660,-39408.147335,-44459.577650,-46457.335353,-69762.490690
1762668927.850894,-39453.927428,-44500.011951,-46473.737806,-69773.547351
1762668927.854894,-39435.613900,-44488.567859,-46471.066773,-69769.732654
1762668927.850894,-39366.949350,-44430.583715,-46447.414905,-69750.659168
1762668927.854894,-39370.384067,-44435.162097,-46450.469643,-69754.861295
1762668927.861015,-39415.396750,-44462.628663,-46467.252076,-69761.723280
1762668927.865015,-39461.173117,-44501.539320,-46483.274549,-69773.167372
1762668927.861015,-39450.872689,-44500.011951,-46482.894570,-69775.454700
1762668927.865015,-39392.888546,-44454.999268,-46466.488391,-69760.963321
1762668927.874281,-39378.013462,-44437.069446,-46457.715333,-69755.621254
1762668927.878281,-39411.962032,-44460.337609,-46465.728432,-69761.343300
1762668927.874281,-39464.987814,-44512.599707,-46487.852931,-69774.694741
1762668927.878281,-39449.349046,-44502.299279,-46488.232911,-69768.972695
1762668927.891399,-39376.869798,-44436.689466,-46464.964747,-69746.084511
1762668927.895399,-39352.454245,-44408.459216,-46451.993287,-69734.640419
1762668927.901531,-39400.137961,-44459.577650,-46463.437378,-69749.899209
1762668927.905531,-39426.840842,-44488.947839,-46471.830457,-69758.288562
1762668927.901531,-39403.572679,-44471.401721,-46463.437378,-69751.806557
1762668927.905531,-39342.917502,-44419.139624,-46442.456543,-69735.787809
1762668927.921789,-39335.668087,-44409.986585,-46438.261867,-69732.733071
1762668927.925789,-39381.828159,-44438.976794,-46451.613307,-69742.269814
1762668927.921789,-39432.182908,-44479.031116,-46468.395740,-69755.621254
1762668927.925789,-39424.553514,-44480.558485,-46469.543129,-69752.566516
1762668927.942047,-39360.463619,-44427.912682,-46447.798610,-69735.400379
1762668927.946047,-39341.773838,-44408.459216,-46435.210854,-69728.158414
1762668927.952138,-39371.907711,-44429.060072,-46442.840248,-69736.547768
1762668927.956138,-39434.090257,-44486.280531,-46463.821083,-69757.148623
1762668927.960138,-39416.160434,-44475.216419,-46462.293714,-69751.046598
1762668927.964138,-39342.153817,-44414.944947,-46438.641846,-69727.011025
1762668927.952138,-39337.575436,-44394.727796,-46434.063464,-69720.141590
1762668927.956138,-39405.096322,-44452.328235,-46456.191689,-69742.649794
1762668927.962262,-39454.307407,-44492.382556,-46468.779445,-69756.768644
1762668927.966262,-39434.850216,-44481.318444,-46465.344727,-69751.806557
1762668927.962262,-39363.518357,-44421.430677,-46442.456543,-69730.065763
1762668927.966262,-39360.847324,-44424.097985,-46443.600208,-69732.733071
1762668927.974481,-39396.323264,-44453.471899,-46451.613307,-69743.029773
1762668927.978481,-39434.850216,-44482.465833,-46461.530030,-69750.279188
1762668927.982519,-39417.304099,-44476.360083,-46461.530030,-69743.417203
1762668927.986519,-39350.166917,-44424.481690,-46443.220228,-69726.251066
1762668927.992625,-39330.329746,-44398.922473,-46430.248767,-69717.094302
1762668927.996625,-39355.125278,-44414.561242,-46436.354518,-69724.723697
1762668927.992625,-39408.531040,-44470.258057,-46461.913735,-69746.464491
1762668927.996625,-39385.259151,-44458.430260,-46461.913735,-69741.122425
1762668928.002772,-39314.307272,-44393.964112,-46431.012452,-69716.714323
1762668928.006772,-39304.770529,-44367.641211,-46417.661011,-69708.317518
1762668928.033117,-39369.620383,-44420.283288,-46438.261867,-69727.011025
1762668928.037117,-39412.725717,-44458.430260,-46452.376992,-69736.927748
1762668928.033117,-39395.943284,-44446.226209,-46443.983912,-69727.391005
1762668928.037117,-39335.668087,-44389.385730,-46421.475708,-69707.177579
1762668928.041117,-39324.987680,-44382.136315,-46416.517347,-69706.030190
1762668928.045117,-39373.815060,-44413.037598,-46429.105103,-69719.001651
1762668928.033117,-39412.345737,-44445.078820,-46441.312879,-69728.158414
1762668928.037117,-39415.776730,-44455.762953,-46447.414905,-69727.391005
1762668928.053718,-39355.505258,-44413.037598,-46431.396157,-69713.659585
1762668928.057718,-39341.390133,-44393.200427,-46420.712024,-69707.937539
1762668928.053718,-39382.971823,-44419.903308,-46429.105103,-69717.474282
1762668928.057718,-39442.099631,-44485.896826,-46456.191689,-69738.075137
1762668928.063753,-39426.460862,-44482.465833,-46451.993287,-69731.973112
1762668928.067753,-39359.319955,-44422.954321,-46427.581459,-69715.946913
1762668928.063753,-39342.537522,-44402.737170,-46418.804675,-69711.752236
1762668928.067753,-39396.323264,-44455.762953,-46439.405531,-69728.918374
1762668928.083937,-39442.099631,-44488.947839,-46451.229602,-69736.167789
1762668928.087937,-39416.540414,-44472.929090,-46448.942274,-69727.011025
1762668928.083937,-39345.968515,-44413.417578,-46426.817775,-69709.084928
1762668928.087937,-39328.038692,-44401.973486,-46419.188380,-69709.464908
1762668928.094114,-39358.556271,-44422.954321,-46427.197754,-69717.094302
1762668928.098114,-39400.517941,-44454.235584,-46443.220228,-69726.631045
1762668928.094114,-39390.981197,-44450.040907,-46442.840248,-69722.816348
1762668928.098114,-39333.380759,-44401.973486,-46424.146742,-69708.697498
1762668928.114336,-39317.741990,-44379.469007,-46415.753663,-69701.455534
1762668928.118336,-39350.926876,-44400.066137,-46424.526721,-69708.697498
1762668928.114336,-39417.304099,-44459.577650,-46448.942274,-69727.770984
1762668928.118336,-39397.850633,-44453.471899,-46448.562294,-69722.816348
1762668928.134574,-39324.987680,-44394.727796,-46423.383057,-69700.688124
1762668928.138574,-39317.741990,-44369.932264,-46413.466334,-69692.298770
1762668928.144733,-39373.055100,-44422.954321,-46432.156116,-69710.992277
1762668928.148733,-39417.304099,-44466.823339,-46448.942274,-69728.158414
1762668928.144733,-39403.188974,-44456.906617,-46442.840248,-69724.723697
1762668928.148733,-39341.773838,-44403.117150,-46417.661011,-69705.650210
1762668928.154893,-39339.102805,-44404.264539,-46414.230019,-69707.557559
1762668928.158893,-39378.777146,-44440.504164,-46427.581459,-69721.668959
1762668928.154893,-39418.831468,-44475.216419,-46439.405531,-69730.065763
1762668928.158893,-39407.767355,-44475.216419,-46443.983912,-69728.918374
1762668928.174571,-39343.681186,-44428.676367,-46426.054090,-69717.854261
1762668928.178571,-39334.524423,-44412.653893,-46420.332044,-69715.186954
1762668928.174571,-39367.333055,-44432.874769,-46423.383057,-69717.854261
1762668928.178571,-39422.646165,-44493.146241,-46443.220228,-69733.493030
1762668928.184710,-39396.703243,-44475.596398,-46439.025551,-69730.065763
1762668928.188709,-39321.172982,-44410.746545,-46413.082629,-69709.464908
1762668928.184710,-39303.243160,-44388.622046,-46404.693276,-69702.975452
1762668928.188709,-39356.648922,-44439.356774,-46425.674111,-69722.436368
1762668928.204941,-39395.179600,-44472.165406,-46443.983912,-69733.880460
1762668928.208941,-39377.629757,-44456.906617,-46443.220228,-69726.251066
1762668928.204941,-39314.687252,-44401.593506,-46419.952065,-69704.502821
1762668928.208941,-39310.492575,-44398.158789,-46418.044716,-69706.410170
1762668928.225234,-39352.834225,-44426.389039,-46431.396157,-69714.806974
1762668928.229234,-39398.230612,-44460.721314,-46445.507556,-69723.956287
1762668928.235339,-39390.601218,-44460.721314,-46446.271241,-69721.288979
1762668928.239339,-39328.038692,-44408.839196,-46425.290406,-69706.030190
1762668928.243339,-39312.019944,-44390.149415,-46414.989978,-69703.362882
1762668928.247339,-39349.783212,-44412.273914,-46424.910426,-69709.464908
1762668928.235339,-39403.952658,-44476.360083,-46446.271241,-69728.158414
1762668928.239339,-39379.920810,-44466.823339,-46439.025551,-69718.621671
1762668928.245531,-39313.927293,-44404.264539,-46418.424696,-69698.780775
1762668928.249531,-39305.914193,-44390.913099,-46409.651637,-69698.020816
1762668928.275888,-39371.147752,-44450.420886,-46425.674111,-69717.854261
1762668928.279888,-39414.633065,-44489.711523,-46442.076564,-69729.298353
1762668928.275888,-39398.610592,-44475.216419,-46438.261867,-69720.908999
1762668928.279888,-39327.658713,-44419.903308,-46414.230019,-69700.308144
1762668928.275888,-39312.399924,-44406.551868,-46404.693276,-69696.873426
1762668928.279888,-39357.032627,-44434.398413,-46415.753663,-69705.650210
1762668928.296067,-39392.128587,-44466.823339,-46432.156116,-69715.186954
1762668928.300067,-39368.856698,-44462.244958,-46427.961439,-69712.132215
1762668928.304067,-39312.399924,-44407.315552,-46407.744288,-69694.966078
1762668928.308067,-39296.377450,-44385.191053,-46397.443861,-69689.244032
1762668928.296067,-39341.390133,-44414.944947,-46402.402222,-69697.640836
1762668928.300067,-39392.508566,-44468.350708,-46431.396157,-69718.234241
1762668928.316542,-39367.333055,-44451.184571,-46431.012452,-69710.604846
1762668928.320542,-39307.821542,-44393.200427,-46411.175281,-69686.576724
1762668928.316542,-39289.511740,-44369.932264,-46400.494874,-69677.799940
1762668928.320542,-39343.681186,-44421.046972,-46418.804675,-69692.678750
1762668928.326649,-39386.022836,-44451.948255,-46435.970813,-69705.650210
1762668928.330649,-39370.000362,-44437.833130,-46435.210854,-69699.548185
1762668928.326649,-39302.863181,-44385.571033,-46413.466334,-69682.382047
1762668928.330649,-39293.326437,-44379.848987,-46410.031617,-69684.289396
1762668928.336819,-39342.917502,-44416.088611,-46420.332044,-69696.493447
1762668928.340819,-39392.888546,-44458.430260,-46432.156116,-69712.899625
1762668928.336819,-39389.073849,-44464.152306,-46433.303505,-69714.039564
1762668928.340819,-39326.515049,-44413.417578,-46413.082629,-69697.253406
1762668928.356988,-39314.687252,-44395.487756,-46400.494874,-69691.151381
1762668928.360988,-39342.537522,-44422.954321,-46410.031617,-69699.160755
1762668928.367121,-39399.757981,-44489.331543,-46432.919800,-69720.529020
1762668928.371121,-39382.591844,-44479.411095,-46428.341419,-69716.714323
1762668928.367121,-39309.348911,-44417.995960,-46399.731189,-69694.206119
1762668928.371121,-39287.984371,-44395.107776,-46391.341835,-69687.336683
1762668928.377287,-39335.288107,-44438.976794,-46408.507973,-69699.928164
1762668928.381287,-39376.869798,-44468.350708,-46426.434070,-69710.224867
1762668928.387369,-39356.648922,-44448.133558,-46420.712024,-69702.595472
1762668928.391369,-39289.511740,-44386.334717,-46396.300197,-69680.474699
1762668928.407593,-39285.317063,-44371.839613,-46393.249184,-69678.947330
1762668928.411593,-39323.080331,-44398.922473,-46403.929591,-69687.336683
1762668928.407593,-39365.042001,-44434.782118,-46419.568360,-69697.640836
1762668928.411593,-39363.898337,-44438.213110,-46422.619373,-69693.058729
1762668928.415594,-39298.668504,-44388.622046,-46405.073255,-69677.039981
1762668928.419594,-39293.706417,-44371.455908,-46395.916492,-69677.419960
1762668928.417699,-39339.102805,-44398.922473,-46404.309571,-69687.716663
1762668928.421699,-39397.086948,-44463.008642,-46433.683485,-69702.975452
1762668928.427905,-39375.342429,-44447.369874,-46430.248767,-69697.640836
1762668928.431905,-39303.243160,-44384.807348,-46408.124268,-69680.854678
1762668928.427905,-39296.377450,-44374.890625,-46398.207545,-69677.799940
1762668928.431905,-39358.556271,-44427.912682,-46415.373683,-69696.873426
1762668928.438030,-39395.559579,-44465.679675,-46428.341419,-69706.030190
1762668928.442030,-39365.805686,-44448.513538,-46416.897327,-69694.586098
1762668928.438030,-39307.821542,-44400.449842,-46402.022243,-69680.854678
1762668928.442030,-39312.019944,-44408.839196,-46408.124268,-69688.864052
1762668928.458257,-39351.690561,-44442.027807,-46423.003078,-69699.928164
1762668928.462257,-39400.517941,-44482.845813,-46444.363892,-69714.419544
1762668928.475075,-39391.364902,-44485.516846,-46446.654946,-69713.279605
1762668928.479075,-39318.121970,-44426.389039,-46425.674111,-69689.624012
1762668928.483075,-39300.575852,-44397.015125,-46411.558986,-69680.087268
1762668928.487075,-39342.917502,-44419.139624,-46418.424696,-69691.531360
1762668928.475075,-39402.045310,-44479.411095,-46447.798610,-69715.566933
1762668928.479075,-39376.106113,-44459.957629,-46442.840248,-69707.937539
1762668928.488765,-39296.761155,-44389.765710,-46413.082629,-69682.762027
1762668928.492765,-39279.595017,-44365.733862,-46400.878578,-69675.132632
1762668928.508956,-39350.546896,-44425.245374,-46420.712024,-69701.835513
1762668928.512956,-39397.086948,-44467.207044,-46440.169215,-69719.381630
1762668928.508956,-39374.198765,-44450.800866,-46433.303505,-69707.557559
1762668928.512956,-39307.441562,-44395.107776,-46410.031617,-69685.429335
1762668928.519433,-39307.441562,-44387.478381,-46409.651637,-69686.576724
1762668928.523433,-39352.834225,-44424.861670,-46422.239393,-69700.688124
1762668928.519433,-39390.601218,-44458.813965,-46432.919800,-69710.992277
1762668928.523433,-39386.786520,-44467.587024,-46439.025551,-69714.039564
1762668928.529547,-39326.895028,-44422.190636,-46423.383057,-69701.068103
1762668928.533547,-39313.163608,-44404.644519,-46416.517347,-69696.493447
1762668928.529547,-39349.783212,-44426.769018,-46424.146742,-69702.975452
1762668928.533547,-39410.054684,-44496.197253,-46446.654946,-69721.668959
1762668928.549808,-39392.508566,-44482.465833,-46445.507556,-69715.946913
1762668928.553808,-39320.029318,-44416.088611,-46425.674111,-69693.058729
1762668928.559933,-39297.521114,-44399.302453,-46415.373683,-69690.011442
1762668928.563933,-39358.939976,-44452.708215,-46435.970813,-69710.604846
1762668928.559933,-39405.480027,-44486.660510,-46456.191689,-69719.381630
1762668928.563933,-39390.601218,-44472.165406,-46451.993287,-69712.512195
1762668928.559933,-39326.131344,-44417.995960,-46429.105103,-69695.346057
1762668928.563933,-39316.214621,-44404.264539,-46424.910426,-69692.678750
1762668928.580241,-39356.648922,-44430.203736,-46436.734498,-69699.928164
1762668928.584241,-39393.272251,-44457.670301,-46447.034925,-69705.270231
1762668928.580241,-39386.786520,-44462.244958,-46448.562294,-69701.068103
1762668928.584241,-39328.802377,-44414.944947,-46431.012452,-69687.336683
1762668928.600398,-39321.556687,-44400.829822,-46419.568360,-69690.011442
1762668928.604398,-39358.939976,-44426.769018,-46422.239393,-69698.400795
1762668928.610557,-39416.160434,-44491.618872,-46445.891261,-69719.381630
1762668928.614557,-39396.323264,-44484.373182,-46446.654946,-69716.714323
1762668928.618557,-39330.709726,-44422.954321,-46425.290406,-69696.873426
1762668928.622557,-39314.307272,-44410.366565,-46417.281032,-69693.438709
1762668928.620653,-39370.384067,-44458.430260,-46433.683485,-69714.419544
1762668928.624653,-39406.623691,-44487.424195,-46446.271241,-69724.723697
1762668928.620653,-39381.828159,-44473.689049,-46445.127577,-69717.854261
1762668928.624653,-39312.019944,-44419.523329,-46422.619373,-69701.068103
1762668928.640931,-39308.965206,-44408.079237,-46415.373683,-69695.346057
1762668928.644931,-39354.361594,-44434.782118,-46428.341419,-69704.882801
1762668928.651047,-39400.137961,-44470.258057,-46450.469643,-69715.186954
1762668928.655046,-39397.466928,-44478.267431,-46458.099037,-69713.279605
1762668928.659047,-39336.051792,-44423.338026,-46438.261867,-69692.298770
1762668928.663047,-39320.409298,-44409.986585,-46429.105103,-69688.484073
1762668928.651047,-39359.319955,-44433.634728,-46437.498182,-69698.400795
1762668928.655046,-39415.396750,-44498.484582,-46461.530030,-69722.436368
1762668928.671286,-39401.665330,-44483.225793,-46461.150050,-69716.326892
1762668928.675286,-39335.668087,-44422.954321,-46434.063464,-69693.438709
1762668928.671286,-39320.029318,-44403.880835,-46421.475708,-69689.244032
1762668928.675286,-39370.000362,-44452.708215,-46442.456543,-69705.650210
1762668928.691575,-39412.345737,-44490.095228,-46456.951648,-69718.234241
1762668928.695575,-39397.850633,-44475.596398,-46446.654946,-69713.279605
1762668928.701684,-39338.722825,-44422.574341,-46424.526721,-69698.780775
1762668928.705684,-39336.815476,-44419.523329,-46422.619373,-69699.928164
1762668928.709685,-39373.055100,-44445.842505,-46436.354518,-69708.317518
1762668928.713685,-39412.725717,-44477.887452,-46451.993287,-69715.186954
1762668928.701684,-39397.850633,-44479.794800,-46448.562294,-69714.039564
1762668928.705684,-39324.607700,-44415.708631,-46420.332044,-69694.966078
1762668928.711806,-39308.205247,-44389.765710,-46407.744288,-69685.049355
1762668928.715806,-39333.380759,-44405.024499,-46410.415322,-69687.336683
1762668928.733248,-39383.351803,-44466.823339,-46435.210854,-69706.410170
1762668928.737248,-39362.370968,-44451.184571,-46431.396157,-69699.928164
1762668928.741763,-39294.853806,-44391.293079,-46409.267932,-69680.854678
1762668928.745763,-39287.984371,-44380.992651,-46405.073255,-69679.707289
1762668928.741763,-39335.288107,-44420.666993,-46423.003078,-69694.966078
1762668928.745763,-39390.221238,-44461.864978,-46442.840248,-69707.177579
1762668928.751889,-39369.620383,-44450.040907,-46440.169215,-69698.400795
1762668928.755889,-39305.534214,-44408.079237,-46418.424696,-69685.429335
1762668928.759890,-39312.019944,-44404.644519,-46414.989978,-69690.011442
1762668928.763890,-39361.227304,-44438.596815,-46430.632472,-69700.688124
1762668928.762203,-39399.374276,-44474.836439,-46442.456543,-69708.697498
1762668928.766203,-39394.795895,-44481.318444,-46446.654946,-69708.697498
1762668928.782439,-39330.709726,-44431.347400,-46429.868788,-69694.586098
1762668928.786439,-39322.316647,-44417.995960,-46426.817775,-69693.438709
1762668928.782439,-39361.990988,-44444.318861,-46432.919800,-69704.122841
1762668928.786439,-39419.975132,-44503.062963,-46451.993287,-69725.483656
1762668928.790440,-39392.128587,-44483.609498,-46445.507556,-69715.946913
1762668928.794440,-39321.172982,-44419.139624,-46423.003078,-69690.771401
1762668928.792526,-39303.626865,-44395.871460,-46413.466334,-69687.336683
1762668928.796525,-39349.019527,-44436.689466,-46428.341419,-69702.975452
1762668928.803368,-39387.930185,-44463.392347,-46441.312879,-69710.224867
1762668928.807368,-39363.518357,-44445.462525,-46437.878162,-69701.835513
1762668928.809006,-39301.335812,-44393.580407,-46417.661011,-69685.049355
1762668928.813006,-39286.460727,-44379.469007,-46408.124268,-69681.234658
1762668928.820017,-39313.927293,-44398.158789,-46408.887953,-69681.614637
1762668928.824017,-39368.476719,-44440.120459,-46429.488808,-69696.113467
1762668928.820017,-39374.962449,-44458.430260,-46443.983912,-69706.790149
1762668928.824017,-39302.483201,-44398.542494,-46421.859413,-69686.196744
1762668928.837078,-39289.511740,-44377.941638,-46412.702650,-69677.419960
1762668928.841078,-39327.278733,-44409.222901,-46421.095729,-69687.716663
1762668928.847817,-39384.115487,-44472.929090,-46443.600208,-69711.752236
1762668928.851817,-39368.856698,-44457.286596,-46439.025551,-69703.362882
1762668928.847817,-39309.348911,-44402.737170,-46415.753663,-69682.382047
1762668928.851817,-39303.243160,-44398.922473,-46415.753663,-69681.614637
1762668928.864887,-39349.019527,-44443.171471,-46433.683485,-69702.595472
1762668928.868887,-39389.837533,-44487.424195,-46450.085938,-69716.326892
1762668928.864887,-39366.949350,-44467.967004,-46441.312879,-69708.317518
1762668928.868887,-39305.150509,-44414.944947,-46417.281032,-69685.809314
1762668928.881169,-39306.677878,-44405.024499,-46414.230019,-69685.049355
1762668928.885169,-39341.010153,-44427.152723,-46425.674111,-69694.586098
1762668928.881169,-39372.291416,-44453.471899,-46432.156116,-69701.068103
1762668928.885169,-39358.556271,-44451.184571,-46432.919800,-69695.733488
1762668928.896502,-39299.812168,-44388.242066,-46414.230019,-69673.225284
1762668928.900501,-39284.169674,-44366.877526,-46408.124268,-69668.643177
1762668928.897502,-39322.316647,-44394.727796,-46418.804675,-69679.327309
1762668928.901502,-39379.537106,-44455.379248,-46440.932900,-69696.873426
1762668928.912043,-39355.125278,-44440.504164,-46437.498182,-69690.391421
1762668928.916043,-39289.511740,-44377.177954,-46412.322670,-69670.170546
1762668928.914879,-39286.840707,-44364.210218,-46405.453235,-69669.790566
1762668928.918879,-39335.668087,-44419.139624,-46425.674111,-69690.771401
1762668928.919943,-39372.671396,-44457.286596,-46438.261867,-69702.975452
1762668928.923943,-39352.834225,-44443.935156,-46431.396157,-69696.113467
1762668928.940386,-39298.668504,-44399.302453,-46409.267932,-69679.707289
1762668928.944386,-39292.562753,-44397.015125,-46408.507973,-69680.854678
1762668928.948386,-39332.617074,-44430.583715,-46421.859413,-69692.678750
1762668928.952386,-39381.828159,-44470.258057,-46437.498182,-69703.742862
1762668928.940386,-39376.106113,-44485.133141,-46443.600208,-69706.410170
1762668928.944386,-39320.793003,-44430.967420,-46426.434070,-69689.624012
1762668928.950504,-39307.057858,-44412.653893,-46418.424696,-69686.576724
1762668928.954504,-39343.681186,-44438.976794,-46421.095729,-69695.733488
1762668928.973573,-39407.387376,-44498.484582,-46447.034925,-69715.946913
1762668928.977573,-39378.393441,-44474.072754,-46445.507556,-69704.502821
1762668928.981127,-39308.205247,-44408.459216,-46419.568360,-69679.327309
1762668928.985126,-39300.955832,-44391.673058,-46412.322670,-69677.419960
1762668928.989127,-39337.575436,-44422.954321,-46423.766762,-69689.244032
1762668928.993127,-39378.013462,-44456.522912,-46440.169215,-69697.640836
1762668928.981127,-39360.083640,-44439.740479,-46432.919800,-69688.484073
1762668928.985126,-39294.470102,-44392.820448,-46412.322670,-69669.030607
1762668929.000398,-39286.840707,-44384.043664,-46410.031617,-69666.735828
1762668929.004398,-39333.760738,-44414.561242,-46421.859413,-69682.382047
1762668929.000398,-39374.962449,-44446.986169,-46434.447169,-69691.151381
1762668929.004398,-39365.042001,-44451.948255,-46432.919800,-69690.391421
1762668929.020937,-39294.470102,-44392.056763,-46406.980604,-69670.937955
1762668929.024937,-39277.687669,-44372.599572,-46396.680176,-69664.448500
1762668929.020937,-39316.594601,-44400.829822,-46408.124268,-69674.752653
1762668929.024937,-39379.537106,-44468.730688,-46432.919800,-69699.160755
1762668929.031539,-39361.227304,-44455.379248,-46427.197754,-69694.586098
1762668929.035539,-39293.326437,-44397.015125,-46402.022243,-69673.225284
1762668929.033628,-39280.738682,-44383.283705,-46395.536512,-69669.790566
1762668929.037628,-39339.102805,-44430.583715,-46413.466334,-69687.336683
1762668929.047003,-39391.364902,-44473.309070,-46432.156116,-69698.400795
1762668929.051003,-39365.042001,-44454.615563,-46429.488808,-69689.624012
1762668929.047003,-39292.946458,-44401.593506,-46411.558986,-69670.937955
1762668929.051003,-39289.891720,-44393.200427,-46404.309571,-69665.975869
1762668929.067350,-39336.431772,-44423.718005,-46411.558986,-69675.132632
1762668929.071350,-39374.962449,-44452.708215,-46425.674111,-69686.956704
1762668929.077508,-39374.962449,-44457.286596,-46426.817775,-69687.336683
1762668929.081508,-39299.428463,-44393.580407,-46402.785927,-69666.735828
1762668929.085508,-39279.974997,-44373.746961,-46392.485499,-69661.401212
1762668929.089508,-39320.409298,-44404.644519,-46406.980604,-69669.410586
1762668929.087934,-39374.198765,-44465.299696,-46432.156116,-69691.151381
1762668929.091934,-39358.176291,-44445.842505,-46428.341419,-69683.901966
1762668929.087934,-39291.799068,-44380.612671,-46404.693276,-69658.726454
1762668929.091934,-39276.160300,-44360.395521,-46395.536512,-69649.569690
1762668929.098058,-39319.265634,-44399.302453,-46410.415322,-69662.541151
1762668929.102058,-39368.093014,-44443.935156,-46426.817775,-69675.892591
1762668929.108172,-39349.403232,-44428.676367,-46424.526721,-69668.643177
1762668929.112172,-39286.460727,-44381.756335,-46409.267932,-69654.911757
1762668929.118356,-39286.077023,-44375.654310,-46400.494874,-69657.199085
1762668929.122356,-39326.515049,-44406.931847,-46410.415322,-69666.735828
1762668929.118356,-39363.898337,-44437.833130,-46422.239393,-69674.365222
1762668929.122356,-39357.796311,-44444.318861,-46425.674111,-69675.132632
1762668929.128474,-39291.039109,-44386.714697,-46403.545886,-69659.106433
1762668929.132474,-39279.211313,-44375.654310,-46395.916492,-69656.819105
1762668929.128474,-39332.617074,-44406.931847,-46409.651637,-69667.123258
1762668929.132474,-39382.208139,-44461.101294,-46432.919800,-69685.429335
1762668929.158827,-39356.268942,-44442.791492,-46428.725123,-69675.132632
1762668929.162827,-39294.853806,-44383.663684,-46405.073255,-69656.059146
1762668929.158827,-39288.368076,-44376.034290,-46395.156533,-69652.244449
1762668929.162827,-39334.524423,-44427.532703,-46411.558986,-69668.643177
1762668929.158827,-39376.486093,-44458.813965,-46426.054090,-69683.901966
1762668929.162827,-39358.939976,-44441.264123,-46422.239393,-69678.567350
1762668929.158827,-39296.377450,-44394.727796,-46403.929591,-69662.161171
1762668929.162827,-39294.090122,-44385.191053,-46398.207545,-69661.013782
1762668929.179152,-39335.668087,-44412.653893,-46410.795301,-69668.643177
1762668929.183151,-39374.962449,-44445.462525,-46424.910426,-69675.892591
1762668929.179152,-39358.176291,-44445.078820,-46425.290406,-69672.457874
1762668929.183151,-39281.502366,-44379.469007,-46400.494874,-69649.957120
1762668929.189269,-39279.974997,-44361.155480,-46393.249184,-69644.235075
1762668929.193269,-39313.543588,-44388.622046,-46402.402222,-69652.244449
1762668929.209069,-39363.518357,-44448.513538,-46426.434070,-69667.123258
1762668929.213069,-39351.690561,-44433.634728,-46425.290406,-69659.106433
1762668929.209069,-39293.326437,-44370.312244,-46402.785927,-69640.420377
1762668929.213069,-39292.562753,-44356.960803,-46397.443861,-69638.893008
1762668929.227026,-39334.524423,-44394.727796,-46412.702650,-69649.957120
1762668929.231026,-39375.342429,-44435.542077,-46427.961439,-69663.308561
1762668929.228026,-39357.032627,-44418.375939,-46423.766762,-69656.819105
1762668929.232026,-39299.428463,-44371.839613,-46403.165907,-69643.087685
1762668929.241411,-39291.799068,-44363.446534,-46397.443861,-69641.940296
1762668929.245411,-39335.668087,-44397.778809,-46412.322670,-69653.004408
1762668929.251492,-39376.869798,-44437.449425,-46425.290406,-69669.030607
1762668929.255492,-39370.764047,-44447.749853,-46429.105103,-69670.937955
1762668929.251492,-39306.677878,-44395.871460,-46404.693276,-69649.957120
1762668929.255492,-39291.039109,-44381.376356,-46394.009143,-69648.429751
1762668929.271807,-39332.617074,-44407.695532,-46403.929591,-69659.873843
1762668929.275807,-39389.073849,-44469.114393,-46427.961439,-69679.327309
1762668929.279807,-39364.662021,-44450.800866,-46419.188380,-69672.077894
1762668929.283807,-39292.562753,-44388.242066,-46394.392848,-69650.717080
1762668929.271807,-39284.933358,-44377.941638,-46394.772828,-69651.864469
1762668929.275807,-39337.959141,-44420.666993,-46409.651637,-69669.790566
1762668929.281987,-39379.920810,-44454.235584,-46428.725123,-69678.567350
1762668929.285987,-39363.134652,-44436.689466,-46424.146742,-69667.503238
1762668929.281987,-39300.955832,-44390.149415,-46404.309571,-69649.957120
1762668929.285987,-39286.077023,-44371.839613,-46395.916492,-69643.847644
1762668929.302216,-39334.524423,-44403.117150,-46411.558986,-69653.004408
1762668929.306216,-39379.537106,-44442.027807,-46434.827149,-69666.355848
1762668929.302216,-39375.722408,-44447.749853,-46432.919800,-69662.921131
1762668929.306216,-39308.585227,-44384.043664,-46412.322670,-69641.940296
1762668929.312357,-39293.326437,-44363.826513,-46403.929591,-69638.125598
1762668929.316357,-39329.946041,-44395.107776,-46409.651637,-69646.902382
1762668929.322526,-39381.828159,-44457.286596,-46430.248767,-69663.688540
1762668929.326526,-39350.546896,-44437.833130,-46418.804675,-69654.911757
1762668929.332599,-39294.853806,-44381.376356,-46398.587525,-69641.560316
1762668929.336599,-39294.853806,-44380.612671,-46393.249184,-69644.235075
1762668929.352859,-39340.630174,-44424.861670,-46409.267932,-69661.013782
1762668929.356859,-39380.300790,-44466.059655,-46426.434070,-69674.365222
1762668929.363238,-39355.505258,-44446.606189,-46417.661011,-69664.068520
1762668929.367238,-39300.192147,-44399.686158,-46396.300197,-69651.097059
1762668929.371238,-39287.604392,-44381.756335,-46389.050782,-69650.337100
1762668929.375238,-39331.093431,-44409.602880,-46401.258558,-69659.873843
1762668929.363238,-39376.106113,-44442.027807,-46416.517347,-69672.077894
1762668929.367238,-39363.898337,-44445.078820,-46417.281032,-69673.225284
1762668929.376020,-39294.470102,-44383.283705,-46390.194446,-69651.864469
1762668929.380020,-39284.933358,-44366.117567,-46382.948756,-69644.235075
1762668929.393646,-39323.464036,-44392.820448,-46395.156533,-69650.337100
1762668929.397646,-39376.106113,-44450.040907,-46413.082629,-69666.735828
1762668929.403747,-39350.546896,-44431.347400,-46407.360584,-69654.151797
1762668929.407747,-39284.553379,-44366.877526,-46386.379749,-69628.208876
1762668929.403747,-39273.109287,-44355.053455,-46382.185072,-69622.866809
1762668929.407747,-39318.501949,-44389.385730,-46396.680176,-69633.170962
1762668929.403747,-39371.907711,-44425.625354,-46416.137367,-69647.662342
1762668929.407747,-39348.259568,-44408.079237,-46410.795301,-69640.032947
1762668929.403747,-39280.738682,-44363.062829,-46388.287097,-69624.394178
1762668929.407747,-39260.901511,-44350.858778,-46381.041408,-69620.199502
1762668929.413888,-39313.927293,-44379.085302,-46394.009143,-69629.356265
1762668929.417888,-39359.703660,-44406.551868,-46407.744288,-69640.032947
1762668929.413888,-39360.847324,-44438.213110,-46416.137367,-69648.429751
1762668929.417888,-39307.057858,-44388.242066,-46397.823840,-69635.838270
1762668929.444236,-39291.799068,-44374.890625,-46390.194446,-69638.513029
1762668929.448236,-39342.153817,-44419.139624,-46407.360584,-69657.966495
1762668929.444236,-39405.096322,-44487.040490,-46434.447169,-69681.994617
1762668929.448236,-39382.591844,-44472.165406,-46423.766762,-69675.892591
1762668929.444236,-39308.585227,-44411.130250,-46396.680176,-69655.291736
1762668929.448236,-39294.853806,-44399.302453,-46390.958130,-69652.244449
1762668929.464426,-39331.853390,-44427.532703,-46405.453235,-69660.633802
1762668929.468426,-39371.147752,-44460.337609,-46417.281032,-69669.410586
1762668929.464426,-39343.297482,-44430.203736,-46408.887953,-69657.966495
1762668929.468426,-39277.303964,-44377.177954,-46389.434487,-69638.125598
1762668929.484746,-39263.952523,-44356.960803,-46382.948756,-69631.263614
1762668929.488746,-39304.006845,-44386.714697,-46395.536512,-69643.467665
1762668929.494866,-39344.444871,-44419.903308,-46409.267932,-69653.384387
1762668929.498866,-39339.866489,-44427.152723,-46409.267932,-69654.531777
1762668929.502866,-39269.674569,-44366.877526,-46384.092420,-69632.790983
1762668929.506866,-39247.170091,-44341.702014,-46374.555677,-69626.301527
1762668929.494866,-39287.604392,-44370.312244,-46381.421387,-69636.605680
1762668929.498866,-39349.783212,-44432.111084,-46404.693276,-69652.624428
1762668929.505046,-39326.895028,-44413.801283,-46401.638538,-69641.180336
1762668929.509046,-39267.767221,-44353.146106,-46379.514039,-69624.394178
1762668929.505046,-39267.003536,-44348.951429,-46376.463026,-69624.394178
1762668929.509046,-39320.793003,-44392.436743,-46395.536512,-69638.893008
1762668929.535418,-39366.949350,-44437.833130,-46413.466334,-69653.384387
1762668929.539418,-39342.917502,-44427.912682,-46413.846314,-69649.957120
1762668929.535418,-39286.840707,-44388.242066,-46398.587525,-69636.985660
1762668929.539418,-39285.697043,-44378.321618,-46395.536512,-69633.550942
1762668929.543418,-39328.422397,-44416.852295,-46410.031617,-69645.754993
1762668929.547418,-39371.907711,-44456.906617,-46424.526721,-69660.633802
1762668929.535418,-39371.147752,-44468.350708,-46426.054090,-69664.828479
1762668929.539418,-39298.284799,-44400.449842,-46402.402222,-69641.180336
1762668929.555646,-39276.160300,-44373.746961,-46388.287097,-69633.170962
1762668929.559646,-39313.163608,-44398.542494,-46396.680176,-69641.940296
1762668929.565808,-39367.713034,-44447.749853,-46418.044716,-69654.911757
1762668929.569808,-39335.668087,-44422.190636,-46410.415322,-69644.235075
1762668929.565808,-39254.799485,-44348.951429,-46379.514039,-69617.532194
1762668929.569808,-39242.591709,-44334.072620,-46367.306262,-69613.717496
1762668929.586533,-39285.697043,-44366.117567,-46377.990395,-69626.681507
1762668929.590533,-39322.316647,-44402.357191,-46393.249184,-69639.272988
1762668929.596701,-39297.521114,-44380.992651,-46384.092420,-69628.588855
1762668929.600701,-39246.406406,-44342.081994,-46367.306262,-69616.384804
1762668929.596701,-39238.393307,-44333.308935,-46361.584216,-69612.950087
1762668929.600701,-39280.354977,-44366.877526,-46366.926283,-69622.866809
1762668929.603587,-39326.515049,-44406.931847,-46387.143433,-69636.985660
1762668929.607587,-39323.844016,-44413.417578,-46391.721815,-69640.800357
1762668929.614644,-39254.415780,-44354.289770,-46372.648329,-69620.199502
1762668929.618644,-39241.448045,-44343.229383,-46370.361000,-69618.672132
1762668929.614644,-39296.761155,-44379.085302,-46380.657703,-69631.643593
1762668929.618644,-39368.093014,-44453.855604,-46410.415322,-69655.679166
1762668929.631173,-39347.112179,-44437.449425,-46410.031617,-69649.957120
1762668929.635173,-39276.540279,-44374.506921,-46392.101794,-69631.263614
1762668929.646604,-39281.502366,-44375.270605,-46394.392848,-69634.698331
1762668929.650604,-39343.297482,-44426.005334,-46415.373683,-69654.911757
1762668929.654604,-39390.981197,-44466.823339,-46435.590833,-69666.355848
1762668929.658604,-39363.518357,-44447.749853,-46428.725123,-69656.819105
1762668929.648280,-39301.719517,-44399.302453,-46408.124268,-69640.032947
1762668929.652280,-39286.077023,-44380.992651,-46401.258558,-69634.698331
1762668929.653367,-39324.607700,-44405.408204,-46409.651637,-69640.032947
1762668929.657367,-39357.412606,-44432.491064,-46416.517347,-69645.754993
1762668929.676857,-39338.722825,-44429.440051,-46413.846314,-69644.235075
1762668929.680857,-39259.374142,-44359.631836,-46387.527138,-69622.866809
1762668929.677889,-39242.971689,-44340.174645,-46375.319362,-69619.052112
1762668929.681889,-39289.891720,-44375.654310,-46382.565051,-69632.403553
1762668929.690956,-39334.524423,-44425.625354,-46398.587525,-69649.189711
1762668929.694956,-39316.214621,-44411.510229,-46390.194446,-69642.707705
1762668929.690956,-39241.064340,-44339.794666,-46359.676868,-69617.532194
1762668929.694956,-39239.156991,-44335.979968,-46353.954822,-69619.052112
1762668929.703534,-39295.997471,-44385.951012,-46374.935657,-69637.365639
1762668929.707534,-39347.875863,-44431.347400,-46393.629164,-69647.282362
1762668929.703534,-39327.658713,-44414.181262,-46389.050782,-69639.652967
1762668929.707534,-39270.818233,-44374.890625,-46371.884644,-69628.976285
1762668929.720682,-39264.336228,-44364.210218,-46370.740980,-69626.681507
1762668929.724682,-39308.585227,-44394.727796,-46387.143433,-69637.365639
1762668929.720682,-39353.217930,-44433.254749,-46400.494874,-69650.337100
1762668929.724682,-39347.875863,-44443.171471,-46405.836940,-69654.911757
1762668929.737004,-39278.831333,-44375.654310,-46384.856105,-69629.356265
1762668929.741004,-39277.303964,-44360.775501,-46383.328736,-69625.541568
1762668929.738093,-39320.029318,-44398.542494,-46398.971230,-69637.745619
1762668929.742093,-39367.713034,-44458.050281,-46424.910426,-69654.911757
1762668929.742775,-39346.732199,-44439.740479,-46421.475708,-69643.087685
1762668929.746775,-39278.831333,-44368.024915,-46391.341835,-69618.672132
1762668929.752290,-39261.281490,-44356.960803,-46384.092420,-69614.477456
1762668929.756290,-39305.914193,-44399.302453,-46402.402222,-69630.496204
1762668929.777176,-39342.917502,-44426.769018,-46415.753663,-69639.652967
1762668929.781176,-39314.307272,-44400.829822,-46403.545886,-69626.681507
1762668929.781406,-39259.374142,-44360.011816,-46384.856105,-69615.237415
1762668929.785406,-39258.614182,-44347.044080,-46380.657703,-69615.237415
1762668929.789406,-39299.428463,-44384.807348,-46389.434487,-69632.023573
1762668929.793406,-39346.352220,-44425.625354,-46402.785927,-69649.189711
1762668929.792300,-39337.959141,-44436.305761,-46405.453235,-69651.477039
1762668929.796300,-39263.952523,-44374.126941,-46378.370374,-69626.301527
1762668929.802417,-39266.243577,-44362.682849,-46375.699341,-69624.014199
1762668929.806417,-39324.607700,-44406.931847,-46397.823840,-69643.087685
1762668929.812558,-39374.198765,-44457.670301,-46424.910426,-69661.013782
1762668929.816558,-39365.042001,-44446.606189,-46420.332044,-69657.586515
1762668929.812558,-39298.668504,-44388.242066,-46395.536512,-69640.420377
1762668929.816558,-39289.891720,-44383.283705,-46391.341835,-69641.180336
1762668929.822899,-39336.815476,-44423.338026,-46411.938965,-69657.966495
1762668929.826899,-39389.837533,-44469.874352,-46438.641846,-69670.937955
1762668929.833083,-39370.764047,-44448.893517,-46433.303505,-69661.401212
1762668929.837083,-39311.256260,-44411.130250,-46418.804675,-69647.282362
1762668929.841083,-39302.483201,-44397.395104,-46419.568360,-69641.560316
1762668929.845083,-39334.144443,-44419.523329,-46423.766762,-69642.707705
1762668929.843168,-39364.662021,-44452.328235,-46434.447169,-69651.864469
1762668929.847168,-39355.125278,-44453.855604,-46433.303505,-69650.717080
1762668929.863418,-39284.553379,-44385.571033,-46404.693276,-69627.068937
1762668929.867418,-39265.859872,-44360.395521,-46390.958130,-69621.726871
1762668929.863418,-39302.099496,-44389.385730,-46397.063881,-69629.356265
1762668929.867418,-39355.888963,-44444.318861,-46415.753663,-69644.995034
1762668929.863418,-39336.051792,-44424.097985,-46413.082629,-69636.218250
1762668929.867418,-39265.096188,-44355.817139,-46389.434487,-69613.717496
1762668929.863418,-39266.623557,-44353.526086,-46382.565051,-69615.624845
1762668929.867418,-39312.399924,-44396.251440,-46398.587525,-69631.263614
1762668929.893853,-39354.741573,-44435.162097,-46411.175281,-69643.847644
1762668929.897853,-39329.946041,-44412.653893,-46402.402222,-69634.310901
1762668929.914021,-39273.109287,-44372.219592,-46390.194446,-69620.579481
1762668929.918020,-39266.623557,-44354.673475,-46382.948756,-69617.144763
1762668929.914021,-39312.399924,-44388.622046,-46397.443861,-69627.828896
1762668929.918020,-39359.703660,-44431.727380,-46419.952065,-69640.032947
1762668929.914021,-39357.032627,-44434.398413,-46423.766762,-69639.652967
1762668929.918020,-39291.039109,-44371.455908,-46404.693276,-69616.764784
1762668929.914021,-39283.409715,-44362.302870,-46403.545886,-69618.292153
1762668929.918020,-39331.853390,-44408.079237,-46419.188380,-69634.698331
1762668929.924105,-39399.757981,-44466.443360,-46439.785510,-69655.679166
1762668929.928105,-39381.444454,-44459.193945,-46438.641846,-69652.624428
1762668929.924105,-39306.297898,-44395.107776,-46413.082629,-69631.263614
1762668929.928105,-39299.812168,-44393.200427,-46403.929591,-69633.550942
1762668929.954477,-39349.783212,-44450.800866,-46423.766762,-69653.004408
1762668929.958477,-39384.499192,-44476.743788,-46433.683485,-69661.401212
1762668929.962477,-39353.981614,-44450.040907,-46423.766762,-69651.097059
1762668929.966477,-39300.192147,-44405.024499,-46406.980604,-69636.605680
1762668929.954477,-39284.553379,-44382.136315,-46397.823840,-69630.116224
1762668929.958477,-39326.515049,-44413.801283,-46408.124268,-69636.985660
1762668929.954477,-39366.949350,-44450.040907,-46422.239393,-69644.615054
1762668929.958477,-39357.796311,-44448.513538,-46426.817775,-69641.940296
1762668929.974701,-39286.840707,-44384.043664,-46400.114894,-69620.959461
1762668929.978701,-39273.489267,-44365.353882,-46390.578151,-69617.912173
1762668929.977337,-39314.307272,-44394.727796,-46402.402222,-69628.588855
1762668929.981337,-39368.856698,-44451.184571,-46423.003078,-69646.142423
1762668929.984877,-39340.630174,-44431.727380,-46413.466334,-69638.893008
1762668929.988877,-39281.882346,-44364.590198,-46389.434487,-69615.624845
1762668929.984877,-39283.409715,-44371.455908,-46389.050782,-69617.532194
1762668929.988877,-39321.936667,-44411.510229,-46402.785927,-69631.263614
1762668930.009235,-39370.764047,-44446.226209,-46415.753663,-69641.560316
1762668930.013235,-39350.166917,-44427.152723,-46408.887953,-69634.310901
1762668930.009235,-39294.090122,-44389.385730,-46394.392848,-69619.439542
1762668930.013235,-39284.553379,-44376.797974,-46387.143433,-69615.624845
1762668930.022505,-39334.908128,-44412.653893,-46398.971230,-69628.588855
1762668930.026505,-39378.393441,-44450.800866,-46414.609998,-69641.560316
1762668930.031276,-39372.291416,-44459.577650,-46422.619373,-69641.180336
1762668930.035275,-39302.099496,-44394.727796,-46399.351209,-69616.384804
1762668930.031276,-39297.141135,-44379.848987,-46390.958130,-69612.190127
1762668930.035275,-39351.690561,-44424.097985,-46402.022243,-69629.356265
1762668930.051559,-39401.281625,-44474.452734,-46426.054090,-69646.902382
1762668930.055559,-39374.578744,-44458.050281,-46422.619373,-69640.420377
1762668930.051559,-39295.613766,-44387.098402,-46394.772828,-69618.292153
1762668930.055559,-39290.275425,-44374.506921,-46389.050782,-69616.764784
1762668930.061718,-39325.371385,-44410.746545,-46400.878578,-69627.828896
1762668930.065717,-39367.333055,-44446.986169,-46418.044716,-69645.754993
1762668930.061718,-39338.722825,-44419.903308,-46411.175281,-69636.605680
1762668930.065717,-39281.882346,-44380.612671,-46392.865479,-69623.254240
1762668930.082049,-39278.067648,-44368.404895,-46386.379749,-69623.254240
1762668930.086049,-39321.172982,-44400.066137,-46398.207545,-69636.218250
1762668930.082049,-39359.703660,-44437.449425,-46414.230019,-69648.809731
1762668930.086049,-39350.926876,-44443.171471,-46417.281032,-69648.809731
1762668930.102312,-39281.502366,-44376.414269,-46394.009143,-69622.106850
1762668930.106312,-39273.109287,-44361.919165,-46384.856105,-69618.672132
1762668930.102312,-39324.223995,-44402.357191,-46398.971230,-69636.605680
1762668930.106312,-39375.342429,-44461.101294,-46421.095729,-69653.384387
1762668930.102312,-39349.403232,-44443.935156,-46415.753663,-69642.327726
1762668930.106312,-39283.789694,-44379.848987,-46392.101794,-69621.346891
1762668930.112423,-39281.502366,-44384.043664,-46393.249184,-69625.541568
1762668930.116423,-39328.038692,-44419.523329,-46409.651637,-69636.605680
1762668930.122544,-39379.537106,-44460.337609,-46425.290406,-69648.809731
1762668930.126544,-39355.125278,-44448.133558,-46421.859413,-69645.754993
1762668930.122544,-39296.377450,-44410.366565,-46405.836940,-69632.403553
1762668930.126544,-39285.697043,-44395.871460,-46395.156533,-69626.301527
1762668930.142811,-39320.409298,-44419.523329,-46400.494874,-69635.078311
1762668930.146811,-39368.093014,-44453.855604,-46414.609998,-69643.847644
1762668930.152919,-39351.690561,-44453.855604,-46415.373683,-69644.235075
1762668930.156919,-39272.725582,-44382.900000,-46386.763453,-69622.106850
1762668930.152919,-39257.850498,-44358.488172,-46376.843005,-69614.477456
1762668930.156919,-39301.335812,-44392.056763,-46391.721815,-69625.161588
1762668930.163081,-39342.537522,-44437.449425,-46411.175281,-69642.707705
1762668930.167081,-39321.172982,-44420.283288,-46406.600624,-69633.550942
1762668930.173124,-39246.406406,-44350.858778,-46376.843005,-69608.755410
1762668930.177124,-39254.035801,-44359.631836,-46377.990395,-69612.190127
1762668930.183267,-39302.483201,-44402.357191,-46402.402222,-69628.208876
1762668930.187267,-39345.968515,-44441.264123,-46419.952065,-69643.467665
1762668930.193404,-39325.371385,-44424.861670,-46416.897327,-69639.272988
1762668930.197404,-39279.211313,-44389.385730,-46398.207545,-69624.774158
1762668930.201404,-39271.581918,-44379.848987,-46395.156533,-69624.014199
1762668930.205404,-39305.150509,-44411.510229,-46402.022243,-69636.218250
1762668930.193404,-39359.703660,-44456.522912,-46420.332044,-69651.864469
1762668930.197404,-39349.019527,-44464.536011,-46419.952065,-69648.809731
1762668930.213671,-39282.262325,-44407.695532,-46398.207545,-69628.208876
1762668930.217671,-39273.872972,-44390.529394,-46391.721815,-69623.634219
1762668930.223798,-39333.760738,-44431.347400,-46409.651637,-69638.513029
1762668930.227798,-39384.879172,-44487.804174,-46433.303505,-69654.151797
1762668930.223798,-39367.713034,-44470.638037,-46430.248767,-69644.615054
1762668930.227798,-39297.904819,-44401.973486,-46405.073255,-69621.726871
1762668930.233914,-39298.284799,-44391.673058,-46400.114894,-69620.579481
1762668930.237914,-39335.288107,-44415.324926,-46408.124268,-69629.736245
1762668930.244028,-39366.949350,-44447.369874,-46422.619373,-69641.940296
1762668930.248028,-39341.390133,-44425.625354,-46412.702650,-69633.550942
1762668930.244028,-39286.840707,-44389.005750,-46399.731189,-69619.439542
1762668930.248028,-39267.003536,-44367.261231,-46389.434487,-69612.950087
1762668930.254177,-39299.048483,-44394.344091,-46395.156533,-69624.014199
1762668930.258177,-39344.061166,-44437.069446,-46413.466334,-69636.985660
1762668930.284628,-39333.760738,-44442.791492,-46419.188380,-69638.513029
1762668930.288628,-39261.665195,-44376.414269,-46392.865479,-69612.950087
1762668930.284628,-39269.674569,-44364.210218,-46388.670802,-69612.950087
1762668930.288628,-39333.760738,-44410.366565,-46406.216919,-69632.403553
1762668930.284628,-39383.735508,-44466.059655,-46431.776136,-69649.189711
1762668930.288628,-39361.611009,-44452.328235,-46427.581459,-69645.375013
1762668930.284628,-39289.511740,-44388.242066,-46402.402222,-69626.301527
1762668930.288628,-39295.233786,-44395.487756,-46402.785927,-69630.496204
1762668930.304766,-39345.968515,-44435.925782,-46419.188380,-69646.902382
1762668930.308766,-39392.128587,-44479.411095,-46437.118202,-69660.253823
1762668930.304766,-39369.620383,-44462.244958,-46430.632472,-69651.477039
1762668930.308766,-39307.441562,-44421.046972,-46414.989978,-69632.790983
1762668930.314900,-39300.955832,-44403.880835,-46408.887953,-69627.068937
1762668930.318900,-39347.495884,-44435.542077,-46422.239393,-69637.745619
1762668930.314900,-39386.786520,-44474.452734,-46439.405531,-69649.189711
1762668930.318900,-39371.527731,-44476.743788,-46437.498182,-69648.809731
1762668930.335113,-39294.853806,-44402.357191,-46413.846314,-69625.161588
1762668930.339113,-39276.923984,-44382.520020,-46402.785927,-69617.532194
1762668930.335113,-39338.339120,-44423.718005,-46415.373683,-69634.698331
1762668930.339113,-39384.499192,-44464.915991,-46434.063464,-69649.189711
1762668930.345248,-39347.112179,-44437.833130,-46424.910426,-69636.218250
1762668930.349248,-39272.345603,-44369.932264,-46396.680176,-69614.857435
1762668930.345248,-39273.489267,-44373.363256,-46394.392848,-69619.439542
1762668930.349248,-39312.779903,-44410.746545,-46404.693276,-69628.588855
1762668930.364835,-39350.546896,-44447.749853,-46418.044716,-69641.940296
1762668930.368835,-39342.537522,-44437.069446,-46418.424696,-69642.327726
1762668930.364835,-39290.655404,-44397.395104,-46403.545886,-69630.496204
1762668930.368835,-39265.479892,-44372.219592,-46385.619789,-69620.959461
1762668930.387186,-39308.585227,-44409.602880,-46395.536512,-69632.023573
1762668930.391186,-39363.134652,-44453.471899,-46419.568360,-69645.375013
1762668930.392663,-39356.648922,-44456.522912,-46431.012452,-69645.375013
1762668930.396662,-39285.697043,-44394.344091,-46408.887953,-69623.254240
1762668930.398172,-39282.646030,-44376.034290,-46402.785927,-69617.912173
1762668930.402172,-39335.668087,-44420.283288,-46419.568360,-69631.643593
1762668930.403903,-39390.221238,-44469.494373,-46445.891261,-69647.282362
1762668930.407903,-39370.384067,-44455.379248,-46438.641846,-69636.605680
1762668930.403903,-39300.575852,-44392.436743,-46412.702650,-69613.330066
1762668930.407903,-39303.626865,-44394.344091,-46416.137367,-69618.672132
1762668930.424407,-39347.112179,-44429.060072,-46432.156116,-69630.116224
1762668930.428407,-39383.351803,-44464.152306,-46445.891261,-69641.180336
1762668930.434716,-39353.981614,-44441.647828,-46439.405531,-69630.883634
1762668930.438716,-39288.368076,-44397.778809,-46420.332044,-69615.237415
1762668930.434716,-39274.632931,-44374.890625,-46410.795301,-69609.902799
1762668930.438716,-39316.214621,-44411.893934,-46423.003078,-69622.486830
1762668930.454928,-39359.319955,-44449.277222,-46439.025551,-69636.605680
1762668930.458928,-39348.259568,-44444.698840,-46439.405531,-69635.078311
1762668930.462928,-39272.725582,-44382.520020,-46414.230019,-69614.857435
1762668930.466928,-39267.767221,-44364.590198,-46403.165907,-69607.608020
1762668930.454928,-39324.607700,-44400.829822,-46413.846314,-69623.254240
1762668930.458928,-39381.064475,-44455.379248,-46437.878162,-69640.800357
1762668930.475290,-39353.597909,-44432.874769,-46428.341419,-69630.496204
1762668930.479290,-39284.169674,-44371.839613,-46400.494874,-69613.330066
1762668930.475290,-39287.224412,-44382.136315,-46402.402222,-69619.439542
1762668930.479290,-39340.246469,-44422.190636,-46420.332044,-69631.263614
1762668930.485427,-39387.550205,-44460.337609,-46434.827149,-69645.754993
1762668930.489427,-39363.134652,-44441.647828,-46425.674111,-69638.893008
1762668930.495584,-39306.297898,-44405.024499,-46408.507973,-69625.921547
1762668930.499584,-39296.377450,-44393.580407,-46405.073255,-69621.346891
1762668930.495584,-39352.454245,-44430.583715,-46421.859413,-69633.550942
1762668930.499584,-39393.272251,-44475.216419,-46436.734498,-69648.049772
1762668930.525883,-39370.384067,-44458.813965,-46434.447169,-69639.652967
1762668930.529883,-39298.284799,-44393.200427,-46413.082629,-69617.532194
1762668930.525883,-39287.984371,-44376.034290,-46398.971230,-69615.624845
1762668930.529883,-39329.186082,-44417.615980,-46409.651637,-69628.588855
1762668930.525883,-39373.435080,-44459.957629,-46431.776136,-69638.893008
1762668930.529883,-39348.639548,-44438.976794,-46425.674111,-69630.496204
1762668930.546327,-39280.354977,-44372.983277,-46400.878578,-69607.995450
1762668930.550327,-39287.984371,-44379.848987,-46402.402222,-69611.810148
1762668930.546327,-39324.987680,-44417.615980,-46415.373683,-69620.199502
1762668930.550327,-39363.518357,-44449.277222,-46432.156116,-69634.310901
1762668930.546327,-39336.431772,-44424.481690,-46423.003078,-69625.161588
1762668930.550327,-39278.831333,-44379.848987,-46405.836940,-69611.042738
1762668930.566625,-39272.725582,-44360.775501,-46396.300197,-69606.088102
1762668930.570625,-39322.316647,-44398.542494,-46408.124268,-69618.292153
1762668930.576725,-39358.176291,-44435.542077,-46423.383057,-69626.681507
1762668930.580725,-39350.546896,-44445.842505,-46427.581459,-69627.448916
1762668930.584725,-39285.697043,-44377.177954,-46401.638538,-69603.413343
1762668930.588725,-39277.687669,-44360.395521,-46392.101794,-69601.126015
1762668930.576725,-39324.607700,-44407.315552,-46406.980604,-69621.346891
1762668930.580725,-39372.291416,-44458.430260,-46426.817775,-69637.745619
1762668930.586797,-39357.032627,-44445.078820,-46423.766762,-69630.496204
1762668930.590797,-39296.377450,-44379.469007,-46402.022243,-69609.135389
1762668930.586797,-39298.284799,-44383.663684,-46404.693276,-69611.422718
1762668930.590797,-39338.339120,-44417.232275,-46419.952065,-69621.346891
1762668930.606997,-39377.249777,-44448.513538,-46431.776136,-69629.356265
1762668930.610996,-39355.505258,-44427.532703,-46427.197754,-69622.866809
1762668930.617130,-39317.358285,-44395.107776,-46412.322670,-69614.097476
1762668930.621130,-39295.613766,-44376.414269,-46407.360584,-69612.190127
1762668930.627221,-39335.288107,-44410.366565,-46421.475708,-69627.448916
1762668930.631221,-39374.962449,-44453.471899,-46437.498182,-69641.560316
1762668930.635221,-39349.403232,-44443.935156,-46431.776136,-69636.218250
1762668930.639221,-39287.984371,-44380.612671,-46405.073255,-69614.477456
1762668930.637284,-39272.725582,-44360.395521,-46398.207545,-69606.848061
1762668930.641284,-39322.700351,-44407.315552,-46413.846314,-69617.912173
1762668930.657539,-39369.240403,-44453.471899,-46433.303505,-69632.023573
1762668930.661539,-39342.537522,-44427.532703,-46426.817775,-69625.541568
1762668930.657539,-39273.489267,-44363.062829,-46400.114894,-69603.033364
1762668930.661539,-39286.077023,-44374.126941,-46402.785927,-69607.608020
1762668930.657539,-39323.464036,-44406.171888,-46414.989978,-69619.439542
1762668930.661539,-39364.278316,-44445.078820,-46429.105103,-69632.023573
1762668930.667659,-39344.444871,-44423.338026,-46417.661011,-69620.959461
1762668930.671659,-39300.192147,-44384.427369,-46406.600624,-69609.515369
1762668930.678310,-39291.799068,-44372.983277,-46400.878578,-69606.848061
1762668930.682310,-39329.946041,-44408.079237,-46410.031617,-69617.144763
1762668930.678310,-39380.684495,-44456.142932,-46425.674111,-69631.263614
1762668930.682310,-39372.671396,-44459.957629,-46426.817775,-69634.698331
1762668930.688451,-39306.677878,-44395.487756,-46403.165907,-69613.330066
1762668930.692451,-39301.335812,-44378.705323,-46396.300197,-69609.135389
1762668930.698545,-39345.204830,-44423.338026,-46410.031617,-69622.866809
1762668930.702544,-39390.981197,-44467.207044,-46431.776136,-69637.365639
1762668930.708707,-39365.042001,-44445.462525,-46426.817775,-69625.921547
1762668930.712707,-39287.224412,-44374.890625,-46399.731189,-69601.126015
1762668930.718796,-39291.419089,-44379.469007,-46397.063881,-69606.468081
1762668930.722795,-39335.288107,-44417.615980,-46413.466334,-69619.819522
1762668930.726796,-39373.815060,-44453.091919,-46431.776136,-69635.838270
1762668930.730796,-39337.575436,-44422.574341,-46419.568360,-69622.486830
1762668930.740518,-39273.109287,-44380.228966,-46400.494874,-69607.608020
1762668930.744518,-39268.150926,-44366.497546,-46390.578151,-69604.180753
1762668930.740518,-39306.297898,-44398.158789,-46406.216919,-69616.764784
1762668930.744518,-39354.741573,-44441.264123,-46424.526721,-69630.496204
1762668930.759607,-39332.237095,-44432.874769,-46424.146742,-69625.921547
1762668930.763607,-39262.428880,-44371.455908,-46400.494874,-69605.320692
1762668930.769788,-39257.086813,-44353.909791,-46390.958130,-69595.023990
1762668930.773788,-39307.057858,-44400.829822,-46408.124268,-69608.375430
1762668930.777788,-39357.412606,-44450.040907,-46432.156116,-69622.866809
1762668930.781788,-39324.987680,-44432.111084,-46422.619373,-69617.144763
1762668930.769788,-39263.952523,-44370.692223,-46395.536512,-69598.838687
1762668930.773788,-39278.067648,-44380.992651,-46397.443861,-69605.700672
1762668930.780160,-39314.687252,-44411.510229,-46410.031617,-69615.624845
1762668930.784160,-39366.569370,-44451.564550,-46426.817775,-69626.301527
1762668930.780160,-39346.352220,-44430.203736,-46413.846314,-69616.004825
1762668930.784160,-39286.460727,-44390.149415,-46398.207545,-69600.366056
1762668930.800436,-39275.396615,-44369.932264,-46388.287097,-69595.023990
1762668930.804436,-39313.927293,-44396.251440,-46403.929591,-69604.560733
1762668930.800436,-39355.125278,-44434.782118,-46419.568360,-69614.097476
1762668930.804436,-39333.380759,-44429.820031,-46416.897327,-69612.570107
1762668930.810544,-39259.757847,-44362.302870,-46392.865479,-69591.209292
1762668930.814544,-39245.262742,-44340.558350,-46386.763453,-69585.867226
1762668930.810544,-39291.039109,-44385.571033,-46399.351209,-69602.653384
1762668930.814544,-39332.617074,-44432.874769,-46416.517347,-69617.144763
1762668930.830803,-39305.534214,-44411.510229,-46405.073255,-69603.413343
1762668930.834803,-39234.962314,-44345.136732,-46379.134059,-69583.959877
1762668930.830803,-39246.022701,-44359.631836,-46381.421387,-69587.394595
1762668930.834803,-39292.946458,-44392.056763,-46396.300197,-69600.366056
1762668930.851058,-39336.051792,-44424.861670,-46412.702650,-69614.097476
1762668930.855058,-39302.483201,-44402.737170,-46400.494874,-69603.413343
1762668930.861161,-39248.313755,-44362.302870,-46387.907118,-69591.969252
1762668930.865160,-39263.188839,-44347.424060,-46384.856105,-69588.534534
1762668930.861161,-39300.575852,-44382.520020,-46395.916492,-69597.311318
1762668930.865160,-39349.019527,-44430.583715,-46414.230019,-69613.717496
1762668930.871273,-39341.773838,-44424.861670,-46414.609998,-69611.042738
1762668930.875273,-39276.923984,-44363.826513,-46393.629164,-69587.774575
1762668930.871273,-39262.808859,-44343.609363,-46386.763453,-69581.672549
1762668930.875273,-39312.779903,-44389.765710,-46399.731189,-69596.163929
1762668930.891565,-39356.268942,-44432.111084,-46414.230019,-69607.608020
1762668930.895565,-39329.566061,-44412.273914,-46410.031617,-69596.551359
1762668930.901659,-39257.466793,-44347.044080,-46382.565051,-69574.043155
1762668930.905658,-39256.706834,-44349.331409,-46382.948756,-69579.385221
1762668930.909659,-39291.419089,-44378.705323,-46392.485499,-69592.736661
1762668930.913659,-39334.144443,-44417.232275,-46405.836940,-69604.560733
1762668930.901659,-39306.297898,-44399.302453,-46402.785927,-69593.116641
1762668930.905658,-39243.355393,-44356.197119,-46382.565051,-69575.570524
1762668930.921891,-39231.527597,-44333.692640,-46371.884644,-69573.663175
1762668930.925891,-39284.553379,-44369.932264,-46384.856105,-69590.061903
1762668930.921891,-39342.917502,-44426.005334,-46410.795301,-69612.570107
1762668930.925891,-39320.409298,-44420.666993,-46408.124268,-69608.755410
1762668930.942166,-39248.693734,-44350.095093,-46378.750354,-69582.432508
1762668930.946166,-39244.115353,-44336.743653,-46379.514039,-69582.432508
1762668930.942166,-39300.955832,-44393.964112,-46401.258558,-69603.793323
1762668930.946166,-39348.639548,-44443.935156,-46418.424696,-69621.726871
1762668930.950166,-39333.000779,-44426.769018,-46418.044716,-69617.144763
1762668930.954166,-39270.818233,-44365.733862,-46395.536512,-69599.218667
1762668930.952303,-39289.891720,-44383.283705,-46403.165907,-69611.422718
1762668930.956303,-39331.853390,-44413.417578,-46416.897327,-69621.346891
1762668930.962404,-39368.856698,-44444.318861,-46426.817775,-69626.681507
1762668930.966403,-39344.061166,-44428.296387,-46417.661011,-69619.819522
1762668930.978629,-39289.891720,-44391.293079,-46402.402222,-69607.608020
1762668930.982629,-39283.409715,-44376.034290,-46393.249184,-69600.746036
1762668930.982666,-39323.844016,-44409.986585,-46406.216919,-69613.330066
1762668930.986666,-39367.713034,-44451.948255,-46423.766762,-69627.448916
1762668931.002873,-39335.668087,-44439.356774,-46420.712024,-69617.532194
1762668931.006873,-39263.572544,-44375.654310,-46397.443861,-69593.876600
1762668931.012991,-39250.984788,-44348.951429,-46392.865479,-69588.534534
1762668931.016991,-39305.534214,-44392.820448,-46414.230019,-69604.940712
1762668931.020991,-39349.019527,-44427.532703,-46410.031617,-69614.097476
1762668931.024991,-39312.399924,-44402.357191,-46403.165907,-69601.505995
1762668931.033276,-39236.105978,-44334.452599,-46377.226710,-69576.710463
1762668931.037276,-39241.064340,-44345.136732,-46373.791993,-69580.905139
1762668931.041276,-39281.502366,-44373.746961,-46385.999769,-69590.061903
1762668931.045276,-39324.223995,-44410.746545,-46402.402222,-69600.366056
1762668931.033276,-39303.626865,-44397.395104,-46399.351209,-69595.403969
1762668931.037276,-39254.799485,-44360.011816,-46389.050782,-69585.107267
1762668931.041276,-39249.077439,-44346.660376,-46384.472400,-69585.867226
1762668931.045276,-39292.182773,-44377.941638,-46390.958130,-69598.071277
1762668931.043352,-39348.259568,-44420.666993,-46409.267932,-69610.282779
1762668931.047352,-39330.709726,-44419.523329,-46405.453235,-69609.902799
1762668931.053461,-39257.850498,-44356.197119,-46380.277723,-69588.154554
1762668931.057461,-39249.837399,-44340.558350,-46373.028308,-69582.432508
1762668931.053461,-39301.719517,-44393.580407,-46392.865479,-69599.978626
1762668931.057461,-39344.061166,-44439.356774,-46412.702650,-69612.950087
1762668931.063650,-39329.186082,-44417.995960,-46407.744288,-69604.940712
1762668931.067650,-39261.665195,-44354.289770,-46385.236084,-69581.292570
1762668931.063650,-39268.150926,-44364.970177,-46389.814466,-69583.579898
1762668931.067650,-39307.057858,-44393.580407,-46398.971230,-69597.311318
1762668931.083911,-39346.352220,-44430.583715,-46414.989978,-69610.662758
1762668931.087911,-39315.070957,-44412.653893,-46407.360584,-69603.033364
1762668931.094051,-39254.799485,-44372.219592,-46393.249184,-69589.301944
1762668931.098051,-39250.601083,-44355.053455,-46379.134059,-69583.199918
1762668931.094051,-39297.141135,-44386.334717,-46387.527138,-69593.116641
1762668931.098051,-39341.010153,-44427.532703,-46409.267932,-69607.228041
1762668931.114303,-39320.409298,-44412.273914,-46404.309571,-69600.366056
1762668931.118303,-39252.892137,-44353.909791,-46380.657703,-69578.617811
1762668931.114303,-39243.355393,-44336.743653,-46372.648329,-69573.663175
1762668931.118303,-39296.761155,-44391.673058,-46391.341835,-69592.349231
1762668931.134559,-39339.866489,-44432.111084,-46410.031617,-69608.375430
1762668931.138559,-39314.307272,-44405.408204,-46403.929591,-69599.218667
1762668931.144688,-39247.930050,-44338.651001,-46376.843005,-69575.950503
1762668931.148688,-39258.614182,-44352.766126,-46376.843005,-69582.812488
1762668931.152689,-39302.863181,-44384.043664,-46394.009143,-69597.691298
1762668931.156688,-39338.722825,-44422.954321,-46405.453235,-69611.042738
1762668931.144688,-39315.070957,-44402.357191,-46398.587525,-69603.413343
1762668931.148688,-39265.096188,-44363.062829,-46379.897743,-69590.441883
1762668931.154905,-39248.693734,-44341.322035,-46372.268349,-69582.812488
1762668931.158905,-39284.933358,-44370.692223,-46382.948756,-69593.116641
1762668931.175134,-39337.959141,-44425.245374,-46405.453235,-69611.422718
1762668931.179134,-39333.380759,-44429.060072,-46410.415322,-69613.330066
1762668931.175134,-39257.850498,-44364.210218,-46389.434487,-69595.403969
1762668931.179134,-39249.457419,-44346.280396,-46377.226710,-69583.199918
1762668931.185384,-39303.243160,-44399.302453,-46393.249184,-69599.218667
1762668931.189384,-39344.061166,-44440.120459,-46412.702650,-69614.097476
1762668931.193384,-39329.946041,-44424.481690,-46413.846314,-69609.902799
1762668931.197384,-39263.188839,-44354.289770,-46390.958130,-69587.394595
1762668931.185384,-39266.243577,-44367.261231,-46395.156533,-69593.496621
1762668931.189384,-39316.214621,-44403.117150,-46404.309571,-69605.320692
1762668931.205665,-39351.310581,-44441.647828,-46419.188380,-69614.857435
1762668931.209665,-39337.959141,-44422.574341,-46418.044716,-69611.422718
1762668931.236099,-39281.502366,-44379.848987,-46402.022243,-69597.691298
1762668931.240099,-39271.201938,-44358.488172,-46391.721815,-69588.534534
1762668931.236099,-39312.399924,-44394.727796,-46402.402222,-69601.505995
1762668931.240099,-39354.361594,-44442.411512,-46419.568360,-69617.532194
1762668931.236099,-39329.946041,-44426.005334,-46424.526721,-69609.135389
1762668931.240099,-39252.128452,-44359.248132,-46385.236084,-69584.719837
1762668931.236099,-39246.406406,-44342.465699,-46371.884644,-69579.765201
1762668931.240099,-39308.965206,-44399.302453,-46394.392848,-69599.978626
1762668931.246255,-39352.074265,-44442.791492,-46410.795301,-69614.097476
1762668931.250255,-39322.316647,-44421.046972,-46404.693276,-69602.273405
1762668931.246255,-39254.799485,-44352.002442,-46383.328736,-69580.145180
1762668931.250255,-39265.859872,-44365.733862,-46387.143433,-69584.339857
1762668931.266473,-39310.112596,-44397.395104,-46395.916492,-69591.969252
1762668931.270473,-39348.639548,-44433.254749,-46411.175281,-69603.413343
1762668931.279120,-39319.649339,-44417.995960,-46403.929591,-69597.691298
1762668931.283120,-39276.160300,-44382.900000,-46390.194446,-69583.579898
1762668931.287120,-39270.058274,-44366.877526,-46385.999769,-69578.997791
1762668931.291120,-39308.205247,-44393.200427,-46394.772828,-69587.774575
1762668931.279120,-39360.847324,-44442.791492,-46415.753663,-69603.033364
1762668931.283120,-39344.824851,-44435.162097,-46416.897327,-69598.458707
1762668931.296777,-39277.687669,-44364.970177,-46395.916492,-69574.423134
1762668931.300777,-39271.581918,-44348.567724,-46385.236084,-69569.848478
1762668931.296777,-39326.131344,-44400.829822,-46406.600624,-69586.247206
1762668931.300777,-39360.847324,-44437.069446,-46423.766762,-69598.071277
1762668931.317039,-39330.329746,-44417.232275,-46415.753663,-69592.736661
1762668931.321039,-39265.096188,-44351.238757,-46384.472400,-69572.515786
1762668931.317039,-39268.910885,-44356.580824,-46385.236084,-69577.477872
1762668931.321039,-39303.243160,-44379.085302,-46394.009143,-69586.247206
1762668931.327095,-39339.102805,-44412.653893,-46406.980604,-69595.403969
1762668931.331095,-39312.399924,-44399.302453,-46402.402222,-69587.394595
1762668931.337172,-39245.642722,-44350.858778,-46381.421387,-69571.368396
1762668931.341172,-39237.633348,-44337.123632,-46374.555677,-69569.461048
1762668931.337172,-39277.303964,-44364.970177,-46383.712441,-69577.477872
1762668931.341172,-39321.172982,-44415.708631,-46401.638538,-69592.736661
1762668931.357287,-39295.613766,-44408.079237,-46401.258558,-69589.681923
1762668931.361287,-39227.712899,-44347.424060,-46377.226710,-69568.701088
1762668931.357287,-39221.990854,-44336.359948,-46369.213611,-69566.413760
1762668931.361287,-39288.748056,-44395.871460,-46394.392848,-69590.061903
1762668931.379414,-39338.722825,-44438.213110,-46410.415322,-69603.033364
1762668931.383414,-39312.399924,-44423.338026,-46402.402222,-69594.256580
1762668931.379414,-39244.499058,-44361.155480,-46380.657703,-69573.663175
1762668931.383414,-39257.466793,-44375.270605,-46385.999769,-69580.905139
1762668931.379414,-39303.626865,-44403.500855,-46399.731189,-69593.496621
1762668931.383414,-39352.074265,-44435.162097,-46415.373683,-69604.180753
1762668931.387426,-39329.946041,-44416.088611,-46412.322670,-69595.403969
1762668931.391426,-39275.396615,-44373.746961,-46397.443861,-69582.812488
1762668931.407575,-39270.058274,-44357.724488,-46388.670802,-69579.385221
1762668931.411575,-39308.205247,-44387.478381,-46402.785927,-69592.736661
1762668931.407575,-39362.754673,-44437.449425,-46425.674111,-69611.042738
1762668931.411575,-39339.482784,-44428.676367,-46421.859413,-69602.653384
1762668931.415575,-39272.345603,-44363.826513,-46395.916492,-69578.617811
1762668931.419575,-39255.179465,-44336.743653,-46388.287097,-69572.135806
1762668931.417780,-39304.390550,-44389.765710,-46406.600624,-69594.256580
1762668931.421780,-39339.866489,-44428.296387,-46421.095729,-69605.700672
1762668931.427932,-39304.006845,-44398.542494,-46408.124268,-69594.644010
1762668931.431932,-39222.374558,-44322.248548,-46373.791993,-69565.646350
1762668931.438073,-39226.949215,-44328.350574,-46374.555677,-69565.646350
1762668931.442073,-39271.581918,-44365.733862,-46392.865479,-69578.237832
1762668931.448213,-39315.450937,-44403.500855,-46408.887953,-69590.441883
1762668931.452213,-39288.368076,-44389.005750,-46400.494874,-69581.672549
1762668931.458342,-39235.342294,-44341.702014,-46384.092420,-69566.033781
1762668931.462342,-39242.591709,-44339.794666,-46384.092420,-69572.135806
1762668931.458342,-39281.118661,-44379.469007,-46401.258558,-69583.959877
1762668931.462342,-39329.566061,-44433.634728,-46415.753663,-69599.978626
1762668931.468384,-39309.348911,-44427.152723,-46416.517347,-69596.551359
1762668931.472384,-39259.757847,-44364.970177,-46395.916492,-69576.710463
1762668931.468384,-39247.930050,-44347.804040,-46385.619789,-69568.701088
1762668931.472384,-39300.955832,-44403.117150,-46404.693276,-69585.107267
1762668931.488856,-39355.505258,-44437.833130,-46425.674111,-69597.311318
1762668931.492856,-39331.853390,-44416.088611,-46419.188380,-69588.154554
1762668931.488856,-39262.428880,-44350.475073,-46393.629164,-69567.553699
1762668931.492856,-39264.716208,-44357.340783,-46392.101794,-69569.848478
1762668931.509008,-39308.585227,-44386.334717,-46404.693276,-69579.385221
1762668931.513008,-39344.444871,-44417.995960,-46418.044716,-69587.774575
1762668931.519171,-39313.543588,-44398.158789,-46411.558986,-69580.525160
1762668931.523171,-39267.387241,-44359.631836,-46395.916492,-69568.321109
1762668931.527171,-39255.559444,-44339.030981,-46392.101794,-69561.451674
1762668931.531171,-39296.377450,-44363.062829,-46408.887953,-69570.228457
1762668931.519171,-39341.390133,-44412.653893,-46431.012452,-69589.301944
1762668931.523171,-39310.492575,-44403.500855,-46425.674111,-69584.339857
1762668931.529282,-39255.559444,-44339.794666,-46407.360584,-69561.451674
1762668931.533282,-39237.249643,-44318.433851,-46392.101794,-69556.497037
1762668931.529282,-39295.233786,-44376.797974,-46410.031617,-69579.385221
1762668931.533282,-39333.380759,-44422.190636,-46428.341419,-69591.589272
1762668931.549518,-39308.205247,-44406.551868,-46421.095729,-69581.672549
1762668931.553518,-39241.448045,-44343.989342,-46397.063881,-69561.451674
1762668931.559979,-39251.744747,-44352.766126,-46396.680176,-69566.793740
1762668931.563979,-39293.706417,-44385.951012,-46406.216919,-69580.145180
1762668931.559979,-39335.288107,-44428.296387,-46421.475708,-69595.403969
1762668931.563979,-39321.172982,-44417.232275,-46421.095729,-69588.921964
1762668931.580270,-39265.859872,-44366.877526,-46402.785927,-69571.755826
1762668931.584270,-39260.521531,-44352.382421,-46394.009143,-69566.793740
1762668931.580270,-39300.192147,-44384.043664,-46402.402222,-69575.570524
1762668931.584270,-39351.310581,-44434.398413,-46418.804675,-69591.209292
1762668931.600437,-39334.524423,-44421.810657,-46419.188380,-69585.487247
1762668931.604437,-39265.859872,-44358.868152,-46394.392848,-69564.506412
1762668931.600437,-39252.892137,-44335.979968,-46385.999769,-69561.831653
1762668931.604437,-39310.872555,-44391.293079,-46404.693276,-69583.579898
1762668931.610573,-39347.495884,-44427.152723,-46420.712024,-69594.256580
1762668931.614573,-39310.112596,-44399.686158,-46412.702650,-69580.525160
1762668931.610573,-39233.818650,-44337.887317,-46391.341835,-69556.497037
1762668931.614573,-39245.642722,-44345.896691,-46396.300197,-69564.506412
1762668931.620664,-39286.840707,-44377.561659,-46405.073255,-69576.330483
1762668931.624664,-39320.029318,-44415.324926,-46421.095729,-69591.209292
1762668931.620664,-39302.483201,-44404.644519,-46420.332044,-69584.339857
1762668931.624664,-39249.837399,-44361.919165,-46403.929591,-69569.081068
1762668931.640888,-39245.262742,-44348.187745,-46400.494874,-69567.553699
1762668931.644888,-39287.224412,-44377.177954,-46410.415322,-69577.477872
1762668931.640888,-39335.288107,-44427.152723,-46427.581459,-69590.441883
1762668931.644888,-39304.390550,-44416.468590,-46426.434070,-69587.014616
1762668931.650989,-39239.540696,-44359.631836,-46401.258558,-69570.608437
1762668931.654989,-39238.393307,-44344.373047,-46394.009143,-69570.228457
1762668931.650989,-39303.243160,-44400.449842,-46414.230019,-69588.154554
1762668931.654989,-39350.546896,-44434.782118,-46432.156116,-69598.458707
1762668931.671217,-39320.793003,-44415.324926,-46425.290406,-69589.301944
1762668931.675217,-39258.614182,-44353.526086,-46398.587525,-69567.941129
1762668931.691437,-39264.716208,-44362.302870,-46405.453235,-69569.848478
1762668931.695437,-39311.636239,-44390.913099,-46418.424696,-69580.905139
1762668931.691437,-39355.125278,-44424.861670,-46430.248767,-69587.774575
1762668931.695437,-39329.186082,-44411.130250,-46422.239393,-69579.385221
1762668931.701535,-39271.201938,-44358.488172,-46403.929591,-69565.646350
1762668931.705535,-39260.901511,-44346.660376,-46398.207545,-69565.646350
1762668931.701535,-39299.812168,-44379.469007,-46406.216919,-69577.857852
1762668931.705535,-39358.176291,-44434.398413,-46427.197754,-69593.116641
1762668931.711653,-39333.000779,-44421.430677,-46427.581459,-69586.627185
1762668931.715653,-39262.428880,-44362.302870,-46407.744288,-69564.506412
1762668931.711653,-39244.499058,-44339.030981,-46399.351209,-69559.924304
1762668931.715653,-39303.626865,-44397.395104,-46422.239393,-69584.339857
1762668931.732126,-39354.741573,-44443.171471,-46438.641846,-69598.838687
1762668931.736126,-39316.594601,-44414.944947,-46431.012452,-69585.107267
1762668931.732126,-39244.499058,-44343.609363,-46399.731189,-69557.256997
1762668931.736126,-39258.614182,-44360.775501,-46405.073255,-69565.266371
1762668931.748135,-39304.006845,-44400.449842,-46421.475708,-69579.765201
1762668931.752135,-39345.588535,-44439.356774,-46437.498182,-69591.969252
1762668931.748135,-39337.195456,-44428.676367,-46439.785510,-69588.154554
1762668931.752135,-39289.131761,-44393.200427,-46427.581459,-69577.477872
1762668931.762103,-39283.026010,-44379.085302,-46425.290406,-69575.183094
1762668931.766103,-39328.038692,-44408.079237,-46437.878162,-69580.525160
1762668931.762103,-39374.198765,-44460.721314,-46455.044299,-69596.931338
1762668931.766103,-39352.074265,-44445.842505,-46450.469643,-69593.496621
1762668931.782336,-39279.595017,-44376.797974,-46425.674111,-69572.515786
1762668931.786336,-39278.447628,-44354.289770,-46415.373683,-69568.321109
1762668931.782336,-39336.051792,-44406.931847,-46437.118202,-69587.394595
1762668931.786336,-39371.147752,-44441.647828,-46448.178589,-69596.931338
1762668931.782336,-39330.329746,-44412.653893,-46434.827149,-69581.292570
1762668931.786336,-39263.572544,-44350.095093,-46409.651637,-69557.256997
1762668931.802495,-39260.901511,-44360.395521,-46406.980604,-69565.266371
1762668931.806495,-39300.575852,-44388.242066,-46417.281032,-69574.803114
1762668931.802495,-39351.690561,-44427.152723,-46435.970813,-69585.487247
1762668931.806495,-39330.329746,-44415.324926,-46430.248767,-69580.905139
1762668931.812645,-39270.058274,-44367.261231,-46408.887953,-69566.413760
1762668931.816645,-39256.323129,-44361.539185,-46404.309571,-69561.451674
1762668931.822743,-39304.006845,-44397.395104,-46414.609998,-69574.043155
1762668931.826743,-39357.032627,-44450.420886,-46435.970813,-69595.403969
1762668931.843010,-39331.473410,-44434.018433,-46432.156116,-69587.394595
1762668931.847010,-39263.572544,-44372.983277,-46406.980604,-69565.266371
1762668931.843010,-39255.943149,-44358.104467,-46400.878578,-69560.691714
1762668931.847010,-39318.121970,-44416.088611,-46423.003078,-69583.959877
1762668931.851010,-39361.990988,-44450.800866,-46440.932900,-69595.403969
1762668931.855010,-39333.000779,-44424.481690,-46437.118202,-69583.579898
1762668931.843010,-39262.045175,-44358.104467,-46410.415322,-69558.784366
1762668931.847010,-39267.387241,-44368.024915,-46406.980604,-69564.506412
1762668931.863221,-39309.348911,-44394.727796,-46422.239393,-69575.950503
1762668931.867221,-39351.310581,-44429.820031,-46439.025551,-69585.487247
1762668931.863221,-39334.144443,-44421.810657,-46436.354518,-69580.905139
1762668931.867221,-39281.502366,-44375.654310,-46422.619373,-69570.228457
1762668931.883517,-39269.294590,-44352.002442,-46419.188380,-69563.739002
1762668931.887517,-39310.112596,-44380.612671,-46425.674111,-69574.043155
1762668931.893599,-39367.333055,-44443.555176,-46447.034925,-69594.644010
1762668931.897599,-39344.444871,-44428.296387,-46443.983912,-69585.867226
1762668931.903775,-39268.530905,-44358.868152,-46417.281032,-69562.599063
1762668931.907775,-39252.892137,-44342.845678,-46408.124268,-69558.404386
1762668931.903775,-39304.006845,-44395.107776,-46426.434070,-69576.710463
1762668931.907775,-39342.537522,-44439.740479,-46439.785510,-69588.534534
1762668931.903775,-39310.112596,-44419.903308,-46430.248767,-69583.959877
1762668931.907775,-39244.879037,-44362.302870,-46405.453235,-69567.941129
1762668931.923928,-39243.735373,-44364.970177,-46402.022243,-69567.941129
1762668931.927928,-39296.761155,-44401.209801,-46418.044716,-69578.997791
1762668931.923928,-39339.866489,-44436.689466,-46434.447169,-69586.627185
1762668931.927928,-39311.636239,-44419.903308,-46427.581459,-69579.385221
1762668931.934066,-39258.230478,-44380.992651,-46410.795301,-69567.941129
1762668931.938066,-39251.744747,-44363.062829,-46402.402222,-69564.126432
1762668931.934066,-39292.562753,-44388.622046,-46413.846314,-69571.755826
1762668931.938066,-39338.722825,-44442.791492,-46432.919800,-69585.107267
1762668931.954308,-39304.390550,-44418.759644,-46425.674111,-69576.330483
1762668931.958308,-39234.578609,-44350.095093,-46401.258558,-69551.914930
1762668931.954308,-39231.527597,-44332.545251,-46391.721815,-69546.192884
1762668931.958308,-39298.284799,-44389.765710,-46414.230019,-69569.081068
1762668931.974530,-39338.722825,-44426.005334,-46432.156116,-69579.765201
1762668931.978530,-39310.492575,-44401.973486,-46427.197754,-69568.321109
1762668931.984658,-39249.077439,-44342.845678,-46407.744288,-69549.627602
1762668931.988658,-39262.428880,-44356.580824,-46411.558986,-69556.109607
1762668931.992659,-39293.326437,-44384.043664,-46423.766762,-69566.033781
1762668931.996659,-39329.566061,-44414.561242,-46431.396157,-69575.183094
1762668931.984658,-39294.853806,-44398.922473,-46421.095729,-69567.553699
1762668931.988658,-39247.550070,-44355.817139,-46404.693276,-69551.914930
1762668931.994800,-39240.300655,-44343.229383,-46399.731189,-69545.812905
1762668931.998800,-39279.211313,-44376.034290,-46410.415322,-69556.877017
1762668932.035182,-39333.380759,-44437.449425,-46432.919800,-69578.617811
1762668932.039181,-39306.297898,-44419.139624,-46428.725123,-69572.135806
1762668932.035182,-39238.777012,-44361.155480,-46404.309571,-69553.442299
1762668932.039181,-39243.355393,-44348.187745,-46398.587525,-69551.534951
1762668932.035182,-39295.997471,-44395.107776,-46413.466334,-69564.886391
1762668932.039181,-39333.380759,-44430.967420,-46427.197754,-69573.663175
1762668932.035182,-39300.955832,-44401.973486,-46417.661011,-69561.831653
1762668932.039181,-39226.569235,-44331.021607,-46392.485499,-69535.516202
1762668932.045296,-39238.777012,-44342.845678,-46397.823840,-69540.090859
1762668932.049296,-39280.738682,-44372.983277,-46413.082629,-69545.812905
1762668932.045296,-39319.649339,-44408.459216,-46428.341419,-69556.497037
1762668932.049296,-39300.955832,-44393.200427,-46423.003078,-69555.349648
1762668932.063073,-39239.540696,-44343.989342,-46401.638538,-69538.183510
1762668932.067073,-39235.725999,-44342.845678,-46394.009143,-69541.618228
1762668932.075725,-39275.780320,-44372.983277,-46404.693276,-69553.822279
1762668932.079725,-39339.866489,-44432.491064,-46422.619373,-69572.515786
1762668932.083725,-39310.872555,-44412.653893,-46418.424696,-69564.126432
1762668932.087725,-39242.208004,-44349.331409,-46399.351209,-69544.285536
1762668932.075725,-39225.425571,-44333.692640,-46392.485499,-69540.470839
1762668932.079725,-39284.553379,-44387.478381,-46412.702650,-69559.544325
1762668932.085929,-39330.329746,-44424.097985,-46430.632472,-69570.228457
1762668932.089929,-39302.099496,-44400.066137,-46423.383057,-69559.544325
1762668932.085929,-39230.763912,-44339.030981,-46393.249184,-69537.036121
1762668932.089929,-39237.249643,-44349.331409,-46397.063881,-69545.432925
1762668932.116245,-39283.789694,-44388.242066,-46409.267932,-69558.404386
1762668932.120245,-39322.700351,-44421.046972,-46423.383057,-69565.646350
1762668932.116245,-39300.575852,-44411.510229,-46420.712024,-69561.071694
1762668932.120245,-39244.115353,-44361.539185,-46397.443861,-69545.432925
1762668932.116245,-39234.962314,-44345.136732,-46392.101794,-69540.090859
1762668932.120245,-39275.016636,-44371.075928,-46399.731189,-69548.480213
1762668932.116245,-39324.607700,-44427.152723,-46420.712024,-69567.553699
1762668932.120245,-39289.511740,-44402.737170,-46412.702650,-69555.729628
1762668932.136394,-39226.569235,-44337.887317,-46390.578151,-69533.988833
1762668932.140393,-39214.361459,-44318.813831,-46379.514039,-69526.359439
1762668932.146559,-39273.872972,-44372.983277,-46404.693276,-69546.572864
1762668932.150559,-39320.793003,-44413.801283,-46422.239393,-69558.404386
1762668932.146559,-39296.761155,-44393.200427,-46410.031617,-69550.774992
1762668932.150559,-39235.342294,-44334.836304,-46389.814466,-69532.841444
1762668932.166728,-39231.147617,-44329.877943,-46384.856105,-69531.701505
1762668932.170728,-39274.632931,-44365.733862,-46399.731189,-69541.998208
1762668932.179949,-39317.358285,-44403.500855,-46416.517347,-69554.589689
1762668932.183949,-39299.048483,-44394.727796,-46411.175281,-69549.627602
1762668932.187949,-39244.879037,-44350.475073,-46395.156533,-69536.656141
1762668932.191949,-39241.828024,-44337.507337,-46389.050782,-69534.368813
1762668932.179949,-39278.831333,-44366.877526,-46403.165907,-69545.432925
1762668932.183949,-39333.760738,-44426.769018,-46426.054090,-69564.506412
1762668932.197084,-39303.243160,-44411.893934,-46421.095729,-69556.497037
1762668932.201084,-39239.156991,-44354.289770,-46397.063881,-69539.330900
1762668932.207262,-39228.476584,-44340.558350,-46388.670802,-69538.943470
1762668932.211262,-39287.984371,-44400.829822,-46410.031617,-69559.924304
1762668932.215262,-39325.371385,-44437.449425,-46426.817775,-69569.848478
1762668932.219262,-39294.090122,-44409.602880,-46413.846314,-69560.691714
1762668932.217372,-39226.189256,-44347.424060,-46390.194446,-69536.656141
1762668932.221372,-39232.291281,-44352.002442,-46390.578151,-69538.183510
1762668932.225372,-39266.243577,-44378.321618,-46406.600624,-69547.720253
1762668932.229372,-39317.741990,-44414.944947,-46420.712024,-69558.404386
1762668932.227467,-39298.668504,-44404.644519,-46416.897327,-69551.914930
1762668932.231467,-39231.147617,-44350.475073,-46396.680176,-69537.423551
1762668932.237606,-39229.240268,-44335.979968,-46387.527138,-69537.036121
1762668932.241606,-39272.345603,-44367.641211,-46400.494874,-69548.480213
1762668932.237606,-39322.316647,-44421.810657,-46421.475708,-69563.739002
1762668932.241606,-39294.090122,-44400.449842,-46415.753663,-69553.062320
1762668932.257800,-39221.610874,-44340.938330,-46394.392848,-69533.608854
1762668932.261800,-39230.763912,-44326.823205,-46385.999769,-69532.081485
1762668932.267966,-39292.946458,-44390.529394,-46407.744288,-69550.774992
1762668932.271966,-39333.760738,-44423.338026,-46422.239393,-69562.599063
1762668932.267966,-39306.297898,-44400.449842,-46417.281032,-69554.969668
1762668932.271966,-39236.105978,-44347.804040,-46393.249184,-69536.276162
1762668932.280079,-39240.684360,-44350.095093,-46389.814466,-69537.803531
1762668932.284079,-39287.984371,-44382.520020,-46402.022243,-69551.534951
1762668932.288116,-39324.607700,-44413.801283,-46412.702650,-69559.164345
1762668932.292115,-39298.284799,-44400.449842,-46410.795301,-69553.062320
1762668932.298234,-39241.448045,-44353.909791,-46393.249184,-69535.896182
1762668932.302233,-39236.105978,-44342.081994,-46386.379749,-69533.221424
1762668932.298234,-39278.067648,-44373.746961,-46401.638538,-69543.905556
1762668932.302233,-39333.380759,-44434.782118,-46426.434070,-69563.359022
1762668932.308375,-39304.006845,-44414.181262,-46422.619373,-69554.969668
1762668932.312375,-39234.962314,-44352.766126,-46398.587525,-69533.988833
1762668932.308375,-39231.527597,-44339.794666,-46397.063881,-69530.174136
1762668932.312375,-39289.891720,-44397.395104,-46416.897327,-69550.774992
1762668932.328670,-39325.371385,-44425.245374,-46426.054090,-69558.784366
1762668932.332670,-39295.233786,-44398.158789,-46417.661011,-69550.774992
1762668932.328670,-39229.240268,-44344.373047,-46392.865479,-69534.368813
1762668932.332670,-39240.684360,-44348.567724,-46392.865479,-69536.656141
1762668932.348858,-39287.224412,-44379.085302,-46407.360584,-69546.572864
1762668932.352858,-39330.709726,-44413.801283,-46423.003078,-69553.822279
1762668932.348858,-39289.891720,-44400.829822,-46408.887953,-69549.627602
1762668932.352858,-39216.268808,-44350.858778,-46386.379749,-69533.988833
1762668932.358997,-39233.818650,-44340.174645,-46389.814466,-69530.554116
1762668932.362997,-39285.317063,-44367.641211,-46400.878578,-69541.998208
1762668932.358997,-39339.866489,-44429.820031,-46423.003078,-69559.164345
1762668932.362997,-39306.677878,-44411.510229,-46417.281032,-69550.774992
1762668932.369106,-39246.786386,-44352.002442,-46393.249184,-69536.656141
1762668932.373106,-39243.355393,-44340.174645,-46387.907118,-69533.221424
1762668932.399287,-39294.090122,-44399.686158,-46408.507973,-69553.822279
1762668932.403287,-39330.329746,-44432.491064,-46419.952065,-69564.506412
1762668932.399287,-39304.770529,-44408.459216,-46413.466334,-69556.109607
1762668932.403287,-39245.262742,-44352.766126,-46392.865479,-69537.036121
1762668932.407287,-39248.693734,-44354.673475,-46390.958130,-69537.036121
1762668932.411287,-39290.275425,-44387.478381,-46410.031617,-69547.720253
1762668932.399287,-39324.987680,-44421.430677,-46424.526721,-69556.877017
1762668932.403287,-39295.997471,-44407.695532,-46417.281032,-69550.774992
1762668932.419526,-39233.818650,-44351.618737,-46397.823840,-69531.701505
1762668932.423526,-39234.198630,-44338.267297,-46394.392848,-69527.119398
1762668932.419526,-39274.252951,-44366.117567,-46405.073255,-69535.896182
1762668932.423526,-39326.895028,-44422.190636,-46427.197754,-69554.202259
1762668932.429613,-39294.853806,-44398.542494,-46419.188380,-69544.665515
1762668932.433613,-39224.661887,-44331.021607,-46392.101794,-69522.544742
1762668932.439662,-39220.083505,-44320.721179,-46386.763453,-69520.249963
1762668932.443662,-39272.725582,-44378.705323,-46410.031617,-69543.525577
1762668932.449843,-39320.409298,-44416.088611,-46430.248767,-69556.877017
1762668932.453843,-39294.090122,-44392.820448,-46419.188380,-69551.154971
1762668932.449843,-39227.712899,-44336.743653,-46395.156533,-69532.841444
1762668932.453843,-39238.013327,-44348.951429,-46398.207545,-69538.563490
1762668932.459939,-39279.211313,-44378.321618,-46409.267932,-69549.627602
1762668932.463939,-39318.501949,-44412.273914,-46424.910426,-69558.404386
1762668932.459939,-39302.483201,-44408.459216,-46424.146742,-69555.729628
1762668932.463939,-39237.249643,-44355.817139,-46403.165907,-69540.090859
1762668932.490277,-39229.240268,-44337.887317,-46389.050782,-69532.841444
1762668932.494277,-39272.345603,-44367.641211,-46396.680176,-69545.052946
1762668932.490277,-39336.815476,-44433.634728,-46429.868788,-69568.701088
1762668932.494277,-39303.243160,-44411.130250,-46429.105103,-69559.924304
1762668932.498277,-39225.425571,-44347.424060,-46400.878578,-69533.608854
1762668932.502277,-39213.597775,-44332.545251,-46389.814466,-69529.786706
1762668932.510526,-39275.016636,-44392.056763,-46408.507973,-69552.682340
1762668932.514526,-39309.728891,-44421.810657,-46427.197754,-69560.691714
1762668932.510526,-39287.984371,-44397.015125,-46419.188380,-69547.720253
1762668932.514526,-39227.712899,-44342.081994,-46399.731189,-69528.266788
1762668932.520627,-39230.003953,-44341.702014,-46402.785927,-69531.314075
1762668932.524627,-39271.201938,-44375.654310,-46416.137367,-69543.145597
1762668932.520627,-39313.163608,-44410.366565,-46430.632472,-69554.589689
1762668932.524627,-39292.182773,-44402.357191,-46428.725123,-69551.534951
1762668932.540826,-39227.332920,-44348.951429,-46410.415322,-69532.841444
1762668932.544826,-39226.569235,-44341.322035,-46407.744288,-69530.554116
1762668932.540826,-39274.252951,-44368.404895,-46419.952065,-69542.378187
1762668932.544826,-39328.802377,-44427.532703,-46439.025551,-69564.126432
1762668932.550944,-39297.521114,-44401.593506,-46429.488808,-69552.294910
1762668932.554944,-39229.620248,-44335.599989,-46407.360584,-69532.461464
1762668932.550944,-39230.763912,-44329.114258,-46403.929591,-69532.461464
1762668932.554944,-39295.613766,-44390.529394,-46422.619373,-69552.294910
1762668932.580499,-39332.237095,-44424.097985,-46436.734498,-69560.691714
1762668932.584499,-39296.377450,-44396.635145,-46427.197754,-69548.100233
1762668932.581530,-39232.291281,-44342.081994,-46407.744288,-69530.934095
1762668932.585530,-39238.393307,-44352.002442,-46407.360584,-69532.461464
1762668932.589530,-39280.354977,-44389.005750,-46422.619373,-69543.145597
1762668932.593530,-39319.265634,-44420.666993,-46436.734498,-69554.969668
1762668932.581530,-39297.141135,-44410.746545,-46432.919800,-69550.387561
1762668932.585530,-39230.383933,-44358.488172,-46408.124268,-69530.934095
1762668932.601770,-39227.332920,-44353.526086,-46401.258558,-69530.174136
1762668932.605770,-39266.243577,-44381.756335,-46415.753663,-69539.330900
1762668932.601770,-39326.895028,-44443.935156,-46437.878162,-69561.451674
1762668932.605770,-39297.521114,-44422.574341,-46431.776136,-69550.007582
1762668932.611880,-39231.527597,-44363.446534,-46407.744288,-69529.406726
1762668932.615880,-39227.712899,-44355.053455,-46405.073255,-69527.879357
1762668932.632033,-39276.923984,-44409.222901,-46421.859413,-69546.192884
1762668932.636033,-39320.409298,-44438.976794,-46434.827149,-69556.109607
1762668932.642116,-39288.368076,-44417.232275,-46429.105103,-69548.867643
1762668932.646116,-39234.578609,-44363.446534,-46411.175281,-69530.934095
1762668932.642116,-39239.156991,-44357.340783,-46409.267932,-69530.174136
1762668932.646116,-39286.840707,-44393.964112,-46423.003078,-69543.525577
1762668932.652274,-39318.885654,-44426.769018,-46435.590833,-69554.202259
1762668932.656274,-39288.368076,-44414.181262,-46429.488808,-69548.100233
1762668932.660274,-39232.291281,-44361.539185,-46406.216919,-69531.314075
1762668932.664274,-39244.879037,-44355.433434,-46402.785927,-69530.554116
1762668932.672419,-39273.109287,-44385.951012,-46417.281032,-69536.276162
1762668932.676419,-39329.946041,-44451.564550,-46439.405531,-69557.636976
1762668932.672419,-39302.483201,-44429.060072,-46434.827149,-69551.534951
1762668932.676419,-39238.393307,-44361.539185,-46412.702650,-69527.499378
1762668932.682581,-39231.147617,-44341.322035,-46407.744288,-69523.684680
1762668932.686581,-39283.409715,-44397.395104,-46427.581459,-69541.618228
1762668932.690582,-39309.348911,-44427.912682,-46433.303505,-69548.480213
1762668932.694582,-39272.725582,-44399.686158,-46420.712024,-69533.988833
1762668932.692680,-39205.968380,-44343.989342,-46402.402222,-69519.490004
1762668932.696680,-39214.745164,-44352.382421,-46400.494874,-69523.684680
1762668932.702768,-39258.230478,-44385.191053,-46409.267932,-69535.128772
1762668932.706768,-39300.575852,-44422.190636,-46424.910426,-69546.192884
1762668932.702768,-39281.502366,-44421.810657,-46422.239393,-69543.525577
1762668932.706768,-39225.041866,-44375.270605,-46402.402222,-69529.406726
1762668932.723054,-39224.661887,-44367.261231,-46398.207545,-69530.934095
1762668932.727054,-39270.058274,-44401.593506,-46413.466334,-69541.998208
1762668932.733455,-39331.853390,-44465.299696,-46442.076564,-69561.451674
1762668932.737455,-39305.534214,-44439.356774,-46438.641846,-69551.154971
1762668932.741456,-39234.962314,-44369.168580,-46411.938965,-69524.064660
1762668932.745456,-39234.578609,-44362.302870,-46409.267932,-69522.924721
1762668932.752022,-39290.275425,-44413.801283,-46423.766762,-69543.145597
1762668932.756022,-39323.080331,-44443.555176,-46433.303505,-69550.387561
1762668932.752654,-39291.039109,-44417.615980,-46425.674111,-69539.330900
1762668932.756654,-39233.054966,-44371.839613,-46406.216919,-69525.972009
1762668932.773299,-39233.818650,-44366.877526,-46405.073255,-69525.592029
1762668932.777299,-39273.109287,-44397.015125,-46415.373683,-69534.368813
1762668932.773299,-39303.243160,-44426.005334,-46431.396157,-69544.665515
1762668932.777299,-39284.169674,-44418.759644,-46427.197754,-69537.036121
1762668932.780861,-39226.569235,-44358.488172,-46403.545886,-69513.387978
1762668932.784861,-39216.652513,-44343.609363,-46400.114894,-69508.805871
1762668932.780861,-39259.757847,-44377.561659,-46411.938965,-69521.017373
1762668932.784861,-39316.594601,-44445.078820,-46439.025551,-69550.007582
1762668932.793501,-39280.354977,-44419.523329,-46427.961439,-69539.330900
1762668932.797501,-39210.930467,-44362.682849,-46401.638538,-69519.110024
1762668932.793501,-39214.745164,-44355.433434,-46390.958130,-69519.490004
1762668932.797501,-39280.738682,-44409.602880,-46411.938965,-69538.943470
1762668932.815673,-39319.649339,-44446.226209,-46429.488808,-69547.340274
1762668932.819673,-39291.039109,-44432.874769,-46422.619373,-69539.710879
1762668932.827032,-39244.499058,-44392.056763,-46407.360584,-69526.359439
1762668932.831032,-39255.179465,-44400.066137,-46412.322670,-69530.174136
1762668932.835032,-39297.521114,-44432.874769,-46429.488808,-69537.803531
1762668932.839032,-39337.575436,-44462.244958,-46442.456543,-69548.100233
1762668932.828093,-39330.329746,-44455.762953,-46433.683485,-69546.572864
1762668932.832093,-39255.943149,-44395.107776,-46410.415322,-69528.646767
1762668932.842160,-39243.355393,-44377.941638,-46405.453235,-69522.157311
1762668932.846159,-39284.169674,-44405.788183,-46415.373683,-69529.406726
1762668932.843529,-39333.000779,-44464.915991,-46445.127577,-69548.480213
1762668932.847529,-39292.182773,-44437.833130,-46433.683485,-69535.128772
1762668932.854396,-39224.661887,-44376.797974,-46406.980604,-69516.055286
1762668932.858396,-39223.134518,-44364.590198,-46401.638538,-69512.620568
1762668932.870669,-39280.738682,-44414.561242,-46423.383057,-69535.516202
1762668932.874669,-39312.779903,-44443.171471,-46438.261867,-69546.192884
1762668932.870669,-39280.738682,-44417.232275,-46429.868788,-69535.516202
1762668932.874669,-39220.847189,-44361.919165,-46403.929591,-69518.730044
1762668932.880906,-39225.425571,-44361.539185,-46407.744288,-69520.249963
1762668932.884906,-39268.910885,-44394.727796,-46422.239393,-69528.646767
1762668932.880906,-39309.728891,-44427.152723,-46432.539821,-69535.128772
1762668932.884906,-39286.840707,-44421.430677,-46432.156116,-69532.841444
1762668932.901157,-39225.805551,-44371.839613,-46414.609998,-69514.915347
1762668932.905157,-39229.240268,-44367.261231,-46409.267932,-69515.295327
1762668932.901157,-39277.687669,-44406.551868,-46421.475708,-69529.026747
1762668932.905157,-39333.760738,-44472.165406,-46444.747597,-69547.340274
1762668932.911242,-39308.965206,-44453.091919,-46439.785510,-69538.183510
1762668932.915242,-39248.313755,-44396.635145,-46414.609998,-69519.869983
1762668932.911242,-39246.406406,-44393.200427,-46409.651637,-69521.397352
1762668932.915242,-39310.112596,-44449.657202,-46429.105103,-69540.090859
1762668932.931484,-39349.019527,-44483.609498,-46442.456543,-69549.627602
1762668932.935484,-39321.556687,-44456.906617,-46435.210854,-69535.896182
1762668932.931484,-39263.188839,-44405.788183,-46415.753663,-69517.202675
1762668932.935484,-39266.243577,-44408.079237,-46413.082629,-69515.295327
1762668932.941576,-39301.335812,-44434.018433,-46420.332044,-69528.646767
1762668932.945576,-39335.288107,-44460.337609,-46429.868788,-69536.656141
1762668932.961842,-39325.751364,-44453.855604,-46430.248767,-69533.988833
1762668932.965842,-39252.508432,-44389.385730,-46411.938965,-69513.767958
1762668932.972095,-39240.684360,-44376.414269,-46405.453235,-69510.333240
1762668932.976095,-39272.725582,-44401.973486,-46414.609998,-69516.435266
1762668932.980095,-39312.019944,-44448.513538,-46433.303505,-69533.608854
1762668932.984095,-39274.632931,-44414.181262,-46421.859413,-69521.777332
1762668932.972095,-39204.444736,-44351.238757,-46397.823840,-69501.176476
1762668932.976095,-39210.166782,-44350.858778,-46396.680176,-69503.083825
1762668932.982270,-39263.188839,-44406.931847,-46414.609998,-69525.972009
1762668932.986270,-39309.728891,-44446.226209,-46432.919800,-69541.618228
1762668932.992368,-39281.502366,-44423.718005,-46425.674111,-69533.988833
1762668932.996368,-39218.559861,-44374.126941,-46402.402222,-69516.055286
1762668933.002472,-39225.041866,-44376.414269,-46401.258558,-69516.055286
1762668933.006472,-39271.201938,-44408.459216,-46416.517347,-69524.452090
1762668933.002472,-39304.770529,-44438.213110,-46431.012452,-69533.221424
1762668933.006472,-39293.706417,-44443.555176,-46431.012452,-69536.276162
1762668933.012553,-39231.911302,-44391.293079,-46407.744288,-69520.249963
1762668933.016553,-39228.856564,-44382.520020,-46401.258558,-69518.730044
1762668933.022729,-39275.016636,-44419.139624,-46413.846314,-69530.934095
1762668933.026729,-39332.237095,-44481.702149,-46438.641846,-69553.442299
1762668933.032827,-39298.668504,-44456.522912,-46434.447169,-69543.145597
1762668933.036827,-39230.003953,-44398.158789,-46413.082629,-69522.924721
1762668933.032827,-39234.198630,-44393.200427,-46410.031617,-69524.452090
1762668933.036827,-39293.326437,-44447.369874,-46425.290406,-69541.238248
1762668933.053128,-39315.834641,-44472.165406,-46437.118202,-69549.247622
1762668933.057128,-39286.460727,-44444.698840,-46430.248767,-69537.803531
1762668933.065238,-39227.332920,-44391.293079,-46408.507973,-69518.730044
1762668933.069238,-39221.610874,-44387.858361,-46410.795301,-69517.202675
1762668933.065238,-39268.150926,-44418.375939,-46427.961439,-69527.499378
1762668933.069238,-39305.534214,-44448.893517,-46439.025551,-69538.563490
1762668933.065238,-39280.738682,-44440.504164,-46436.354518,-69534.748793
1762668933.069238,-39217.032492,-44385.571033,-46412.702650,-69514.527917
1762668933.081359,-39214.361459,-44367.261231,-46404.309571,-69508.425891
1762668933.085359,-39250.984788,-44392.820448,-46412.702650,-69513.387978
1762668933.103641,-39308.965206,-44465.299696,-46439.405531,-69538.563490
1762668933.107641,-39283.026010,-44440.884143,-46435.590833,-69528.266788
1762668933.103641,-39213.217795,-44376.797974,-46411.938965,-69506.138563
1762668933.107641,-39214.361459,-44377.177954,-46407.360584,-69508.425891
1762668933.111641,-39268.910885,-44427.912682,-46429.488808,-69525.592029
1762668933.115641,-39306.677878,-44461.484998,-46443.600208,-69535.128772
1762668933.103641,-39272.725582,-44431.347400,-46426.054090,-69522.544742
1762668933.107641,-39217.412472,-44386.714697,-46405.073255,-69506.138563
1762668933.123901,-39219.703525,-44384.427369,-46403.165907,-69504.611194
1762668933.127901,-39257.086813,-44409.986585,-46412.702650,-69513.767958
1762668933.123901,-39284.553379,-44436.305761,-46421.859413,-69521.017373
1762668933.127901,-39263.572544,-44430.967420,-46419.952065,-69519.110024
1762668933.134065,-39195.287973,-44371.075928,-46396.680176,-69499.269128
1762668933.138065,-39191.093296,-44360.011816,-46389.434487,-69498.509169
1762668933.154472,-39234.962314,-44393.580407,-46403.545886,-69513.387978
1762668933.158472,-39285.317063,-44450.800866,-46427.581459,-69529.786706
1762668933.162472,-39253.652096,-44422.190636,-46419.952065,-69517.202675
1762668933.166472,-39182.320237,-44359.248132,-46393.629164,-69495.074451
1762668933.154472,-39180.412889,-44352.382421,-46385.999769,-69494.314492
1762668933.158472,-39244.499058,-44410.746545,-46408.887953,-69512.620568
1762668933.164623,-39291.799068,-44448.893517,-46428.341419,-69522.157311
1762668933.168623,-39257.086813,-44423.338026,-46418.424696,-69512.240589
1762668933.164623,-39195.671678,-44380.612671,-46398.207545,-69500.796497
1762668933.168623,-39209.403098,-44388.242066,-46404.309571,-69505.758584
1762668933.198781,-39251.744747,-44423.338026,-46419.188380,-69517.202675
1762668933.202781,-39284.169674,-44455.379248,-46432.919800,-69524.452090
1762668933.198781,-39273.872972,-44446.986169,-46433.303505,-69521.777332
1762668933.202781,-39211.310446,-44385.571033,-46406.600624,-69502.323866
1762668933.206781,-39207.495749,-44375.654310,-46398.587525,-69499.656558
1762668933.210781,-39254.415780,-44406.171888,-46410.415322,-69509.573281
1762668933.231873,-39311.636239,-44463.392347,-46435.210854,-69527.499378
1762668933.235873,-39274.632931,-44432.874769,-46423.003078,-69513.767958
1762668933.242152,-39206.732064,-44376.034290,-46400.114894,-69492.787123
1762668933.246152,-39203.681052,-44368.024915,-46397.823840,-69492.787123
1762668933.250152,-39246.786386,-44407.315552,-46413.466334,-69504.991174
1762668933.254152,-39292.562753,-44442.027807,-46421.095729,-69517.202675
1762668933.252668,-39249.457419,-44409.986585,-46406.980604,-69504.611194
1762668933.256668,-39181.172848,-44358.488172,-46391.721815,-69485.917687
1762668933.252668,-39187.658578,-44359.248132,-46390.194446,-69489.732385
1762668933.256668,-39225.425571,-44392.820448,-46398.207545,-69501.563907
1762668933.252668,-39256.323129,-44415.708631,-46408.887953,-69505.758584
1762668933.256668,-39250.601083,-44424.861670,-46411.175281,-69507.285953
1762668933.252668,-39188.802242,-44375.654310,-46395.156533,-69493.547082
1762668933.256668,-39182.700217,-44363.062829,-46390.194446,-69491.259754
1762668933.283322,-39239.920676,-44404.264539,-46407.360584,-69506.138563
1762668933.287322,-39293.706417,-44466.443360,-46434.447169,-69526.739419
1762668933.283322,-39258.994162,-44441.647828,-46425.674111,-69515.675306
1762668933.287322,-39196.431637,-44382.136315,-46403.929591,-69497.361779
1762668933.291322,-39204.444736,-44382.520020,-46402.402222,-69497.749209
1762668933.295322,-39262.045175,-44435.542077,-46421.859413,-69514.147937
1762668933.283322,-39307.821542,-44472.929090,-46440.549195,-69522.924721
1762668933.287322,-39275.016636,-44442.791492,-46435.590833,-69510.713220
1762668933.283322,-39222.374558,-44396.251440,-46414.230019,-69492.787123
1762668933.287322,-39236.485958,-44404.644519,-46411.938965,-69497.361779
1762668933.303518,-39275.396615,-44432.874769,-46423.383057,-69509.953260
1762668933.307518,-39306.677878,-44460.721314,-46432.156116,-69517.202675
1762668933.303518,-39283.026010,-44461.101294,-46429.488808,-69517.202675
1762668933.307518,-39209.023118,-44392.436743,-46402.022243,-69499.269128
1762668933.313640,-39196.431637,-44372.219592,-46393.249184,-69491.639733
1762668933.317640,-39234.962314,-44403.500855,-46402.785927,-69502.703846
1762668933.333844,-39279.595017,-44456.142932,-46419.952065,-69519.869983
1762668933.337844,-39249.837399,-44422.574341,-46405.073255,-69503.083825
1762668933.333844,-39173.927158,-44354.673475,-46380.657703,-69476.380944
1762668933.337844,-39179.265499,-44350.475073,-46378.750354,-69480.195642
1762668933.343979,-39230.383933,-44397.015125,-46398.207545,-69498.129189
1762668933.347979,-39264.716208,-44432.874769,-46413.846314,-69507.285953
1762668933.343979,-39231.911302,-44406.931847,-46406.600624,-69493.547082
1762668933.347979,-39182.700217,-44364.590198,-46389.814466,-69479.435682
1762668933.364160,-39187.278599,-44368.784875,-46390.958130,-69484.397769
1762668933.368160,-39236.869663,-44407.695532,-46404.693276,-69497.749209
1762668933.364160,-39277.687669,-44439.356774,-46417.281032,-69507.285953
1762668933.368160,-39271.581918,-44444.698840,-46418.804675,-69508.045912
1762668933.384392,-39210.930467,-44390.913099,-46402.022243,-69489.732385
1762668933.388392,-39219.703525,-44383.283705,-46393.629164,-69487.825036
1762668933.394462,-39262.045175,-44414.181262,-46404.309571,-69498.129189
1762668933.398462,-39315.070957,-44477.887452,-46437.118202,-69518.730044
1762668933.402462,-39284.553379,-44450.420886,-46431.012452,-69504.231215
1762668933.406462,-39214.361459,-44384.427369,-46403.545886,-69479.815662
1762668933.404601,-39209.023118,-44383.663684,-46395.916492,-69480.195642
1762668933.408601,-39260.137826,-44433.634728,-46413.846314,-69497.361779
1762668933.412601,-39289.891720,-44460.721314,-46426.817775,-69507.665932
1762668933.416601,-39253.272116,-44430.203736,-46417.661011,-69498.889148
1762668933.404601,-39200.630039,-44386.334717,-46397.443861,-69484.010339
1762668933.408601,-39207.875729,-44385.191053,-46398.587525,-69485.917687
1762668933.424778,-39250.221103,-44414.561242,-46409.651637,-69496.601820
1762668933.428777,-39277.687669,-44433.634728,-46417.281032,-69500.416517
1762668933.434938,-39256.706834,-44427.152723,-46415.373683,-69495.841861
1762668933.438938,-39189.565927,-44361.919165,-46393.249184,-69472.953677
1762668933.442938,-39179.265499,-44347.804040,-46391.341835,-69469.138980
1762668933.446938,-39228.856564,-44384.807348,-46406.980604,-69483.250380
1762668933.455258,-39284.169674,-44450.420886,-46429.868788,-69502.703846
1762668933.459258,-39246.406406,-44425.245374,-46421.095729,-69493.167102
1762668933.455258,-39182.700217,-44365.353882,-46391.341835,-69479.815662
1762668933.459258,-39188.042283,-44366.877526,-46389.050782,-69485.157728
1762668933.475473,-39239.156991,-44413.801283,-46405.836940,-69499.656558
1762668933.479473,-39276.923984,-44451.564550,-46417.661011,-69508.045912
1762668933.485675,-39244.879037,-44421.430677,-46409.651637,-69492.787123
1762668933.489675,-39197.195321,-44377.561659,-46393.629164,-69474.473596
1762668933.493675,-39205.968380,-44372.983277,-46396.680176,-69474.093616
1762668933.497675,-39262.428880,-44408.459216,-46412.322670,-69489.352405
1762668933.485675,-39306.297898,-44450.800866,-46429.488808,-69504.611194
1762668933.489675,-39275.780320,-44448.893517,-46431.776136,-69500.036538
1762668933.495791,-39204.824716,-44381.376356,-46406.600624,-69480.583072
1762668933.499791,-39212.837815,-44375.270605,-46402.022243,-69484.397769
1762668933.495791,-39259.757847,-44418.759644,-46411.938965,-69497.361779
1762668933.499791,-39305.534214,-44473.309070,-46431.396157,-69513.007998
1762668933.515922,-39273.489267,-44446.606189,-46425.290406,-69501.563907
1762668933.519922,-39212.837815,-44384.043664,-46405.836940,-69480.963051
1762668933.515922,-39214.361459,-44379.085302,-46405.836940,-69482.870400
1762668933.519922,-39268.150926,-44425.245374,-46424.526721,-69499.269128
1762668933.526061,-39303.626865,-44454.235584,-46441.312879,-69508.805871
1762668933.530061,-39265.096188,-44419.523329,-46428.341419,-69496.221840
1762668933.526061,-39205.588400,-44368.024915,-46405.073255,-69479.435682
1762668933.530061,-39202.917367,-44359.248132,-46398.971230,-69476.768374
1762668933.546197,-39242.208004,-44393.580407,-46409.267932,-69484.010339
1762668933.550197,-39279.974997,-44427.532703,-46423.003078,-69493.167102
1762668933.546197,-39256.706834,-44427.152723,-46425.674111,-69495.454431
1762668933.550197,-39196.051657,-44371.839613,-46400.878578,-69478.675723
1762668933.566444,-39197.579026,-44370.692223,-46396.680176,-69479.055703
1762668933.570444,-39245.262742,-44408.459216,-46409.267932,-69488.592446
1762668933.576542,-39290.655404,-44457.286596,-46430.632472,-69508.805871
1762668933.580542,-39259.374142,-44429.060072,-46420.712024,-69498.889148
1762668933.576542,-39197.959006,-44371.455908,-46391.721815,-69477.908313
1762668933.580542,-39192.236960,-44362.302870,-46385.236084,-69476.768374
1762668933.586709,-39235.342294,-44403.880835,-46398.207545,-69487.825036
1762668933.590709,-39288.368076,-44450.420886,-46423.003078,-69503.851235
1762668933.586709,-39247.550070,-44424.481690,-46413.082629,-69492.407143
1762668933.590709,-39189.185947,-44376.414269,-46392.485499,-69476.000965
1762668933.615590,-39193.764329,-44377.941638,-46394.772828,-69478.288293
1762668933.619590,-39242.971689,-44422.190636,-46408.887953,-69492.027164
1762668933.621073,-39277.303964,-44451.948255,-46420.332044,-69503.083825
1762668933.625073,-39256.706834,-44451.564550,-46421.095729,-69503.083825
1762668933.629073,-39185.371250,-44387.858361,-46395.536512,-69479.055703
1762668933.633073,-39187.278599,-44370.312244,-46393.629164,-69473.713636
1762668933.621073,-39234.578609,-44402.357191,-46407.744288,-69484.397769
1762668933.625073,-39285.317063,-44458.430260,-46429.868788,-69503.471255
1762668933.632438,-39244.879037,-44426.389039,-46420.332044,-69489.732385
1762668933.636438,-39177.741855,-44364.970177,-46396.300197,-69466.844201
1762668933.638199,-39180.792868,-44362.682849,-46395.156533,-69471.426308
1762668933.642199,-39233.054966,-44414.181262,-46412.322670,-69490.119815
1762668933.654438,-39271.965623,-44450.040907,-46426.054090,-69504.231215
1762668933.658438,-39241.448045,-44421.046972,-46419.952065,-69491.639733
1762668933.654438,-39180.029184,-44380.612671,-46400.494874,-69474.861026
1762668933.658438,-39183.463901,-44374.506921,-46398.971230,-69475.620985
1762668933.666682,-39235.342294,-44407.695532,-46413.082629,-69484.397769
1762668933.670681,-39270.438254,-44435.162097,-46421.475708,-69490.879774
1762668933.667702,-39247.170091,-44430.203736,-46419.568360,-69486.305118
1762668933.671702,-39184.607565,-44374.126941,-46398.971230,-69467.991590
1762668933.682137,-39186.514914,-44365.353882,-46395.536512,-69467.611611
1762668933.686136,-39229.620248,-44401.973486,-46406.216919,-69476.380944
1762668933.710787,-39284.169674,-44458.050281,-46425.674111,-69496.601820
1762668933.714787,-39242.208004,-44431.727380,-46416.137367,-69488.212466
1762668933.710787,-39186.134934,-44375.270605,-46391.341835,-69469.898939
1762668933.714787,-39191.093296,-44373.746961,-46387.527138,-69471.046329
1762668933.718787,-39239.540696,-44422.190636,-46406.980604,-69487.445056
1762668933.722787,-39279.211313,-44457.670301,-46425.290406,-69499.656558
1762668933.710787,-39251.364768,-44427.152723,-46414.989978,-69486.685097
1762668933.714787,-39189.565927,-44382.520020,-46401.258558,-69469.138980
1762668933.726496,-39193.000644,-44377.561659,-46403.165907,-69466.844201
1762668933.730495,-39247.170091,-44412.273914,-46421.095729,-69481.723011
1762668933.726496,-39278.831333,-44444.698840,-46433.683485,-69493.934512
1762668933.730495,-39258.994162,-44442.411512,-46427.581459,-69491.639733
1762668933.735573,-39194.524288,-44380.612671,-46403.929591,-69471.806288
1762668933.739573,-39191.093296,-44372.983277,-46403.545886,-69471.806288
1762668933.735573,-39235.342294,-44418.759644,-46418.044716,-69485.157728
1762668933.739573,-39287.604392,-44476.743788,-46435.970813,-69505.378604
1762668933.756712,-39252.892137,-44443.171471,-46423.003078,-69493.547082
1762668933.760712,-39183.843881,-44377.177954,-46397.823840,-69469.898939
1762668933.757328,-39193.764329,-44380.612671,-46398.207545,-69472.953677
1762668933.761328,-39247.550070,-44427.152723,-46421.475708,-69488.972425
1762668933.771063,-39289.511740,-44460.337609,-46433.683485,-69496.221840
1762668933.775063,-39255.559444,-44425.245374,-46423.766762,-69484.010339
1762668933.772210,-39198.338985,-44380.228966,-46403.165907,-69468.751550
1762668933.776210,-39194.907993,-44374.126941,-46398.971230,-69471.806288
1762668933.782204,-39230.003953,-44407.695532,-46411.558986,-69483.630359
1762668933.786204,-39274.632931,-44442.411512,-46424.146742,-69491.259754
1762668933.801320,-39252.508432,-44445.462525,-46424.910426,-69491.259754
1762668933.805320,-39190.329611,-44385.571033,-46402.785927,-69470.658898
1762668933.801320,-39179.649204,-44371.455908,-46396.300197,-69469.138980
1762668933.805320,-39224.281907,-44411.130250,-46403.929591,-69481.723011
1762668933.811734,-39273.109287,-44460.337609,-46424.146742,-69496.981800
1762668933.815734,-39237.633348,-44435.162097,-46415.373683,-69486.305118
1762668933.811734,-39173.543453,-44368.784875,-46390.194446,-69462.649524
1762668933.815734,-39175.450802,-44373.746961,-46392.865479,-69460.362196
1762668933.831967,-39228.476584,-44422.954321,-46414.609998,-69477.528334
1762668933.835967,-39270.058274,-44449.277222,-46424.910426,-69487.445056
1762668933.831967,-39235.725999,-44419.903308,-46414.609998,-69474.093616
1762668933.835967,-39183.463901,-44384.807348,-46400.878578,-69464.936852
1762668933.852499,-39186.894894,-44374.506921,-46397.823840,-69464.556873
1762668933.856498,-39230.003953,-44405.024499,-46411.558986,-69474.473596
1762668933.860499,-39265.859872,-44438.213110,-46426.817775,-69481.723011
1762668933.864499,-39247.550070,-44433.254749,-46425.290406,-69477.528334
1762668933.852499,-39180.412889,-44369.168580,-46399.731189,-69455.787539
1762668933.856498,-39171.256125,-44361.539185,-46395.916492,-69455.400109
1762668933.862612,-39231.527597,-44406.551868,-46408.507973,-69471.426308
1762668933.866612,-39294.470102,-44467.207044,-46431.012452,-69490.499794
1762668933.872708,-39254.415780,-44438.976794,-46423.003078,-69484.397769
1762668933.876708,-39180.412889,-44369.548559,-46399.731189,-69466.844201
1762668933.872708,-39182.320237,-44371.075928,-46392.101794,-69467.611611
1762668933.876708,-39235.725999,-44417.995960,-46410.031617,-69484.777749
1762668933.892476,-39276.923984,-44454.615563,-46426.054090,-69496.221840
1762668933.896476,-39239.156991,-44427.152723,-46416.137367,-69484.397769
1762668933.902583,-39190.329611,-44387.858361,-46397.443861,-69474.093616
1762668933.906583,-39191.856980,-44384.807348,-46394.009143,-69475.241005
1762668933.910583,-39238.013327,-44420.283288,-46410.031617,-69488.592446
1762668933.914583,-39276.923984,-44453.471899,-46422.619373,-69495.841861
1762668933.912738,-39245.642722,-44446.226209,-46418.804675,-69487.445056
1762668933.916738,-39181.172848,-44381.756335,-46393.249184,-69464.176893
1762668933.922772,-39181.172848,-44371.455908,-46388.670802,-69462.649524
1762668933.926772,-39229.620248,-44413.037598,-46403.165907,-69476.380944
1762668933.943025,-39279.211313,-44461.101294,-46427.581459,-69492.027164
1762668933.947025,-39241.828024,-44432.111084,-46418.044716,-69479.435682
1762668933.943025,-39174.690843,-44368.404895,-46393.629164,-69457.307458
1762668933.947025,-39193.764329,-44372.983277,-46394.009143,-69460.362196
1762668933.951025,-39241.448045,-44420.283288,-46410.795301,-69473.333657
1762668933.955025,-39284.553379,-44456.906617,-46427.961439,-69485.157728
1762668933.943025,-39243.355393,-44420.283288,-46414.609998,-69472.566247
1762668933.947025,-39187.278599,-44377.941638,-46395.156533,-69458.454847
1762668933.963226,-39190.709591,-44372.983277,-46392.101794,-69458.074868
1762668933.967226,-39226.569235,-44409.222901,-46405.836940,-69471.806288
1762668933.963226,-39259.374142,-44437.069446,-46416.517347,-69477.528334
1762668933.967226,-39242.208004,-44429.820031,-46411.175281,-69471.046329
1762668933.973392,-39171.636105,-44364.590198,-46387.907118,-69449.298084
1762668933.977392,-39167.821407,-44356.197119,-46383.712441,-69448.918104
1762668933.983522,-39228.856564,-44404.644519,-46399.351209,-69463.029504
1762668933.987522,-39283.409715,-44465.679675,-46424.526721,-69484.010339
1762668933.999373,-39250.221103,-44435.162097,-46412.322670,-69475.620985
1762668934.003373,-39181.556553,-44370.312244,-46387.143433,-69456.167519
1762668933.999373,-39187.658578,-44379.469007,-46389.814466,-69462.269545
1762668934.003373,-39239.540696,-44427.532703,-46412.322670,-69479.055703
1762668934.010029,-39273.489267,-44458.813965,-46424.526721,-69484.397769
1762668934.014029,-39228.096604,-44420.283288,-46405.073255,-69470.278919
1762668934.010029,-39175.070822,-44374.126941,-46385.619789,-69453.880191
1762668934.014029,-39174.690843,-44366.877526,-46384.856105,-69451.205432
1762668934.032143,-39219.703525,-44397.778809,-46399.351209,-69464.176893
1762668934.036143,-39262.045175,-44432.111084,-46413.466334,-69472.953677
1762668934.032143,-39243.735373,-44429.820031,-46413.082629,-69469.518960
1762668934.036143,-39181.172848,-44369.548559,-46392.485499,-69448.158145
1762668934.042253,-39169.348776,-44352.766126,-46385.236084,-69443.956017
1762668934.046253,-39223.518223,-44395.487756,-46395.536512,-69460.362196
1762668934.052370,-39269.674569,-44442.027807,-46413.846314,-69477.908313
1762668934.056370,-39228.856564,-44411.510229,-46406.600624,-69465.704262
1762668934.052370,-39158.284664,-44351.618737,-46379.514039,-69444.343448
1762668934.056370,-39171.256125,-44357.724488,-46379.134059,-69450.825453
1762668934.067656,-39228.476584,-44405.788183,-46400.878578,-69466.844201
1762668934.071656,-39270.058274,-44442.791492,-46415.753663,-69472.566247
1762668934.072734,-39243.735373,-44415.324926,-46405.073255,-69461.889565
1762668934.076734,-39191.473275,-44382.900000,-46392.101794,-69454.260170
1762668934.082331,-39199.102670,-44383.283705,-46395.156533,-69455.020130
1762668934.086331,-39239.540696,-44421.046972,-46408.887953,-69465.704262
1762668934.092442,-39276.160300,-44453.471899,-46421.475708,-69474.473596
1762668934.096442,-39268.150926,-44448.513538,-46423.766762,-69472.953677
1762668934.100442,-39201.010019,-44386.714697,-46398.971230,-69452.732801
1762668934.104442,-39197.579026,-44374.890625,-46394.009143,-69451.972842
1762668934.102774,-39247.170091,-44413.801283,-46409.267932,-69469.138980
1762668934.106774,-39288.748056,-44461.864978,-46431.776136,-69485.157728
1762668934.112888,-39242.971689,-44427.152723,-46415.373683,-69469.518960
1762668934.116888,-39178.121835,-44360.395521,-46387.907118,-69447.390735
1762668934.112888,-39191.093296,-44365.733862,-46388.287097,-69447.010756
1762668934.116888,-39240.684360,-44406.551868,-46407.744288,-69458.074868
1762668934.133152,-39265.859872,-44435.542077,-46419.188380,-69469.518960
1762668934.137152,-39217.412472,-44398.922473,-46401.638538,-69456.167519
1762668934.143265,-39172.019809,-44365.353882,-46387.907118,-69447.390735
1762668934.147265,-39170.876145,-44361.155480,-46387.143433,-69447.770715
1762668934.151265,-39204.444736,-44395.107776,-46398.587525,-69460.742176
1762668934.155265,-39257.466793,-44435.162097,-46416.517347,-69474.473596
1762668934.153403,-39249.077439,-44434.018433,-46418.044716,-69471.806288
1762668934.157403,-39180.412889,-44373.363256,-46392.101794,-69450.445473
1762668934.153403,-39178.885520,-44363.446534,-46393.249184,-69448.158145
1762668934.157403,-39229.240268,-44408.459216,-46410.031617,-69462.269545
1762668934.173658,-39281.118661,-44462.244958,-46429.105103,-69482.870400
1762668934.177658,-39252.128452,-44435.542077,-46418.804675,-69473.333657
1762668934.173658,-39183.463901,-44375.654310,-46395.916492,-69450.825453
1762668934.177658,-39194.524288,-44381.376356,-46398.971230,-69461.889565
1762668934.184117,-39254.035801,-44427.532703,-46416.897327,-69477.148354
1762668934.188117,-39291.799068,-44463.392347,-46429.488808,-69487.065077
1762668934.184117,-39252.128452,-44435.925782,-46420.332044,-69479.055703
1762668934.188117,-39195.671678,-44397.015125,-46401.258558,-69466.464221
1762668934.204314,-39189.185947,-44383.663684,-46395.916492,-69462.649524
1762668934.208313,-39230.003953,-44417.995960,-46407.360584,-69474.093616
1762668934.204314,-39267.767221,-44450.040907,-46418.044716,-69484.397769
1762668934.208313,-39242.971689,-44440.120459,-46415.373683,-69477.528334
1762668934.224569,-39170.492440,-44371.839613,-46389.814466,-69455.787539
1762668934.228569,-39159.432054,-44354.289770,-46382.565051,-69452.352822
1762668934.224569,-39203.301072,-44391.293079,-46395.536512,-69464.556873
1762668934.228569,-39253.272116,-44440.120459,-46410.795301,-69480.195642
1762668934.234645,-39204.061031,-44404.264539,-46398.971230,-69463.029504
1762668934.238645,-39135.396481,-44338.267297,-46374.935657,-69439.761341
1762668934.234645,-39152.182639,-44350.858778,-46374.175698,-69448.538125
1762668934.238645,-39196.051657,-44390.149415,-46390.958130,-69459.982216
1762668934.244805,-39236.105978,-44423.338026,-46405.073255,-69472.953677
1762668934.248805,-39206.352085,-44394.344091,-46397.443861,-69461.122155
1762668934.244805,-39156.377316,-44362.682849,-46386.379749,-69450.825453
1762668934.248805,-39169.348776,-44361.539185,-46388.670802,-69451.585412
1762668934.275174,-39223.898202,-44403.117150,-46405.836940,-69465.704262
1762668934.279174,-39260.137826,-44435.925782,-46419.952065,-69475.241005
1762668934.275174,-39241.448045,-44432.874769,-46416.897327,-69468.751550
1762668934.279174,-39169.728756,-44372.599572,-46390.958130,-69447.010756
1762668934.282316,-39173.543453,-44369.932264,-46386.379749,-69447.390735
1762668934.286316,-39234.578609,-44421.046972,-46408.887953,-69468.371570
1762668934.295451,-39282.262325,-44466.443360,-46425.290406,-69483.250380
1762668934.299451,-39242.971689,-44435.925782,-46413.846314,-69466.084242
1762668934.295451,-39176.598191,-44366.877526,-46389.050782,-69441.288710
1762668934.299451,-39182.700217,-44371.839613,-46388.287097,-69445.863366
1762668934.315640,-39211.310446,-44408.459216,-46403.929591,-69461.889565
1762668934.319640,-39260.137826,-44443.555176,-46421.095729,-69472.186267
1762668934.325713,-39215.505123,-44408.839196,-46406.216919,-69458.834827
1762668934.329713,-39158.284664,-44363.446534,-46390.578151,-69443.196058
1762668934.333713,-39163.246751,-44354.289770,-46388.287097,-69439.001381
1762668934.337713,-39207.875729,-44386.334717,-46399.731189,-69452.352822
1762668934.325713,-39242.591709,-44417.232275,-46414.230019,-69461.889565
1762668934.329713,-39210.930467,-44408.839196,-46411.175281,-69457.694888
1762668934.335741,-39142.265916,-44345.136732,-46381.805092,-69437.474012
1762668934.339741,-39138.831198,-44339.030981,-46377.990395,-69441.668689
1762668934.335741,-39197.579026,-44385.571033,-46393.629164,-69456.547499
1762668934.339741,-39252.128452,-44438.976794,-46418.424696,-69469.138980
1762668934.360395,-39212.837815,-44408.839196,-46411.938965,-69458.454847
1762668934.364395,-39141.882211,-44345.136732,-46385.236084,-69439.001381
1762668934.371264,-39157.904685,-44356.960803,-46383.712441,-69444.343448
1762668934.375264,-39215.888828,-44405.408204,-46400.114894,-69461.509585
1762668934.371264,-39261.665195,-44443.935156,-46415.753663,-69471.806288
1762668934.375264,-39225.805551,-44412.653893,-46407.360584,-69460.742176
1762668934.382723,-39175.834507,-44378.705323,-46391.721815,-69451.205432
1762668934.386723,-39172.019809,-44369.548559,-46384.472400,-69449.298084
1762668934.390723,-39219.703525,-44407.695532,-46396.680176,-69460.742176
1762668934.394723,-39255.559444,-44442.791492,-46410.031617,-69469.138980
1762668934.409573,-39224.661887,-44434.398413,-46402.785927,-69460.742176
1762668934.413573,-39155.617356,-44362.682849,-46378.750354,-69437.094033
1762668934.409573,-39153.710008,-44343.229383,-46374.555677,-69432.511926
1762668934.413573,-39204.061031,-44381.756335,-46394.009143,-69445.863366
1762668934.409573,-39247.550070,-44424.861670,-46416.137367,-69461.122155
1762668934.413573,-39212.454110,-44397.015125,-46403.165907,-69449.678063
1762668934.409573,-39144.173265,-44331.401587,-46378.750354,-69427.937269
1762668934.413573,-39150.655270,-44339.794666,-46379.897743,-69430.992007
1762668934.429802,-39201.393723,-44379.848987,-46395.536512,-69449.678063
1762668934.433802,-39238.013327,-44419.523329,-46410.415322,-69465.704262
1762668934.429802,-39197.579026,-44387.098402,-46396.680176,-69454.260170
1762668934.433802,-39151.418954,-44351.238757,-46383.328736,-69442.816079
1762668934.439891,-39159.812033,-44344.373047,-46383.712441,-69443.196058
1762668934.443891,-39206.732064,-44382.136315,-46402.785927,-69459.214807
1762668934.439891,-39249.077439,-44425.625354,-46417.661011,-69470.278919
1762668934.443891,-39233.818650,-44429.820031,-46417.281032,-69471.426308
1762668934.460141,-39170.112461,-44366.497546,-46389.814466,-69453.880191
1762668934.464141,-39168.205112,-44357.340783,-46381.421387,-69448.918104
1762668934.460141,-39217.796177,-44407.315552,-46398.207545,-69462.649524
1762668934.464141,-39262.808859,-44459.957629,-46419.568360,-69479.055703
1762668934.470233,-39220.467210,-44433.634728,-46410.031617,-69467.991590
1762668934.474233,-39164.770395,-44372.599572,-46383.328736,-69446.250796
1762668934.470233,-39178.121835,-44379.085302,-46386.763453,-69453.112781
1762668934.474233,-39221.227169,-44412.653893,-46402.022243,-69463.416934
1762668934.500484,-39261.281490,-44442.027807,-46410.415322,-69468.751550
1762668934.504484,-39220.847189,-44404.644519,-46401.258558,-69453.880191
1762668934.500484,-39165.154099,-44361.155480,-46385.999769,-69437.094033
1762668934.504484,-39159.432054,-44347.804040,-46379.897743,-69432.899356
1762668934.508485,-39201.393723,-44379.085302,-46391.341835,-69446.630776
1762668934.512485,-39242.971689,-44413.037598,-46407.360584,-69458.074868
1762668934.520702,-39213.597775,-44404.264539,-46402.402222,-69453.112781
1762668934.524702,-39144.553244,-44341.322035,-46378.370374,-69433.279335
1762668934.520702,-39143.789560,-44334.836304,-46376.843005,-69431.371987
1762668934.524702,-39200.246334,-44379.848987,-46390.194446,-69447.010756
1762668934.530811,-39243.355393,-44421.046972,-46410.031617,-69463.416934
1762668934.534811,-39208.259434,-44397.395104,-46402.402222,-69453.880191
1762668934.530811,-39149.511606,-44336.743653,-46376.843005,-69434.039295
1762668934.534811,-39171.636105,-44355.817139,-46385.619789,-69442.048669
1762668934.551053,-39225.041866,-44399.302453,-46403.929591,-69459.214807
1762668934.555053,-39258.994162,-44431.727380,-46416.137367,-69467.991590
1762668934.551053,-39223.134518,-44413.417578,-46406.600624,-69458.834827
1762668934.555053,-39178.885520,-44384.043664,-46390.578151,-69451.205432
1762668934.561137,-39179.265499,-44377.561659,-46386.763453,-69453.492761
1762668934.565137,-39226.949215,-44410.366565,-46401.258558,-69467.991590
1762668934.561137,-39270.438254,-44451.948255,-46417.281032,-69477.908313
1762668934.565137,-39247.930050,-44446.606189,-46413.466334,-69471.426308
1762668934.581394,-39181.556553,-44386.714697,-46390.958130,-69452.732801
1762668934.585394,-39178.505540,-44374.890625,-46387.907118,-69450.825453
1762668934.582412,-39232.291281,-44416.852295,-46401.258558,-69463.796914
1762668934.586411,-39276.923984,-44456.906617,-46414.989978,-69474.861026
1762668934.601581,-39233.054966,-44417.995960,-46406.980604,-69463.416934
1762668934.605581,-39158.284664,-44343.229383,-46382.948756,-69439.001381
1762668934.601581,-39165.154099,-44352.766126,-46384.472400,-69441.668689
1762668934.605581,-39215.505123,-44393.200427,-46399.731189,-69454.260170
1762668934.611694,-39254.035801,-44420.666993,-46414.230019,-69461.509585
1762668934.615694,-39218.176156,-44387.478381,-46402.402222,-69447.770715
1762668934.622130,-39165.914059,-44351.238757,-46385.999769,-69439.761341
1762668934.626130,-39165.154099,-44341.322035,-46382.948756,-69441.288710
1762668934.622130,-39209.783077,-44382.520020,-46392.101794,-69453.112781
1762668934.626130,-39251.744747,-44422.190636,-46403.165907,-69462.269545
1762668934.632298,-39220.083505,-44406.171888,-46400.878578,-69457.307458
1762668934.636298,-39160.575718,-44350.475073,-46378.370374,-69441.288710
1762668934.642377,-39162.863046,-44342.845678,-46374.175698,-69437.853992
1762668934.646377,-39215.505123,-44390.149415,-46392.101794,-69455.020130
1762668934.652485,-39260.137826,-44439.356774,-46414.989978,-69470.658898
1762668934.656485,-39227.332920,-44410.366565,-46409.267932,-69459.982216
1762668934.652485,-39163.246751,-44348.567724,-46382.185072,-69439.381361
1762668934.656485,-39181.172848,-44371.075928,-46398.207545,-69448.158145
1762668934.662623,-39240.300655,-44419.139624,-46418.044716,-69464.556873
1762668934.666623,-39286.460727,-44460.721314,-46436.734498,-69479.435682
1762668934.672708,-39247.550070,-44431.347400,-46425.290406,-69466.464221
1762668934.676708,-39199.866354,-44392.436743,-46410.795301,-69455.400109
1762668934.692440,-39198.722690,-44385.571033,-46405.453235,-69456.167519
1762668934.696440,-39246.786386,-44417.232275,-46416.137367,-69466.084242
1762668934.692440,-39283.026010,-44443.171471,-46428.725123,-69469.898939
1762668934.696440,-39254.415780,-44430.967420,-46425.290406,-69466.844201
1762668934.692440,-39174.690843,-44362.682849,-46396.680176,-69443.576038
1762668934.696440,-39173.543453,-44348.567724,-46392.101794,-69439.761341
1762668934.702546,-39223.898202,-44395.871460,-46409.267932,-69456.167519
1762668934.706546,-39263.952523,-44439.356774,-46426.054090,-69472.186267
1762668934.712658,-39223.518223,-44406.551868,-46416.517347,-69461.509585
1762668934.716658,-39165.154099,-44345.136732,-46392.485499,-69439.001381
1762668934.712658,-39188.042283,-44363.826513,-46398.971230,-69446.630776
1762668934.716658,-39238.393307,-44405.788183,-46416.897327,-69463.416934
1762668934.722800,-39276.540279,-44440.884143,-46432.539821,-69474.473596
1762668934.726800,-39239.156991,-44406.171888,-46420.712024,-69458.834827
1762668934.743167,-39196.815342,-44370.312244,-46405.836940,-69449.678063
1762668934.747167,-39202.153683,-44363.062829,-46401.638538,-69448.538125
1762668934.743167,-39246.022701,-44400.066137,-46416.517347,-69459.214807
1762668934.747167,-39286.460727,-44438.213110,-46435.210854,-69471.046329
1762668934.761930,-39262.428880,-44424.861670,-46431.776136,-69464.936852
1762668934.765930,-39205.968380,-44371.455908,-46406.216919,-69449.678063
1762668934.762973,-39206.732064,-44367.641211,-46398.587525,-69448.158145
1762668934.766973,-39257.086813,-44424.481690,-46416.897327,-69464.936852
1762668934.782287,-39295.613766,-44471.781701,-46433.303505,-69479.815662
1762668934.786287,-39249.837399,-44438.213110,-46423.383057,-69467.991590
1762668934.790287,-39182.320237,-44370.692223,-46398.971230,-69448.158145
1762668934.794287,-39202.917367,-44380.992651,-46400.494874,-69454.640150
1762668934.783305,-39244.499058,-44415.708631,-46418.044716,-69464.176893
1762668934.787305,-39277.687669,-44445.842505,-46432.156116,-69472.566247
1762668934.783305,-39240.684360,-44408.079237,-46419.568360,-69461.122155
1762668934.787305,-39189.565927,-44370.312244,-46404.693276,-69448.158145
1762668934.803491,-39189.185947,-44360.395521,-46402.022243,-69444.343448
1762668934.807491,-39231.147617,-44393.964112,-46416.897327,-69458.074868
1762668934.803491,-39265.096188,-44426.769018,-46428.341419,-69468.371570
1762668934.807491,-39234.578609,-44412.653893,-46423.003078,-69459.602237
1762668934.813629,-39168.968797,-44354.289770,-46400.494874,-69442.048669
1762668934.817629,-39173.543453,-44344.753027,-46393.249184,-69440.141320
1762668934.813629,-39225.805551,-44399.302453,-46411.938965,-69463.796914
1762668934.817629,-39270.818233,-44444.318861,-46429.488808,-69478.288293
1762668934.833792,-39238.013327,-44413.417578,-46422.619373,-69466.084242
1762668934.837792,-39168.585092,-44350.095093,-46403.929591,-69448.538125
1762668934.833792,-39188.422263,-44372.219592,-46407.360584,-69462.269545
1762668934.837792,-39245.642722,-44413.417578,-46421.475708,-69479.435682
1762668934.843949,-39284.933358,-44448.133558,-46437.878162,-69490.119815
1762668934.847949,-39241.828024,-44415.324926,-46423.766762,-69475.241005
1762668934.864532,-39179.649204,-44376.034290,-46404.309571,-69460.362196
1762668934.868532,-39188.422263,-44375.270605,-46401.258558,-69458.454847
1762668934.864532,-39241.064340,-44410.366565,-46414.230019,-69467.611611
1762668934.868532,-39279.595017,-44446.226209,-46429.868788,-69480.583072
1762668934.882306,-39246.786386,-44431.347400,-46425.674111,-69476.380944
1762668934.886306,-39180.792868,-44375.654310,-46403.165907,-69461.122155
1762668934.884844,-39178.885520,-44369.548559,-46403.929591,-69459.214807
1762668934.888844,-39238.777012,-44422.954321,-46426.054090,-69476.768374
1762668934.894935,-39279.595017,-44462.244958,-46444.363892,-69488.592446
1762668934.898935,-39242.591709,-44429.820031,-46438.261867,-69477.528334
1762668934.894935,-39173.163474,-44360.395521,-46418.424696,-69456.547499
1762668934.898935,-39186.514914,-44371.839613,-46421.859413,-69460.362196
1762668934.905094,-39231.527597,-44407.695532,-46435.590833,-69469.138980
1762668934.909094,-39272.345603,-44445.078820,-46455.044299,-69485.537708
1762668934.905094,-39228.856564,-44409.222901,-46444.363892,-69474.473596
1762668934.909094,-39173.927158,-44368.024915,-46424.526721,-69457.694888
1762668934.925301,-39183.080196,-44359.631836,-46415.373683,-69453.112781
1762668934.929301,-39231.527597,-44397.395104,-46432.156116,-69467.231631
1762668934.925301,-39277.687669,-44437.069446,-46449.322253,-69478.288293
1762668934.929301,-39254.035801,-44428.676367,-46448.178589,-69476.380944
1762668934.935462,-39190.709591,-44370.692223,-46426.434070,-69458.074868
1762668934.939462,-39197.959006,-44359.631836,-46416.517347,-69455.787539
1762668934.935462,-39243.355393,-44408.079237,-46428.725123,-69471.426308
1762668934.939462,-39284.553379,-44456.906617,-46449.705958,-69485.537708
1762668934.955668,-39239.540696,-44426.005334,-46437.878162,-69473.713636
1762668934.959668,-39172.019809,-44358.488172,-46411.558986,-69451.972842
1762668934.955668,-39193.380624,-44375.654310,-46416.137367,-69461.889565
1762668934.959668,-39243.735373,-44418.375939,-46431.012452,-69476.768374
1762668934.965811,-39275.780320,-44450.800866,-46445.127577,-69485.917687
1762668934.969810,-39239.920676,-44427.912682,-46437.118202,-69475.241005
1762668934.986083,-39190.329611,-44393.964112,-46420.712024,-69464.556873
1762668934.990083,-39188.042283,-44380.992651,-46417.281032,-69456.167519
1762668934.986083,-39234.578609,-44414.181262,-46433.683485,-69468.371570
1762668934.990083,-39278.067648,-44453.471899,-46453.136951,-69483.250380
1762668934.996184,-39246.406406,-44432.874769,-46447.414905,-69474.473596
1762668935.000184,-39184.227586,-44373.363256,-46429.488808,-69456.167519
1762668934.996184,-39190.329611,-44370.312244,-46430.248767,-69462.269545
1762668935.000184,-39249.837399,-44420.666993,-46445.127577,-69481.723011
1762668935.016407,-39290.655404,-44464.152306,-46462.293714,-69495.841861
1762668935.020407,-39251.364768,-44432.874769,-46450.085938,-69480.963051
1762668935.016407,-39188.802242,-44371.839613,-46423.766762,-69455.400109
1762668935.020407,-39201.773703,-44384.807348,-46432.919800,-69464.176893
1762668935.026525,-39255.559444,-44420.283288,-46449.322253,-69478.288293
1762668935.030525,-39287.224412,-44452.708215,-46458.099037,-69486.685097
1762668935.026525,-39245.262742,-44419.903308,-46444.363892,-69471.426308
1762668935.030525,-39199.102670,-44380.228966,-46429.105103,-69459.214807
1762668935.046755,-39205.208421,-44371.075928,-46427.961439,-69458.074868
1762668935.050755,-39254.035801,-44408.459216,-46442.076564,-69472.953677
1762668935.046755,-39294.090122,-44450.040907,-46452.376992,-69486.305118
1762668935.050755,-39260.137826,-44438.596815,-46448.942274,-69479.435682
1762668935.066940,-39190.709591,-44376.034290,-46425.290406,-69455.400109
1762668935.070940,-39200.630039,-44372.599572,-46422.619373,-69450.825453
1762668935.077089,-39257.086813,-44427.912682,-46439.785510,-69471.806288
1762668935.081089,-39299.428463,-44471.781701,-46456.951648,-69486.685097
1762668935.085089,-39265.096188,-44445.078820,-46449.322253,-69478.288293
1762668935.089089,-39198.722690,-44384.807348,-46426.817775,-69459.214807
1762668935.077089,-39211.690426,-44404.264539,-46431.396157,-69466.844201
1762668935.081089,-39257.466793,-44438.596815,-46448.562294,-69477.908313
1762668935.087296,-39289.131761,-44469.494373,-46460.386366,-69483.250380
1762668935.091295,-39247.930050,-44432.111084,-46444.747597,-69468.371570
1762668935.097325,-39188.802242,-44388.622046,-46427.581459,-69450.445473
1762668935.101325,-39181.172848,-44373.746961,-46421.859413,-69448.538125
1762668935.117544,-39233.054966,-44408.839196,-46437.498182,-69466.464221
1762668935.121544,-39280.738682,-44454.615563,-46453.900635,-69479.435682
1762668935.127654,-39249.457419,-44434.782118,-46452.756971,-69472.953677
1762668935.131654,-39186.134934,-44371.839613,-46433.303505,-69456.167519
1762668935.135654,-39189.185947,-44361.919165,-46429.868788,-69453.880191
1762668935.139654,-39242.208004,-44416.852295,-46449.322253,-69472.566247
1762668935.143654,-39276.540279,-44458.430260,-46463.821083,-69484.397769
1762668935.147654,-39237.633348,-44429.440051,-46453.520656,-69474.473596
1762668935.137748,-39181.556553,-44362.682849,-46428.725123,-69453.880191
1762668935.141748,-39199.866354,-44389.765710,-46434.063464,-69463.029504
1762668935.147900,-39250.984788,-44427.152723,-46446.271241,-69476.000965
1762668935.151900,-39298.284799,-44459.957629,-46464.201063,-69485.537708
1762668935.158057,-39252.508432,-44433.254749,-46452.756971,-69474.473596
1762668935.162057,-39202.153683,-44395.107776,-46438.261867,-69461.122155
1762668935.166057,-39209.403098,-44390.913099,-46436.354518,-69461.889565
1762668935.170057,-39260.137826,-44428.296387,-46450.849622,-69473.333657
1762668935.158057,-39305.534214,-44471.401721,-46468.015760,-69483.250380
1762668935.162057,-39270.438254,-44457.670301,-46464.964747,-69480.195642
1762668935.178289,-39203.301072,-44396.251440,-46440.169215,-69464.176893
1762668935.182289,-39207.115769,-44382.900000,-46435.210854,-69462.649524
1762668935.182877,-39260.521531,-44434.018433,-46451.229602,-69482.490420
1762668935.186877,-39301.719517,-44476.743788,-46465.728432,-69497.749209
1762668935.188410,-39258.614182,-44446.606189,-46458.099037,-69484.010339
1762668935.192410,-39194.524288,-44381.376356,-46432.919800,-69467.611611
1762668935.188410,-39214.361459,-44397.015125,-46436.734498,-69476.768374
1762668935.192410,-39256.323129,-44429.060072,-46450.085938,-69487.825036
1762668935.208645,-39290.655404,-44460.337609,-46465.344727,-69493.167102
1762668935.212645,-39258.994162,-44434.782118,-46458.858997,-69481.343031
1762668935.218798,-39207.495749,-44397.778809,-46442.076564,-69470.278919
1762668935.222798,-39204.444736,-44382.900000,-46434.827149,-69465.324283
1762668935.239042,-39246.786386,-44415.708631,-46448.562294,-69477.908313
1762668935.243042,-39289.131761,-44459.577650,-46464.581043,-69492.407143
1762668935.247042,-39252.128452,-44436.305761,-46459.622681,-69482.870400
1762668935.251042,-39197.579026,-44382.520020,-46441.692859,-69464.556873
1762668935.239042,-39215.125144,-44387.858361,-46442.076564,-69467.231631
1762668935.243042,-39271.581918,-44446.606189,-46462.673694,-69488.972425
1762668935.259204,-39315.450937,-44488.187879,-46481.747180,-69502.703846
1762668935.263204,-39285.697043,-44461.864978,-46474.117786,-69490.499794
1762668935.269352,-39217.796177,-44404.644519,-46447.798610,-69472.186267
1762668935.273352,-39234.962314,-44427.912682,-46453.520656,-69481.343031
1762668935.277352,-39295.997471,-44464.915991,-46472.594142,-69497.361779
1762668935.281352,-39334.908128,-44500.011951,-46488.616616,-69509.953260
1762668935.269352,-39297.904819,-44476.360083,-46480.987221,-69500.416517
1762668935.273352,-39244.499058,-44434.782118,-46461.150050,-69488.212466
1762668935.283035,-39236.485958,-44421.810657,-46455.044299,-69487.065077
1762668935.287035,-39281.502366,-44451.184571,-46469.543129,-69493.547082
1762668935.283035,-39322.316647,-44484.753162,-46484.801918,-69503.471255
1762668935.287035,-39286.840707,-44466.059655,-46479.079872,-69495.841861
1762668935.299712,-39220.467210,-44402.737170,-46451.229602,-69474.093616
1762668935.303712,-39215.125144,-44387.098402,-46445.127577,-69471.426308
1762668935.299712,-39274.632931,-44441.264123,-46466.488391,-69493.167102
1762668935.303712,-39315.450937,-44475.980103,-46480.603516,-69501.176476
1762668935.309802,-39265.859872,-44441.264123,-46464.581043,-69483.250380
1762668935.313802,-39204.824716,-44381.756335,-46445.507556,-69463.796914
1762668935.309802,-39225.041866,-44401.209801,-46453.136951,-69472.953677
1762668935.313802,-39272.345603,-44436.689466,-46467.252076,-69485.917687
1762668935.330038,-39305.534214,-44469.874352,-46482.510865,-69496.221840
1762668935.334038,-39278.447628,-44446.986169,-46473.737806,-69486.305118
1762668935.350188,-39233.054966,-44414.561242,-46458.858997,-69476.768374
1762668935.354187,-39229.240268,-44406.171888,-46456.951648,-69478.288293
1762668935.350188,-39279.211313,-44444.318861,-46472.594142,-69489.352405
1762668935.354187,-39331.093431,-44490.475208,-46494.718641,-69501.176476
1762668935.360317,-39304.770529,-44475.980103,-46487.089247,-69492.787123
1762668935.364317,-39243.735373,-44422.190636,-46464.581043,-69475.620985
1762668935.360317,-39247.930050,-44414.181262,-46461.913735,-69476.768374
1762668935.364317,-39310.112596,-44470.258057,-46478.316188,-69493.934512
1762668935.370397,-39339.866489,-44504.590333,-46491.667628,-69501.176476
1762668935.374397,-39298.284799,-44468.730688,-46482.130885,-69485.917687
1762668935.370397,-39233.818650,-44404.644519,-46460.386366,-69465.324283
1762668935.374397,-39244.879037,-44419.523329,-46462.293714,-69472.566247
1762668935.390692,-39292.562753,-44454.615563,-46474.881470,-69482.102990
1762668935.394692,-39333.000779,-44488.187879,-46489.380300,-69492.027164
1762668935.400773,-39286.460727,-44453.855604,-46474.501491,-69482.490420
1762668935.404773,-39226.189256,-44413.417578,-46458.479017,-69470.278919
1762668935.408773,-39224.281907,-44397.778809,-46454.284340,-69469.138980
1762668935.412773,-39275.396615,-44428.296387,-46465.728432,-69480.963051
1762668935.400773,-39317.358285,-44473.689049,-46483.274549,-69491.639733
1762668935.404773,-39273.872972,-44456.142932,-46479.079872,-69485.917687
1762668935.421036,-39205.588400,-44387.098402,-46450.849622,-69463.796914
1762668935.425036,-39222.374558,-44373.746961,-46444.363892,-69455.400109
1762668935.421036,-39282.262325,-44428.676367,-46464.201063,-69475.241005
1762668935.425036,-39324.223995,-44473.309070,-46483.274549,-69490.879774
1762668935.431109,-39283.026010,-44445.462525,-46475.645155,-69478.675723
1762668935.435109,-39213.981479,-44385.951012,-46450.849622,-69460.742176
1762668935.431109,-39236.869663,-44408.839196,-46453.900635,-69473.713636
1762668935.435109,-39281.882346,-44442.027807,-46471.066773,-69485.157728
1762668935.451298,-39321.556687,-44473.309070,-46486.325562,-69492.787123
1762668935.455298,-39282.262325,-44443.935156,-46475.265175,-69479.815662
1762668935.461416,-39227.332920,-44409.986585,-46458.858997,-69469.898939
1762668935.465416,-39238.777012,-44410.366565,-46458.099037,-69474.093616
1762668935.461416,-39286.460727,-44445.842505,-46472.594142,-69487.445056
1762668935.465416,-39329.946041,-44489.711523,-46490.523964,-69500.036538
1762668935.483196,-39294.090122,-44469.494373,-46485.181898,-69490.119815
1762668935.487196,-39221.610874,-44406.171888,-46455.807984,-69469.138980
1762668935.491744,-39219.703525,-44393.200427,-46447.034925,-69464.176893
1762668935.495744,-39265.479892,-44442.411512,-46465.344727,-69482.490420
1762668935.499744,-39310.112596,-44474.452734,-46481.747180,-69493.167102
1762668935.503744,-39263.952523,-44437.449425,-46471.066773,-69482.490420
1762668935.491744,-39197.959006,-44376.797974,-46446.271241,-69461.509585
1762668935.495744,-39212.837815,-44393.200427,-46447.414905,-69470.658898
1762668935.512021,-39255.179465,-44428.296387,-46458.479017,-69481.723011
1762668935.516021,-39286.460727,-44456.522912,-46468.779445,-69486.685097
1762668935.512021,-39246.406406,-44426.389039,-46453.900635,-69471.806288
1762668935.516021,-39193.764329,-44386.714697,-46437.878162,-69460.742176
1762668935.532289,-39193.380624,-44379.848987,-46432.156116,-69458.074868
1762668935.536288,-39246.406406,-44416.088611,-46449.322253,-69470.658898
1762668935.532289,-39291.419089,-44465.299696,-46472.974122,-69487.065077
1762668935.536288,-39265.096188,-44450.040907,-46470.303088,-69479.815662
1762668935.532289,-39201.010019,-44390.149415,-46444.747597,-69456.167519
1762668935.536288,-39204.444736,-44384.807348,-46435.590833,-69455.020130
1762668935.542390,-39273.109287,-44443.555176,-46465.344727,-69478.675723
1762668935.546390,-39321.172982,-44482.082129,-46482.894570,-69491.639733
1762668935.552499,-39282.262325,-44448.513538,-46465.344727,-69478.288293
1762668935.556499,-39215.505123,-44388.242066,-46443.220228,-69458.074868
1762668935.572846,-39231.147617,-44409.602880,-46449.322253,-69465.324283
1762668935.576846,-39273.109287,-44440.884143,-46460.386366,-69474.861026
1762668935.583436,-39299.428463,-44469.114393,-46470.303088,-69483.250380
1762668935.587436,-39254.799485,-44441.647828,-46458.479017,-69472.186267
1762668935.591436,-39192.236960,-44387.478381,-46435.970813,-69458.454847
1762668935.595436,-39195.287973,-44377.561659,-46429.488808,-69457.694888
1762668935.583436,-39239.156991,-44410.366565,-46443.600208,-69467.611611
1762668935.587436,-39279.211313,-44456.142932,-46463.437378,-69482.490420
1762668935.593646,-39237.249643,-44430.583715,-46453.136951,-69474.861026
1762668935.597646,-39181.936532,-44368.784875,-46432.539821,-69454.260170
1762668935.593646,-39186.134934,-44366.117567,-46427.197754,-69453.112781
1762668935.597646,-39245.642722,-44424.481690,-46448.178589,-69475.620985
1762668935.613840,-39278.831333,-44451.564550,-46463.437378,-69484.397769
1762668935.617840,-39238.393307,-44412.653893,-46453.520656,-69466.464221
1762668935.613840,-39177.741855,-44350.858778,-46432.156116,-69445.483387
1762668935.617840,-39205.968380,-44371.075928,-46435.590833,-69453.880191
1762668935.623982,-39252.128452,-44408.459216,-46453.900635,-69466.464221
1762668935.627982,-39290.275425,-44447.749853,-46474.117786,-69476.768374
1762668935.634280,-39262.428880,-44426.005334,-46463.057399,-69468.371570
1762668935.638280,-39210.930467,-44390.913099,-46446.654946,-69455.020130
1762668935.644361,-39218.559861,-44385.951012,-46447.034925,-69455.020130
1762668935.648361,-39264.336228,-44419.523329,-46460.386366,-69465.324283
1762668935.644361,-39308.965206,-44470.258057,-46476.025134,-69479.435682
1762668935.648361,-39281.882346,-44450.800866,-46465.728432,-69470.658898
1762668935.654524,-39215.888828,-44387.478381,-46447.414905,-69450.445473
1762668935.658524,-39219.703525,-44381.376356,-46446.271241,-69455.020130
1762668935.654524,-39281.882346,-44438.976794,-46463.821083,-69470.278919
1762668935.658524,-39313.927293,-44472.545385,-46476.408839,-69479.435682
1762668935.674637,-39270.438254,-44437.069446,-46466.872096,-69468.751550
1762668935.678637,-39196.051657,-44370.312244,-46437.498182,-69448.158145
1762668935.684793,-39206.352085,-44383.663684,-46443.983912,-69454.640150
1762668935.688792,-39255.943149,-44416.468590,-46454.664320,-69466.084242
1762668935.684793,-39278.067648,-44444.318861,-46467.635781,-69474.861026
1762668935.688792,-39234.962314,-44417.615980,-46460.006386,-69464.176893
1762668935.704988,-39183.080196,-44369.548559,-46432.156116,-69449.678063
1762668935.708988,-39186.514914,-44363.446534,-46427.197754,-69448.158145
1762668935.704988,-39237.633348,-44401.973486,-46445.127577,-69463.416934
1762668935.708988,-39287.604392,-44450.040907,-46466.108412,-69484.010339
1762668935.725200,-39255.559444,-44432.874769,-46464.201063,-69475.620985
1762668935.729200,-39191.856980,-44371.455908,-46439.025551,-69453.492761
1762668935.725200,-39192.236960,-44360.011816,-46437.118202,-69451.205432
1762668935.729200,-39250.221103,-44419.903308,-46459.622681,-69471.046329
1762668935.735307,-39291.039109,-44456.906617,-46473.357826,-69482.490420
1762668935.739307,-39255.179465,-44426.769018,-46461.913735,-69469.898939
1762668935.735307,-39190.709591,-44367.261231,-46437.118202,-69445.103407
1762668935.739307,-39210.546762,-44383.283705,-46443.983912,-69449.298084
1762668935.745472,-39257.850498,-44416.852295,-46455.044299,-69464.936852
1762668935.749472,-39289.891720,-44446.606189,-46466.108412,-69472.953677
1762668935.745472,-39252.128452,-44417.232275,-46455.807984,-69455.787539
1762668935.749472,-39197.579026,-44372.219592,-46439.025551,-69439.761341
1762668935.765960,-39202.917367,-44364.970177,-46435.590833,-69437.853992
1762668935.769960,-39240.684360,-44397.395104,-46445.127577,-69448.918104
1762668935.765960,-39285.317063,-44442.027807,-46464.964747,-69463.416934
1762668935.769960,-39257.086813,-44421.810657,-46456.191689,-69457.307458
1762668935.786215,-39193.000644,-44364.210218,-46428.341419,-69438.621402
1762668935.790215,-39184.987545,-44350.095093,-46418.804675,-69439.761341
1762668935.796254,-39242.591709,-44407.695532,-46441.312879,-69459.214807
1762668935.800254,-39270.058274,-44437.833130,-46464.201063,-69467.231631
1762668935.796254,-39227.712899,-44408.839196,-46452.376992,-69455.787539
1762668935.800254,-39169.348776,-44348.567724,-46423.766762,-69439.001381
1762668935.816527,-39186.134934,-44366.497546,-46427.581459,-69448.918104
1762668935.820527,-39236.485958,-44408.079237,-46444.363892,-69464.556873
1762668935.816527,-39277.303964,-44445.842505,-46460.006386,-69476.768374
1762668935.820527,-39245.262742,-44425.245374,-46448.942274,-69469.138980
1762668935.826626,-39195.671678,-44385.571033,-46434.827149,-69458.074868
1762668935.830626,-39200.246334,-44375.270605,-46432.156116,-69456.547499
1762668935.826626,-39246.406406,-44408.459216,-46443.983912,-69469.898939
1762668935.830626,-39294.090122,-44451.948255,-46462.673694,-69480.195642
1762668935.836771,-39255.943149,-44422.954321,-46453.900635,-69466.844201
1762668935.840770,-39188.042283,-44363.826513,-46428.341419,-69446.630776
1762668935.836771,-39186.134934,-44351.238757,-46420.712024,-69443.956017
1762668935.840770,-39252.508432,-44407.695532,-46442.076564,-69464.176893
1762668935.856954,-39287.984371,-44442.411512,-46458.099037,-69475.620985
1762668935.860954,-39246.786386,-44410.366565,-46446.654946,-69464.556873
1762668935.856954,-39184.227586,-44352.382421,-46424.146742,-69444.343448
1762668935.860954,-39202.153683,-44364.970177,-46428.341419,-69452.732801
1762668935.877198,-39246.406406,-44393.580407,-46436.734498,-69461.509585
1762668935.881198,-39283.409715,-44427.532703,-46448.942274,-69467.231631
1762668935.883783,-39256.706834,-44408.459216,-46444.747597,-69458.074868
1762668935.887783,-39203.301072,-44371.839613,-46431.012452,-69446.630776
1762668935.891783,-39200.630039,-44363.062829,-46424.146742,-69446.630776
1762668935.895783,-39247.170091,-44393.200427,-46432.539821,-69458.074868
1762668935.887364,-39283.026010,-44437.069446,-46455.807984,-69469.898939
1762668935.891364,-39244.879037,-44407.315552,-46447.414905,-69458.834827
1762668935.907596,-39184.987545,-44351.618737,-46423.003078,-69439.761341
1762668935.911596,-39188.042283,-44347.044080,-46426.817775,-69438.621402
1762668935.907596,-39250.221103,-44408.839196,-46451.993287,-69460.742176
1762668935.911596,-39292.562753,-44443.555176,-46463.437378,-69472.953677
1762668935.907596,-39246.406406,-44408.839196,-46449.705958,-69458.074868
1762668935.911596,-39170.876145,-44347.424060,-46421.859413,-69437.094033
1762668935.927844,-39188.802242,-44364.970177,-46421.475708,-69445.863366
1762668935.931844,-39238.393307,-44395.107776,-46433.303505,-69454.640150
1762668935.927844,-39276.540279,-44425.625354,-46452.756971,-69464.556873
1762668935.931844,-39239.156991,-44397.778809,-46444.363892,-69451.585412
1762668935.937937,-39174.690843,-44343.609363,-46417.281032,-69432.899356
1762668935.941937,-39181.556553,-44341.322035,-46413.082629,-69433.659315
1762668935.948010,-39226.189256,-44377.941638,-46427.197754,-69443.956017
1762668935.952010,-39268.150926,-44426.769018,-46445.127577,-69456.167519
1762668935.958143,-39236.485958,-44401.593506,-46441.692859,-69447.010756
1762668935.962143,-39183.080196,-44341.322035,-46422.239393,-69429.084659
1762668935.968238,-39191.473275,-44336.359948,-46416.897327,-69424.502552
1762668935.972238,-39253.652096,-44403.500855,-46440.169215,-69450.825453
1762668935.976238,-39284.169674,-44434.398413,-46453.900635,-69462.269545
1762668935.980238,-39242.971689,-44399.686158,-46442.076564,-69446.630776
1762668935.968238,-39180.412889,-44341.322035,-46416.517347,-69428.317249
1762668935.972238,-39195.287973,-44354.289770,-46422.619373,-69436.326623
1762668935.988572,-39235.342294,-44387.098402,-46434.063464,-69447.770715
1762668935.992572,-39274.252951,-44423.718005,-46449.705958,-69459.602237
1762668935.998661,-39234.198630,-44399.302453,-46434.827149,-69447.010756
1762668936.002661,-39181.556553,-44353.909791,-46415.753663,-69432.511926
1762668936.008747,-39187.278599,-44348.951429,-46416.137367,-69433.279335
1762668936.012747,-39230.763912,-44381.756335,-46428.341419,-69442.816079
1762668936.016747,-39274.252951,-44426.005334,-46447.034925,-69457.694888
1762668936.020747,-39240.684360,-44400.829822,-46442.076564,-69443.196058
1762668936.018904,-39176.598191,-44342.081994,-46418.044716,-69422.595203
1762668936.022904,-39172.399789,-44329.494238,-46410.795301,-69422.975183
1762668936.018904,-39238.013327,-44392.056763,-46434.063464,-69447.010756
1762668936.022904,-39278.067648,-44429.440051,-46450.085938,-69458.454847
1762668936.029009,-39239.540696,-44398.922473,-46435.210854,-69447.010756
1762668936.033009,-39183.080196,-44339.794666,-46415.753663,-69428.317249
1762668936.049198,-39197.959006,-44360.775501,-46423.383057,-69439.001381
1762668936.053198,-39240.300655,-44400.449842,-46434.063464,-69452.352822
1762668936.049198,-39282.262325,-44437.833130,-46449.705958,-69463.796914
1762668936.053198,-39242.971689,-44417.232275,-46437.498182,-69453.880191
1762668936.059297,-39187.278599,-44369.168580,-46416.897327,-69436.714053
1762668936.063297,-39209.023118,-44362.302870,-46422.239393,-69440.908730
1762668936.059297,-39245.262742,-44393.580407,-46435.590833,-69452.732801
1762668936.063297,-39286.460727,-44440.504164,-46448.562294,-69467.231631
1762668936.079569,-39251.744747,-44415.708631,-46440.169215,-69456.547499
1762668936.083569,-39163.626730,-44358.488172,-46410.415322,-69436.326623
1762668936.079569,-39169.348776,-44345.136732,-46409.651637,-69435.566664
1762668936.083569,-39246.022701,-44398.922473,-46437.878162,-69452.732801
1762668936.089714,-39276.923984,-44427.532703,-46452.756971,-69462.649524
1762668936.093714,-39228.096604,-44389.005750,-46439.025551,-69447.390735
1762668936.089714,-39154.853672,-44323.772192,-46414.609998,-69423.742592
1762668936.093714,-39179.265499,-44343.989342,-46419.188380,-69430.224597
1762668936.109910,-39225.425571,-44378.705323,-46430.248767,-69444.723427
1762668936.113910,-39252.128452,-44403.117150,-46442.076564,-69451.585412
1762668936.109910,-39212.454110,-44374.890625,-46427.197754,-69437.474012
1762668936.113910,-39155.617356,-44331.785291,-46406.600624,-69423.362613
1762668936.120020,-39162.863046,-44327.970594,-46404.309571,-69423.362613
1762668936.124020,-39213.217795,-44360.395521,-46419.188380,-69435.946643
1762668936.120020,-39252.128452,-44406.171888,-46437.118202,-69450.065494
1762668936.124020,-39213.217795,-44380.228966,-46426.817775,-69440.908730
1762668936.150331,-39150.655270,-44323.772192,-46402.402222,-69419.547915
1762668936.154330,-39157.141000,-44319.193810,-46400.878578,-69418.400526
1762668936.150331,-39225.041866,-44377.177954,-46423.383057,-69440.908730
1762668936.154330,-39261.281490,-44415.708631,-46437.118202,-69452.732801
1762668936.158331,-39222.374558,-44387.478381,-46430.632472,-69444.343448
1762668936.162331,-39164.390415,-44332.165271,-46407.360584,-69426.789880
1762668936.170595,-39175.834507,-44350.475073,-46412.322670,-69432.511926
1762668936.174595,-39231.911302,-44395.871460,-46426.817775,-69446.630776
1762668936.170595,-39271.201938,-44428.676367,-46440.549195,-69459.982216
1762668936.174595,-39226.949215,-44402.357191,-46424.526721,-69448.538125
1762668936.190873,-39163.246751,-44344.753027,-46402.022243,-69428.317249
1762668936.194873,-39160.192013,-44332.545251,-46400.494874,-69424.882531
1762668936.200960,-39194.907993,-44348.951429,-46412.702650,-69432.131946
1762668936.204960,-39238.393307,-44395.871460,-46434.063464,-69444.723427
1762668936.208961,-39210.546762,-44371.075928,-46424.146742,-69431.751966
1762668936.212960,-39155.233651,-44308.133423,-46402.785927,-69409.623742
1762668936.200960,-39155.233651,-44300.504029,-46400.878578,-69410.011172
1762668936.204960,-39218.559861,-44362.682849,-46424.910426,-69431.371987
1762668936.211095,-39255.559444,-44396.251440,-46442.076564,-69440.528750
1762668936.215095,-39217.796177,-44369.168580,-46428.725123,-69429.464638
1762668936.211095,-39160.575718,-44316.526502,-46405.836940,-69413.438439
1762668936.215095,-39174.307138,-44332.545251,-46413.466334,-69423.742592
1762668936.241472,-39215.888828,-44363.062829,-46426.054090,-69434.419274
1762668936.245472,-39249.457419,-44393.964112,-46440.169215,-69444.343448
1762668936.241472,-39216.652513,-44372.219592,-46432.919800,-69433.279335
1762668936.245472,-39160.575718,-44335.599989,-46414.609998,-69420.307875
1762668936.241472,-39164.770395,-44329.114258,-46408.887953,-69423.362613
1762668936.245472,-39220.083505,-44366.117567,-46427.961439,-69434.419274
1762668936.241472,-39274.632931,-44422.190636,-46453.520656,-69451.585412
1762668936.245472,-39235.725999,-44392.436743,-46439.025551,-69441.288710
1762668936.261703,-39175.450802,-44337.123632,-46417.281032,-69421.835244
1762668936.265702,-39168.205112,-44327.586889,-46410.795301,-69422.215223
1762668936.261703,-39223.134518,-44385.951012,-46428.341419,-69443.576038
1762668936.265702,-39262.428880,-44415.708631,-46441.312879,-69451.972842
1762668936.284466,-39216.652513,-44376.797974,-46425.674111,-69435.566664
1762668936.288466,-39144.933224,-44316.906482,-46400.878578,-69412.298501
1762668936.292032,-39151.802659,-44324.155897,-46398.587525,-69417.253137
1762668936.296032,-39198.338985,-44354.673475,-46410.415322,-69429.844618
1762668936.292032,-39239.156991,-44386.714697,-46425.290406,-69440.528750
1762668936.296032,-39204.824716,-44363.826513,-46418.804675,-69430.992007
1762668936.302121,-39145.316929,-44314.999133,-46398.971230,-69416.873157
1762668936.306121,-39151.802659,-44311.564416,-46394.392848,-69415.733218
1762668936.302121,-39203.681052,-44341.702014,-46408.887953,-69424.122572
1762668936.306121,-39246.406406,-44394.727796,-46429.488808,-69438.233972
1762668936.312198,-39212.837815,-44369.168580,-46423.383057,-69430.224597
1762668936.316198,-39153.710008,-44311.948121,-46400.878578,-69413.825870
1762668936.322306,-39161.719382,-44307.369739,-46398.971230,-69414.585829
1762668936.326306,-39223.134518,-44372.599572,-46423.766762,-69437.474012
1762668936.332394,-39258.230478,-44403.500855,-46438.641846,-69447.010756
1762668936.336394,-39210.166782,-44366.877526,-46420.332044,-69429.084659
1762668936.332394,-39154.853672,-44310.040772,-46402.785927,-69411.918521
1762668936.336394,-39182.320237,-44332.545251,-46414.609998,-69422.975183
1762668936.342476,-39233.054966,-44374.506921,-46432.539821,-69437.094033
1762668936.346476,-39271.201938,-44410.366565,-46449.322253,-69448.158145
1762668936.352606,-39233.434945,-44387.478381,-46442.076564,-69437.853992
1762668936.356606,-39172.399789,-44342.081994,-46422.239393,-69420.687854
1762668936.362712,-39178.505540,-44334.452599,-46415.373683,-69419.160485
1762668936.366712,-39221.227169,-44366.117567,-46426.434070,-69434.806705
1762668936.362712,-39260.901511,-44413.037598,-46443.983912,-69451.205432
1762668936.366712,-39211.310446,-44378.705323,-46431.776136,-69438.621402
1762668936.384427,-39148.367941,-44315.762818,-46407.360584,-69417.640567
1762668936.388427,-39146.840572,-44303.935021,-46403.545886,-69412.678480
1762668936.393012,-39203.301072,-44361.919165,-46426.817775,-69431.751966
1762668936.397012,-39238.777012,-44393.580407,-46434.063464,-69441.288710
1762668936.393012,-39205.208421,-44360.395521,-46421.475708,-69433.279335
1762668936.397012,-39150.655270,-44308.133423,-46402.022243,-69414.585829
1762668936.403113,-39165.154099,-44317.670166,-46406.600624,-69418.400526
1762668936.407113,-39210.930467,-44355.053455,-46420.332044,-69432.899356
1762668936.413200,-39244.879037,-44389.385730,-46431.776136,-69443.956017
1762668936.417200,-39225.425571,-44371.075928,-46424.910426,-69436.714053
1762668936.423321,-39165.914059,-44326.823205,-46406.216919,-69419.927895
1762668936.427320,-39163.626730,-44319.193810,-46405.453235,-69419.160485
1762668936.423321,-39208.259434,-44347.424060,-46413.082629,-69430.224597
1762668936.427320,-39265.859872,-44400.066137,-46435.970813,-69444.343448
1762668936.433401,-39233.054966,-44376.414269,-46427.197754,-69434.806705
1762668936.437401,-39170.492440,-44315.379113,-46409.651637,-69416.873157
1762668936.433401,-39173.927158,-44306.989759,-46405.836940,-69416.493177
1762668936.437401,-39240.684360,-44368.784875,-46431.396157,-69436.714053
1762668936.453603,-39270.818233,-44400.066137,-46445.507556,-69444.343448
1762668936.457603,-39221.610874,-44362.682849,-46430.248767,-69429.844618
1762668936.453603,-39152.946323,-44303.935021,-46404.693276,-69410.011172
1762668936.457603,-39167.061448,-44321.864843,-46411.558986,-69419.547915
1762668936.473929,-39212.837815,-44354.673475,-46423.003078,-69431.371987
1762668936.477929,-39238.393307,-44381.756335,-46431.396157,-69438.621402
1762668936.484509,-39205.968380,-44359.248132,-46420.332044,-69427.937269
1762668936.488508,-39144.933224,-44309.657067,-46402.022243,-69412.298501
1762668936.492509,-39143.409580,-44303.175062,-46399.351209,-69412.298501
1762668936.496509,-39183.843881,-44336.359948,-46406.980604,-69421.835244
1762668936.484509,-39236.485958,-44392.056763,-46420.332044,-69439.761341
1762668936.488508,-39206.732064,-44361.155480,-46414.609998,-69424.882531
1762668936.494664,-39141.882211,-44302.027673,-46391.721815,-69401.614368
1762668936.498664,-39140.358567,-44291.347265,-46384.856105,-69403.521717
1762668936.524943,-39196.051657,-44353.146106,-46408.124268,-69427.557290
1762668936.528943,-39231.147617,-44387.098402,-46421.095729,-69434.806705
1762668936.524943,-39202.917367,-44355.817139,-46409.267932,-69419.160485
1762668936.528943,-39141.118526,-44304.318726,-46390.194446,-69403.901696
1762668936.524943,-39172.399789,-44316.142797,-46396.300197,-69410.391152
1762668936.528943,-39233.818650,-44358.868152,-46419.568360,-69423.742592
1762668936.524943,-39258.994162,-44385.951012,-46433.683485,-69430.224597
1762668936.528943,-39213.217795,-44361.539185,-46414.989978,-69419.927895
1762668936.545218,-39164.006710,-44318.813831,-46396.300197,-69404.289126
1762668936.549218,-39170.112461,-44316.142797,-46396.680176,-69402.761757
1762668936.545218,-39205.968380,-44346.660376,-46407.360584,-69415.733218
1762668936.549218,-39255.943149,-44398.542494,-46426.817775,-69431.751966
1762668936.565382,-39223.518223,-44367.261231,-46419.952065,-69420.687854
1762668936.569382,-39161.719382,-44308.513403,-46402.785927,-69404.669106
1762668936.575497,-39162.483066,-44303.555042,-46401.638538,-69406.576455
1762668936.579497,-39222.374558,-44364.210218,-46421.475708,-69429.464638
1762668936.583497,-39256.323129,-44394.344091,-46434.447169,-69439.761341
1762668936.587497,-39208.639413,-44358.104467,-46424.526721,-69425.649941
1762668936.575497,-39151.802659,-44302.027673,-46402.402222,-69405.429065
1762668936.579497,-39157.141000,-44316.142797,-46404.693276,-69405.049086
1762668936.585661,-39205.588400,-44354.289770,-46418.804675,-69414.965808
1762668936.589661,-39249.077439,-44380.992651,-46431.012452,-69426.409900
1762668936.585661,-39220.083505,-44358.868152,-46424.526721,-69416.873157
1762668936.589661,-39163.246751,-44313.091785,-46408.887953,-69402.761757
1762668936.605855,-39164.006710,-44308.897108,-46403.545886,-69405.429065
1762668936.609855,-39212.074131,-44341.322035,-46415.373683,-69419.160485
1762668936.605855,-39254.035801,-44386.714697,-46429.105103,-69428.697228
1762668936.609855,-39201.773703,-44351.238757,-46415.753663,-69411.151111
1762668936.615977,-39143.409580,-44294.018298,-46392.485499,-69396.659732
1762668936.619977,-39155.617356,-44294.018298,-46389.814466,-69397.799671
1762668936.636194,-39221.990854,-44355.433434,-46411.175281,-69419.927895
1762668936.640194,-39256.323129,-44388.622046,-46424.146742,-69429.084659
1762668936.636194,-39212.837815,-44358.104467,-46411.938965,-69418.400526
1762668936.640194,-39155.617356,-44309.277087,-46392.101794,-69406.576455
1762668936.646448,-39165.914059,-44319.577515,-46391.721815,-69411.918521
1762668936.650448,-39218.176156,-44358.868152,-46408.887953,-69427.177310
1762668936.646448,-39258.994162,-44391.293079,-46427.581459,-69438.233972
1762668936.650448,-39223.134518,-44372.219592,-46418.804675,-69431.751966
1762668936.666637,-39169.728756,-44322.628528,-46400.878578,-69416.113198
1762668936.670637,-39167.821407,-44316.142797,-46396.300197,-69419.160485
1762668936.666637,-39198.722690,-44343.989342,-46408.507973,-69427.557290
1762668936.670637,-39243.735373,-44391.673058,-46426.434070,-69439.761341
1762668936.676796,-39198.722690,-44356.580824,-46414.609998,-69424.502552
1762668936.680796,-39135.396481,-44300.884008,-46395.536512,-69408.103824
1762668936.676796,-39138.831198,-44298.596680,-46392.865479,-69411.151111
1762668936.680796,-39204.824716,-44358.868152,-46417.281032,-69433.279335
1762668936.697008,-39239.156991,-44393.200427,-46432.539821,-69444.343448
1762668936.701008,-39199.102670,-44356.197119,-46417.281032,-69432.899356
1762668936.697008,-39139.974862,-44304.318726,-46393.629164,-69414.585829
1762668936.701008,-39154.469967,-44315.762818,-46402.022243,-69416.493177
1762668936.707121,-39204.444736,-44347.424060,-46416.137367,-69426.789880
1762668936.711121,-39231.147617,-44370.692223,-46424.526721,-69431.371987
1762668936.707121,-39197.959006,-44351.238757,-46416.517347,-69422.595203
1762668936.711121,-39134.636521,-44300.120324,-46396.300197,-69405.429065
1762668936.717199,-39151.802659,-44300.120324,-46397.823840,-69405.429065
1762668936.721199,-39206.352085,-44337.887317,-46418.804675,-69423.742592
1762668936.727313,-39253.652096,-44393.580407,-46441.312879,-69442.816079
1762668936.731313,-39206.732064,-44356.960803,-46427.197754,-69425.649941
1762668936.737401,-39154.469967,-44305.082411,-46400.494874,-69405.809045
1762668936.741401,-39157.524705,-44305.462390,-46398.971230,-69407.716393
1762668936.760414,-39215.505123,-44360.395521,-46418.424696,-69428.317249
1762668936.764414,-39246.786386,-44392.820448,-46431.012452,-69437.474012
1762668936.769532,-39209.023118,-44361.155480,-46420.712024,-69426.029921
1762668936.773532,-39151.418954,-44310.804456,-46403.545886,-69414.585829
1762668936.777532,-39160.955697,-44317.670166,-46407.360584,-69417.640567
1762668936.781532,-39202.537388,-44352.766126,-46422.239393,-69429.464638
1762668936.769532,-39228.476584,-44374.126941,-46434.063464,-69436.714053
1762668936.773532,-39195.671678,-44353.526086,-46424.146742,-69428.697228
1762668936.785119,-39131.201804,-44304.318726,-46400.114894,-69412.298501
1762668936.789119,-39152.946323,-44309.277087,-46403.929591,-69416.873157
1762668936.787683,-39207.875729,-44340.558350,-46414.989978,-69427.177310
1762668936.791682,-39244.879037,-44395.107776,-46431.396157,-69447.390735
1762668936.805799,-39201.010019,-44360.011816,-46424.910426,-69435.186684
1762668936.809799,-39140.358567,-44303.175062,-46402.022243,-69413.825870
1762668936.816900,-39148.747921,-44301.647693,-46400.494874,-69410.771132
1762668936.820900,-39204.444736,-44361.919165,-46419.952065,-69429.844618
1762668936.824900,-39223.518223,-44388.242066,-46437.118202,-69439.761341
1762668936.828900,-39199.102670,-44354.673475,-46426.054090,-69428.317249
1762668936.816900,-39141.882211,-44302.791357,-46403.545886,-69411.918521
1762668936.820900,-39158.284664,-44317.286462,-46406.600624,-69418.780506
1762668936.831844,-39205.968380,-44354.289770,-46421.475708,-69428.317249
1762668936.835844,-39239.156991,-44382.136315,-46435.210854,-69431.751966
1762668936.832861,-39209.783077,-44364.590198,-46431.012452,-69423.362613
1762668936.836861,-39151.038975,-44310.040772,-46410.031617,-69406.576455
1762668936.850955,-39162.483066,-44306.606054,-46406.980604,-69405.429065
1762668936.854955,-39210.546762,-44340.938330,-46425.290406,-69414.965808
1762668936.862086,-39247.930050,-44389.005750,-46438.641846,-69431.751966
1762668936.866086,-39200.246334,-44348.951429,-46419.952065,-69418.780506
1762668936.870086,-39138.831198,-44292.490929,-46396.680176,-69399.707019
1762668936.874086,-39138.067514,-44292.490929,-46392.865479,-69400.474429
1762668936.872083,-39191.856980,-44352.002442,-46414.230019,-69422.215223
1762668936.876083,-39224.281907,-44382.136315,-46427.197754,-69431.751966
1762668936.877970,-39193.000644,-44356.960803,-46416.137367,-69422.215223
1762668936.881969,-39141.882211,-44306.989759,-46397.063881,-69403.901696
1762668936.894267,-39165.154099,-44312.328100,-46400.494874,-69406.956434
1762668936.898267,-39211.690426,-44353.146106,-46413.846314,-69424.882531
1762668936.906693,-39245.642722,-44373.746961,-46425.290406,-69428.697228
1762668936.910693,-39210.166782,-44358.104467,-46419.188380,-69424.502552
1762668936.922055,-39146.840572,-44309.277087,-46402.785927,-69408.863783
1762668936.926055,-39157.141000,-44306.606054,-46403.165907,-69408.483803
1762668936.922055,-39203.301072,-44340.558350,-46419.188380,-69421.067834
1762668936.926055,-39242.591709,-44384.427369,-46431.776136,-69435.566664
1762668936.923119,-39196.431637,-44347.044080,-46420.712024,-69420.687854
1762668936.927119,-39136.160165,-44292.490929,-46402.785927,-69401.614368
1762668936.924126,-39143.789560,-44291.730970,-46403.165907,-69399.327040
1762668936.928126,-39204.444736,-44343.609363,-46422.619373,-69419.160485
1762668936.927119,-39235.342294,-44379.848987,-46435.210854,-69432.899356
1762668936.931119,-39186.894894,-44343.989342,-46422.239393,-69416.493177
1762668936.947644,-39133.489132,-44294.018298,-46402.022243,-69398.179650
1762668936.951644,-39157.904685,-44323.392212,-46412.702650,-69412.678480
1762668936.947644,-39204.824716,-44353.146106,-46426.817775,-69424.122572
1762668936.951644,-39234.962314,-44379.469007,-46437.498182,-69432.511926
1762668936.947644,-39208.639413,-44360.011816,-46431.776136,-69424.502552
1762668936.951644,-39141.882211,-44303.935021,-46414.230019,-69404.289126
1762668936.966228,-39143.789560,-44298.976660,-46409.267932,-69403.141737
1762668936.970228,-39197.579026,-44334.452599,-46419.952065,-69416.873157
1762668936.967392,-39246.022701,-44386.334717,-46440.932900,-69430.224597
1762668936.971392,-39199.866354,-44345.516711,-46423.003078,-69416.873157
1762668936.985307,-39140.738547,-44291.730970,-46399.351209,-69400.854409
1762668936.989307,-39139.211178,-44291.730970,-46395.536512,-69401.994348
1762668936.994608,-39202.537388,-44349.331409,-46414.989978,-69421.455264
1762668936.998608,-39238.777012,-44378.321618,-46423.003078,-69426.789880
1762668936.994608,-39193.380624,-44343.229383,-46408.124268,-69411.531091
1762668936.998608,-39129.294455,-44293.254614,-46385.619789,-69395.892322
1762668937.010554,-39143.409580,-44297.832996,-46390.194446,-69401.234388
1762668937.014554,-39196.051657,-44336.359948,-46408.887953,-69413.825870
1762668937.010554,-39216.268808,-44358.488172,-46419.188380,-69419.927895
1762668937.014554,-39193.380624,-44343.609363,-46417.281032,-69414.205849
1762668937.020654,-39133.872837,-44290.967286,-46398.587525,-69394.752383
1762668937.024654,-39143.409580,-44289.439917,-46400.114894,-69392.077625
1762668937.020654,-39196.431637,-44326.823205,-46416.517347,-69405.809045
1762668937.024654,-39247.170091,-44383.283705,-46434.827149,-69429.844618
1762668937.040885,-39198.338985,-44344.753027,-46423.766762,-69417.640567
1762668937.044885,-39131.965488,-44286.768883,-46400.494874,-69399.327040
1762668937.040885,-39143.025875,-44289.059937,-46397.063881,-69399.327040
1762668937.044885,-39202.917367,-44350.095093,-46418.804675,-69419.160485
1762668937.050990,-39242.971689,-44380.228966,-46431.396157,-69426.029921
1762668937.054990,-39195.671678,-44343.229383,-46416.517347,-69408.863783
1762668937.050990,-39139.974862,-44297.069311,-46399.351209,-69392.845035
1762668937.054990,-39163.246751,-44308.513403,-46405.836940,-69398.179650
1762668937.081462,-39207.495749,-44343.609363,-46421.095729,-69410.771132
1762668937.085462,-39236.105978,-44364.970177,-46429.488808,-69418.780506
1762668937.081462,-39204.824716,-44346.660376,-46421.475708,-69413.825870
1762668937.085462,-39148.367941,-44299.360365,-46403.545886,-69398.947060
1762668937.085637,-39157.141000,-44299.740344,-46404.309571,-69400.086999
1762668937.089637,-39195.671678,-44328.730553,-46410.415322,-69407.716393
1762668937.085637,-39249.837399,-44378.321618,-46430.632472,-69420.687854
1762668937.089637,-39200.246334,-44339.030981,-46420.712024,-69404.289126
1762668937.101933,-39126.243442,-44277.615845,-46396.300197,-69384.068251
1762668937.105933,-39141.882211,-44278.759509,-46390.958130,-69385.595620
1762668937.112241,-39197.959006,-44339.794666,-46411.175281,-69406.196475
1762668937.116241,-39225.805551,-44367.261231,-46427.581459,-69414.965808
1762668937.112241,-39184.607565,-44329.114258,-46414.609998,-69401.614368
1762668937.116241,-39131.965488,-44284.101576,-46395.916492,-69387.882948
1762668937.132586,-39137.687534,-44288.676232,-46396.680176,-69391.317666
1762668937.136586,-39187.658578,-44329.494238,-46413.082629,-69407.336414
1762668937.142810,-39217.412472,-44357.724488,-46426.434070,-69416.493177
1762668937.146810,-39194.524288,-44346.280396,-46416.897327,-69410.391152
1762668937.150810,-39136.160165,-44290.583581,-46396.300197,-69393.604994
1762668937.154810,-39151.418954,-44292.874634,-46395.536512,-69395.512342
1762668937.142810,-39199.486375,-44329.494238,-46410.031617,-69406.576455
1762668937.146810,-39254.035801,-44387.858361,-46432.156116,-69423.742592
1762668937.152904,-39215.888828,-44357.724488,-46424.146742,-69412.678480
1762668937.156904,-39158.284664,-44304.318726,-46406.600624,-69395.892322
1762668937.163085,-39174.307138,-44307.749718,-46408.124268,-69395.512342
1762668937.167084,-39233.054966,-44368.784875,-46429.488808,-69416.873157
1762668937.173479,-39270.058274,-44394.344091,-46441.692859,-69425.269961
1762668937.177479,-39220.847189,-44354.673475,-46427.961439,-69411.531091
1762668937.173479,-39174.307138,-44310.804456,-46411.175281,-69397.799671
1762668937.177479,-39193.000644,-44318.433851,-46414.609998,-69404.289126
1762668937.185893,-39230.763912,-44347.804040,-46426.054090,-69414.965808
1762668937.189893,-39248.693734,-44369.932264,-46434.447169,-69417.640567
1762668937.185893,-39208.639413,-44350.475073,-46421.475708,-69410.771132
1762668937.189893,-39143.025875,-44289.823622,-46392.101794,-69395.512342
1762668937.205098,-39143.409580,-44281.430542,-46387.907118,-69392.845035
1762668937.209098,-39176.978171,-44316.526502,-46400.494874,-69406.576455
1762668937.221805,-39228.096604,-44374.506921,-46423.766762,-69427.177310
1762668937.225805,-39177.741855,-44334.072620,-46408.887953,-69410.771132
1762668937.221805,-39118.614048,-44270.750135,-46382.948756,-69390.937686
1762668937.225805,-39127.387106,-44269.222766,-46384.472400,-69395.132363
1762668937.232834,-39181.936532,-44318.433851,-46403.545886,-69409.243762
1762668937.236834,-39204.061031,-44349.711388,-46415.753663,-69416.873157
1762668937.232834,-39153.710008,-44315.379113,-46405.073255,-69403.521717
1762668937.236834,-39107.549936,-44276.472181,-46387.527138,-69392.457604
1762668937.242903,-39130.438119,-44287.916273,-46392.101794,-69397.799671
1762668937.246902,-39187.278599,-44324.535877,-46408.507973,-69405.429065
1762668937.253356,-39211.690426,-44355.053455,-46414.989978,-69413.058460
1762668937.257356,-39183.463901,-44343.609363,-46407.360584,-69410.011172
1762668937.273552,-39131.201804,-44295.925647,-46392.101794,-69394.752383
1762668937.277552,-39131.965488,-44292.874634,-46390.578151,-69396.659732
1762668937.283625,-39181.556553,-44331.021607,-46404.693276,-69405.049086
1762668937.287625,-39233.434945,-44386.334717,-46426.817775,-69422.975183
1762668937.291625,-39191.856980,-44354.289770,-46414.989978,-69410.771132
1762668937.295625,-39134.636521,-44296.689332,-46394.009143,-69390.550256
1762668937.294113,-39147.987962,-44297.832996,-46399.351209,-69390.550256
1762668937.298113,-39214.745164,-44355.433434,-46423.003078,-69408.103824
1762668937.302114,-39246.406406,-44382.136315,-46437.498182,-69414.585829
1762668937.306113,-39197.579026,-44341.702014,-46424.146742,-69401.994348
1762668937.294113,-39135.780185,-44293.254614,-46401.638538,-69388.642907
1762668937.298113,-39145.316929,-44300.120324,-46400.114894,-69392.845035
1762668937.304271,-39202.917367,-44334.836304,-46413.466334,-69407.716393
1762668937.308270,-39217.796177,-44356.197119,-46424.526721,-69413.438439
1762668937.314367,-39177.741855,-44338.651001,-46416.137367,-69405.049086
1762668937.318367,-39121.285081,-44280.286878,-46390.578151,-69388.262928
1762668937.324544,-39128.914475,-44276.472181,-46389.814466,-69389.790297
1762668937.328544,-39165.914059,-44309.657067,-46399.351209,-69400.854409
1762668937.334715,-39209.783077,-44355.817139,-46419.568360,-69418.400526
1762668937.338715,-39158.284664,-44318.433851,-46407.744288,-69405.809045
1762668937.334715,-39114.799351,-44263.880700,-46388.287097,-69388.642907
1762668937.338715,-39124.336094,-44266.551733,-46390.194446,-69391.317666
1762668937.365010,-39179.649204,-44321.101159,-46406.980604,-69406.576455
1762668937.369010,-39210.546762,-44351.238757,-46419.568360,-69410.771132
1762668937.365010,-39171.256125,-44317.670166,-46406.980604,-69398.567080
1762668937.369010,-39118.230343,-44274.944812,-46389.050782,-69385.975599
1762668937.373010,-39134.252816,-44287.916273,-46392.485499,-69392.457604
1762668937.377010,-39182.320237,-44331.021607,-46412.322670,-69408.863783
1762668937.365010,-39214.361459,-44361.155480,-46423.766762,-69416.113198
1762668937.369010,-39198.722690,-44349.331409,-46418.804675,-69408.483803
1762668937.386265,-39138.067514,-44293.254614,-46397.823840,-69389.030337
1762668937.390265,-39143.409580,-44295.161963,-46397.823840,-69389.790297
1762668937.386265,-39195.671678,-44340.174645,-46412.322670,-69403.141737
1762668937.390265,-39249.837399,-44393.964112,-46436.734498,-69423.742592
1762668937.395304,-39201.393723,-44347.044080,-46422.239393,-69410.391152
1762668937.399304,-39143.025875,-44286.008924,-46399.731189,-69389.030337
1762668937.395304,-39157.141000,-44288.676232,-46400.114894,-69390.170276
1762668937.399304,-39204.444736,-44337.887317,-46416.137367,-69409.623742
1762668937.415517,-39214.361459,-44354.673475,-46421.859413,-69414.585829
1762668937.419517,-39158.668369,-44308.513403,-46401.258558,-69397.419691
1762668937.415517,-39118.230343,-44263.500720,-46385.619789,-69381.400943
1762668937.419517,-39124.336094,-44269.222766,-46390.194446,-69387.122989
1762668937.425700,-39168.968797,-44303.175062,-46400.494874,-69398.567080
1762668937.429700,-39194.907993,-44327.586889,-46409.651637,-69404.289126
1762668937.425700,-39165.534079,-44319.577515,-46403.929591,-69400.086999
1762668937.429700,-39110.600948,-44262.737036,-46384.092420,-69383.688271
1762668937.456103,-39109.077305,-44257.778674,-46382.948756,-69382.160902
1762668937.460103,-39154.853672,-44292.874634,-46400.494874,-69394.364953
1762668937.456103,-39205.968380,-44348.951429,-46418.044716,-69411.151111
1762668937.460103,-39167.441428,-44317.286462,-46401.638538,-69397.799671
1762668937.456103,-39108.693600,-44259.306043,-46384.092420,-69382.160902
1762668937.460103,-39122.808725,-44266.171753,-46386.379749,-69386.355579
1762668937.476465,-39181.172848,-44317.286462,-46402.402222,-69400.086999
1762668937.480465,-39217.032492,-44352.382421,-46418.044716,-69406.576455
1762668937.476465,-39171.256125,-44319.193810,-46405.453235,-69394.364953
1762668937.480465,-39123.572409,-44280.286878,-46389.050782,-69382.160902
1762668937.486170,-39141.882211,-44291.730970,-46389.814466,-69390.550256
1762668937.490170,-39189.949632,-44335.979968,-46402.402222,-69405.429065
1762668937.486170,-39218.176156,-44361.919165,-46414.609998,-69411.151111
1762668937.490170,-39190.329611,-44349.711388,-46411.175281,-69407.336414
1762668937.506422,-39130.821824,-44294.781983,-46387.907118,-69387.502968
1762668937.510422,-39133.872837,-44290.203601,-46385.236084,-69384.068251
1762668937.506422,-39186.894894,-44324.915856,-46400.494874,-69395.512342
1762668937.510422,-39234.962314,-44372.599572,-46423.766762,-69414.965808
1762668937.516586,-39185.371250,-44321.101159,-46408.124268,-69395.892322
1762668937.520586,-39112.508297,-44256.251305,-46383.328736,-69376.438856
1762668937.516586,-39114.415646,-44255.871326,-46384.856105,-69379.493594
1762668937.520586,-39173.163474,-44310.804456,-46405.836940,-69400.086999
1762668937.536826,-39204.061031,-44338.651001,-46415.373683,-69405.809045
1762668937.540826,-39151.418954,-44294.781983,-46397.443861,-69386.355579
1762668937.536826,-39096.869528,-44254.727662,-46381.421387,-69376.438856
1762668937.540826,-39116.706699,-44266.551733,-46385.236084,-69381.013513
1762668937.557147,-39165.914059,-44304.698706,-46400.114894,-69395.512342
1762668937.561147,-39186.514914,-44330.637902,-46409.651637,-69404.289126
1762668937.557147,-39159.432054,-44323.392212,-46403.165907,-69397.419691
1762668937.561147,-39103.355259,-44268.842787,-46381.041408,-69385.595620
1762668937.557147,-39121.665061,-44274.564832,-46385.619789,-69392.077625
1762668937.561147,-39170.492440,-44316.526502,-46400.114894,-69401.994348
1762668937.577439,-39223.518223,-44370.312244,-46420.332044,-69418.020546
1762668937.581439,-39175.450802,-44336.743653,-46408.887953,-69405.429065
1762668937.577439,-39127.007127,-44287.532568,-46388.287097,-69389.030337
1762668937.581439,-39141.882211,-44297.453016,-46389.814466,-69392.077625
1762668937.599936,-39203.301072,-44349.711388,-46410.415322,-69410.011172
1762668937.603936,-39242.208004,-44382.520020,-46427.961439,-69419.927895
1762668937.611140,-39189.185947,-44335.979968,-46410.415322,-69401.234388
1762668937.615140,-39129.674435,-44288.296252,-46391.721815,-69385.215640
1762668937.619140,-39136.543870,-44286.008924,-46392.101794,-69388.262928
1762668937.623140,-39178.885520,-44314.619154,-46404.693276,-69399.707019
1762668937.611140,-39205.208421,-44339.794666,-46413.082629,-69405.809045
1762668937.615140,-39168.968797,-44318.433851,-46402.785927,-69394.364953
1762668937.627036,-39101.064205,-44252.056628,-46376.463026,-69371.864200
1762668937.631036,-39108.693600,-44249.769300,-46376.463026,-69372.624159
1762668937.627765,-39161.339402,-44288.676232,-46397.443861,-69382.920861
1762668937.631765,-39198.722690,-44340.174645,-46419.188380,-69399.707019
1762668937.643119,-39149.511606,-44303.935021,-46403.929591,-69385.595620
1762668937.647119,-39086.952806,-44244.807214,-46378.370374,-69364.234805
1762668937.655235,-39108.313620,-44249.769300,-46376.843005,-69370.716810
1762668937.659235,-39170.492440,-44303.175062,-46394.772828,-69390.550256
1762668937.663235,-39198.722690,-44332.928956,-46411.175281,-69397.799671
1762668937.667235,-39157.524705,-44299.360365,-46401.638538,-69384.068251
1762668937.655235,-39111.748338,-44261.213392,-46385.619789,-69375.291467
1762668937.659235,-39130.438119,-44276.472181,-46393.629164,-69381.780922
1762668937.671919,-39180.412889,-44318.433851,-46405.453235,-69393.225014
1762668937.675919,-39217.796177,-44350.475073,-46414.609998,-69400.086999
1762668937.671919,-39188.802242,-44347.804040,-46411.558986,-69398.947060
1762668937.675919,-39132.729173,-44300.884008,-46394.772828,-69386.735559
1762668937.686718,-39153.326303,-44304.698706,-46397.823840,-69387.122989
1762668937.690718,-39203.301072,-44342.081994,-46414.230019,-69398.567080
1762668937.705424,-39251.364768,-44392.436743,-46434.063464,-69414.205849
1762668937.709424,-39203.681052,-44351.618737,-46419.568360,-69398.567080
1762668937.705424,-39139.211178,-44290.967286,-46393.629164,-69380.633533
1762668937.709424,-39148.367941,-44292.110950,-46396.680176,-69385.595620
1762668937.716407,-39199.486375,-44331.021607,-46410.031617,-69399.707019
1762668937.720407,-39221.610874,-44352.002442,-46419.952065,-69404.289126
1762668937.717482,-39164.006710,-44301.647693,-46399.731189,-69385.595620
1762668937.721482,-39109.457284,-44253.583997,-46378.750354,-69371.476769
1762668937.731779,-39109.077305,-44257.778674,-46375.319362,-69375.291467
1762668937.735779,-39148.747921,-44294.018298,-46387.907118,-69387.882948
1762668937.737568,-39186.134934,-44318.433851,-46399.731189,-69392.845035
1762668937.741568,-39158.284664,-44306.606054,-46396.680176,-69389.410317
1762668937.738543,-39090.383798,-44248.241931,-46376.083046,-69372.244179
1762668937.742543,-39094.582200,-44245.570898,-46374.175698,-69370.716810
1762668937.738543,-39160.955697,-44288.296252,-46390.194446,-69384.068251
1762668937.742543,-39198.722690,-44334.072620,-46410.031617,-69397.799671
1762668937.762110,-39147.987962,-44294.398278,-46396.300197,-69382.160902
1762668937.766110,-39086.569101,-44237.561524,-46371.504664,-69362.327456
1762668937.762661,-39101.447910,-44248.621911,-46375.699341,-69369.569421
1762668937.766660,-39165.534079,-44306.226075,-46397.443861,-69390.550256
1762668937.784207,-39203.681052,-44343.989342,-46412.702650,-69401.614368
1762668937.788207,-39155.997336,-44310.804456,-46403.545886,-69390.170276
1762668937.784207,-39102.971554,-44274.944812,-46384.856105,-69381.013513
1762668937.788207,-39120.521396,-44289.059937,-46386.379749,-69386.355579
1762668937.788625,-39176.978171,-44330.257922,-46402.402222,-69395.512342
1762668937.792625,-39209.403098,-44360.395521,-46410.795301,-69403.901696
1762668937.788625,-39176.978171,-44348.187745,-46408.124268,-69401.614368
1762668937.792625,-39120.901376,-44288.676232,-46384.856105,-69382.160902
1762668937.798169,-39128.914475,-44275.324792,-46383.328736,-69376.438856
1762668937.802169,-39169.348776,-44300.120324,-46395.156533,-69386.355579
1762668937.828585,-39213.597775,-44345.136732,-46415.753663,-69401.234388
1762668937.832585,-39160.192013,-44299.360365,-46403.165907,-69385.595620
1762668937.836585,-39091.147482,-44235.654175,-46376.843005,-69363.087416
1762668937.840585,-39096.105844,-44242.899865,-46374.555677,-69368.049502
1762668937.838684,-39148.747921,-44288.296252,-46390.194446,-69384.448230
1762668937.842684,-39177.358150,-44320.341200,-46400.878578,-69393.604994
1762668937.838684,-39130.821824,-44279.139489,-46387.907118,-69377.586246
1762668937.842684,-39079.703391,-44241.376221,-46371.884644,-69366.142154
1762668937.848833,-39090.383798,-44249.385595,-46374.555677,-69371.476769
1762668937.852833,-39141.502231,-44289.823622,-46388.670802,-69386.355579
1762668937.848833,-39174.690843,-44319.193810,-46398.207545,-69395.512342
1762668937.852833,-39146.840572,-44308.513403,-46394.392848,-69391.317666
1762668937.858958,-39087.712765,-44255.491346,-46376.083046,-69374.531507
1762668937.862958,-39103.735238,-44263.120741,-46377.226710,-69376.438856
1762668937.858958,-39162.483066,-44309.657067,-46394.392848,-69393.984973
1762668937.862958,-39209.783077,-44363.826513,-46416.137367,-69413.438439
1762668937.879543,-39165.534079,-44328.730553,-46404.693276,-69398.567080
1762668937.883543,-39102.971554,-44273.417443,-46381.421387,-69378.346205
1762668937.879543,-39120.521396,-44288.296252,-46383.712441,-69383.688271
1762668937.883543,-39184.987545,-44347.424060,-46404.693276,-69403.141737
1762668937.889712,-39215.125144,-44375.654310,-46419.568360,-69410.771132
1762668937.893712,-39162.099361,-44327.970594,-46405.836940,-69390.170276
1762668937.889712,-39119.377732,-44283.717871,-46390.958130,-69377.198815
1762668937.893712,-39128.914475,-44277.995825,-46392.485499,-69380.633533
1762668937.909961,-39167.821407,-44304.318726,-46408.507973,-69388.262928
1762668937.913961,-39186.134934,-44319.577515,-46414.609998,-69388.642907
1762668937.909961,-39147.604257,-44301.267713,-46402.785927,-69381.400943
1762668937.913961,-39078.559726,-44232.603163,-46374.555677,-69356.985390
1762668937.930200,-39085.045457,-44231.455773,-46371.884644,-69355.838001
1762668937.934200,-39133.489132,-44268.079102,-46382.948756,-69368.809462
1762668937.940404,-39173.543453,-44316.906482,-46402.402222,-69385.975599
1762668937.944404,-39121.285081,-44277.232140,-46388.670802,-69371.096790
1762668937.940404,-39064.824581,-44224.210083,-46364.255250,-69353.170693
1762668937.944404,-39088.096470,-44233.746827,-46367.689967,-69359.272718
1762668937.950541,-39133.109152,-44278.759509,-46386.763453,-69374.151528
1762668937.954541,-39168.205112,-44310.420752,-46397.823840,-69385.215640
1762668937.950541,-39122.045040,-44274.944812,-46384.472400,-69369.189441
1762668937.954541,-39078.939706,-44252.056628,-46371.504664,-69364.234805
1762668937.970856,-39095.342159,-44261.593372,-46372.268349,-69373.384118
1762668937.974856,-39141.502231,-44305.842370,-46387.527138,-69387.122989
1762668937.970856,-39176.214486,-44342.081994,-46401.258558,-69400.086999
1762668937.974856,-39171.636105,-44337.123632,-46401.258558,-69398.179650
1762668937.986618,-39110.984653,-44278.759509,-46380.657703,-69376.818836
1762668937.990618,-39123.192430,-44283.337891,-46386.379749,-69380.633533
1762668937.986618,-39178.885520,-44330.257922,-46406.600624,-69394.752383
1762668937.990618,-39228.096604,-44380.228966,-46430.632472,-69408.863783
1762668938.000098,-39185.751230,-44339.794666,-46419.188380,-69392.457604
1762668938.004098,-39121.285081,-44271.510094,-46393.629164,-69372.624159
1762668938.000098,-39130.438119,-44273.417443,-46393.249184,-69373.384118
1762668938.004098,-39179.265499,-44316.906482,-46410.795301,-69387.882948
1762668938.016782,-39202.537388,-44335.979968,-46421.475708,-69392.077625
1762668938.020782,-39148.747921,-44287.916273,-46400.878578,-69374.911487
1762668938.032097,-39093.818516,-44246.714562,-46381.421387,-69363.847375
1762668938.036097,-39097.249508,-44247.478247,-46382.185072,-69367.282093
1762668938.040097,-39146.840572,-44281.046838,-46394.392848,-69377.966225
1762668938.044097,-39171.636105,-44305.842370,-46404.309571,-69384.828210
1762668938.043219,-39143.409580,-44295.545667,-46399.351209,-69380.253553
1762668938.047219,-39079.703391,-44240.612537,-46374.175698,-69361.940026
1762668938.043219,-39082.374424,-44241.376221,-46369.597316,-69366.522133
1762668938.047219,-39144.553244,-44290.967286,-46386.763453,-69385.595620
1762668938.053432,-39184.607565,-44339.414686,-46406.980604,-69400.854409
1762668938.057431,-39136.160165,-44303.935021,-46395.156533,-69389.030337
1762668938.073644,-39091.147482,-44255.107641,-46373.028308,-69372.244179
1762668938.077644,-39109.077305,-44268.459082,-46375.699341,-69381.013513
1762668938.081644,-39159.432054,-44321.864843,-46394.392848,-69400.474429
1762668938.085644,-39187.278599,-44346.280396,-46403.929591,-69405.809045
1762668938.073644,-39145.316929,-44305.082411,-46395.536512,-69389.030337
1762668938.077644,-39102.971554,-44274.181128,-46384.856105,-69379.493594
1762668938.086960,-39115.943015,-44277.232140,-46386.379749,-69383.308291
1762668938.090960,-39169.728756,-44311.564416,-46402.785927,-69393.604994
1762668938.086960,-39204.061031,-44340.558350,-46419.568360,-69398.947060
1762668938.090960,-39176.978171,-44331.401587,-46416.137367,-69396.272302
1762668938.114941,-39117.086679,-44268.842787,-46393.249184,-69381.400943
1762668938.118941,-39126.243442,-44261.593372,-46388.287097,-69381.400943
1762668938.114941,-39170.112461,-44290.967286,-46396.300197,-69386.355579
1762668938.118941,-39214.745164,-44341.702014,-46420.332044,-69397.419691
1762668938.122941,-39168.968797,-44303.175062,-46414.230019,-69385.975599
1762668938.126941,-39097.249508,-44236.797839,-46387.143433,-69365.374744
1762668938.114941,-39112.508297,-44246.714562,-46388.670802,-69369.189441
1762668938.118941,-39168.968797,-44298.596680,-46412.322670,-69382.920861
1762668938.135284,-39191.093296,-44321.101159,-46422.239393,-69386.355579
1762668938.139284,-39137.303829,-44274.564832,-46405.453235,-69371.864200
1762668938.135284,-39087.332785,-44244.807214,-46392.101794,-69363.847375
1762668938.139284,-39097.249508,-44253.200293,-46392.101794,-69368.049502
1762668938.145319,-39162.483066,-44298.212975,-46408.887953,-69384.448230
1762668938.149319,-39188.802242,-44335.599989,-46420.332044,-69395.132363
1762668938.165925,-39156.761020,-44322.248548,-46415.753663,-69392.077625
1762668938.169925,-39101.064205,-44260.449708,-46398.587525,-69374.151528
1762668938.165925,-39108.313620,-44266.551733,-46396.680176,-69374.151528
1762668938.169925,-39170.492440,-44322.248548,-46411.558986,-69389.410317
1762668938.176134,-39216.268808,-44374.890625,-46433.683485,-69406.196475
1762668938.180134,-39174.690843,-44339.030981,-46424.526721,-69398.947060
1762668938.176134,-39114.415646,-44285.245240,-46406.216919,-69380.633533
1762668938.180134,-39135.780185,-44302.791357,-46412.322670,-69385.595620
1762668938.206787,-39196.431637,-44353.909791,-46432.919800,-69401.994348
1762668938.210787,-39233.054966,-44372.983277,-46447.414905,-69410.011172
1762668938.206787,-39187.658578,-44323.772192,-46435.970813,-69394.364953
1762668938.210787,-39135.396481,-44282.574207,-46418.424696,-69381.013513
1762668938.206787,-39141.502231,-44279.523194,-46418.424696,-69386.735559
1762668938.210787,-39189.949632,-44317.286462,-46435.210854,-69402.761757
1762668938.227042,-39219.319820,-44345.516711,-46444.363892,-69410.391152
1762668938.231042,-39175.834507,-44324.915856,-46433.303505,-69404.289126
1762668938.235042,-39107.549936,-44267.695397,-46411.558986,-69388.262928
1762668938.239042,-39118.994027,-44272.273779,-46416.517347,-69392.077625
1762668938.227042,-39173.163474,-44311.948121,-46431.396157,-69407.336414
1762668938.231042,-39222.754538,-44369.932264,-46448.942274,-69425.649941
1762668938.237376,-39170.112461,-44327.206910,-46436.354518,-69406.576455
1762668938.241376,-39120.521396,-44272.273779,-46416.897327,-69387.882948
1762668938.237376,-39134.636521,-44286.388904,-46421.095729,-69395.892322
1762668938.241376,-39194.524288,-44337.887317,-46440.932900,-69411.531091
1762668938.257665,-39229.620248,-44370.312244,-46455.044299,-69417.253137
1762668938.261665,-39180.412889,-44329.494238,-46440.549195,-69403.901696
1762668938.267848,-39136.923850,-44298.596680,-46424.910426,-69395.132363
1762668938.271847,-39147.224277,-44302.027673,-46424.526721,-69393.225014
1762668938.275848,-39210.546762,-44347.804040,-46445.507556,-69405.429065
1762668938.279848,-39250.984788,-44381.376356,-46464.201063,-69417.640567
1762668938.287075,-39221.990854,-44370.312244,-46454.284340,-69410.011172
1762668938.291075,-39172.783494,-44313.855469,-46431.396157,-69390.170276
1762668938.288096,-39170.112461,-44307.749718,-46435.970813,-69390.170276
1762668938.292096,-39224.281907,-44349.331409,-46448.942274,-69402.761757
1762668938.298208,-39263.952523,-44390.149415,-46464.964747,-69416.493177
1762668938.302208,-39211.690426,-44350.858778,-46451.993287,-69403.521717
1762668938.298208,-39146.840572,-44288.296252,-46426.054090,-69383.688271
1762668938.302208,-39157.141000,-44297.453016,-46426.817775,-69389.790297
1762668938.308296,-39207.115769,-44338.651001,-46445.127577,-69406.196475
1762668938.312296,-39230.763912,-44362.682849,-46452.376992,-69415.345788
1762668938.308296,-39171.636105,-44310.804456,-46431.396157,-69396.272302
1762668938.312296,-39117.470384,-44271.893799,-46416.897327,-69389.030337
1762668938.328570,-39117.470384,-44267.695397,-46417.281032,-69392.457604
1762668938.332570,-39166.677743,-44305.082411,-46432.156116,-69405.049086
1762668938.328570,-39202.917367,-44336.359948,-46444.747597,-69415.345788
1762668938.332570,-39175.450802,-44327.206910,-46440.932900,-69412.298501
1762668938.348737,-39118.230343,-44268.459082,-46419.952065,-69394.752383
1762668938.352737,-39135.396481,-44273.801148,-46420.332044,-69395.892322
1762668938.361010,-39192.616940,-44322.248548,-46438.641846,-69411.531091
1762668938.365010,-39235.725999,-44372.983277,-46464.581043,-69427.557290
1762668938.369010,-39193.000644,-44333.692640,-46451.229602,-69412.298501
1762668938.373010,-39132.729173,-44281.430542,-46427.581459,-69394.752383
1762668938.361010,-39154.089987,-44304.698706,-46432.156116,-69403.521717
1762668938.365010,-39220.083505,-44360.395521,-46454.284340,-69421.835244
1762668938.372286,-39255.179465,-44388.622046,-46466.872096,-69429.844618
1762668938.376286,-39205.588400,-44347.804040,-46451.229602,-69414.205849
1762668938.377697,-39164.390415,-44316.906482,-46435.970813,-69405.809045
1762668938.381696,-39178.505540,-44323.008507,-46439.405531,-69409.623742
1762668938.389114,-39231.147617,-44363.446534,-46456.571668,-69423.362613
1762668938.393114,-39267.003536,-44397.395104,-46468.779445,-69435.186684
1762668938.399858,-39233.818650,-44376.034290,-46458.858997,-69426.409900
1762668938.403858,-39160.955697,-44305.082411,-46431.012452,-69401.614368
1762668938.399858,-39157.524705,-44295.925647,-46431.396157,-69400.474429
1762668938.403858,-39202.917367,-44329.877943,-46445.507556,-69413.825870
1762668938.420323,-39231.147617,-44357.724488,-46455.807984,-69422.975183
1762668938.424323,-39172.783494,-44314.619154,-46437.878162,-69407.336414
1762668938.420323,-39102.971554,-44251.292944,-46410.031617,-69386.735559
1762668938.424323,-39111.364633,-44262.357056,-46415.373683,-69392.457604
1762668938.430422,-39158.284664,-44306.606054,-46437.498182,-69407.716393
1762668938.434422,-39181.172848,-44329.114258,-46449.705958,-69411.918521
1762668938.450687,-39136.543870,-44288.676232,-46436.734498,-69394.364953
1762668938.454687,-39096.489549,-44257.398695,-46424.526721,-69386.355579
1762668938.458687,-39109.840989,-44258.922338,-46422.239393,-69391.697645
1762668938.462687,-39159.048349,-44301.267713,-46437.878162,-69411.531091
1762668938.450687,-39191.473275,-44336.359948,-46448.178589,-69419.547915
1762668938.454687,-39162.483066,-44326.443225,-46443.600208,-69410.771132
1762668938.460810,-39105.642587,-44273.801148,-46425.674111,-69397.039711
1762668938.464810,-39122.045040,-44277.995825,-46426.054090,-69400.086999
1762668938.460810,-39184.227586,-44332.545251,-46445.127577,-69417.640567
1762668938.464810,-39229.620248,-44387.098402,-46467.635781,-69431.751966
1762668938.487314,-39188.042283,-44350.475073,-46451.993287,-69415.733218
1762668938.491313,-39126.623422,-44288.296252,-46431.776136,-69397.799671
1762668938.491350,-39159.048349,-44305.462390,-46437.878162,-69406.196475
1762668938.495350,-39221.227169,-44348.567724,-46450.849622,-69421.455264
1762668938.491350,-39246.786386,-44369.548559,-46459.622681,-69428.317249
1762668938.495350,-39189.185947,-44318.050146,-46443.220228,-69407.716393
1762668938.491350,-39136.160165,-44278.379530,-46426.434070,-69395.892322
1762668938.495350,-39146.840572,-44280.666858,-46427.961439,-69398.567080
1762668938.511599,-39183.080196,-44315.379113,-46441.312879,-69409.243762
1762668938.515599,-39204.444736,-44339.794666,-46452.376992,-69419.547915
1762668938.521698,-39164.770395,-44319.577515,-46444.363892,-69414.585829
1762668938.525697,-39099.156857,-44255.871326,-46422.619373,-69393.604994
1762668938.521698,-39106.406271,-44255.871326,-46424.526721,-69393.984973
1762668938.525697,-39159.812033,-44305.082411,-46441.692859,-69412.298501
1762668938.541962,-39199.486375,-44343.989342,-46458.479017,-69423.362613
1762668938.545962,-39145.696908,-44306.226075,-46445.507556,-69407.716393
1762668938.541962,-39087.712765,-44246.714562,-46422.619373,-69388.262928
1762668938.545962,-39104.118943,-44263.120741,-46427.961439,-69392.845035
1762668938.552103,-39154.089987,-44308.133423,-46442.840248,-69408.863783
1762668938.556103,-39189.185947,-44343.989342,-46455.428004,-69417.640567
1762668938.552103,-39146.840572,-44308.513403,-46439.025551,-69403.141737
1762668938.556103,-39104.498923,-44279.903173,-46429.105103,-69397.419691
1762668938.562241,-39121.665061,-44285.625219,-46427.581459,-69400.854409
1762668938.566241,-39173.543453,-44329.114258,-46439.785510,-69412.678480
1762668938.572369,-39200.630039,-44360.775501,-46452.376992,-69421.455264
1762668938.576369,-39171.256125,-44347.044080,-46447.798610,-69417.253137
1762668938.582469,-39117.086679,-44287.916273,-46426.054090,-69397.419691
1762668938.586468,-39132.729173,-44287.916273,-46424.526721,-69401.234388
1762668938.587640,-39188.422263,-44337.123632,-46439.405531,-69421.067834
1762668938.591640,-39234.578609,-44378.705323,-46459.242702,-69434.806705
1762668938.592682,-39181.172848,-44329.877943,-46443.220228,-69416.493177
1762668938.596682,-39114.035666,-44261.593372,-46418.044716,-69395.512342
1762668938.602790,-39135.396481,-44279.903173,-46425.674111,-69405.049086
1762668938.606790,-39177.741855,-44324.535877,-46442.076564,-69418.780506
1762668938.612918,-39207.115769,-44347.804040,-46451.613307,-69424.882531
1762668938.616918,-39158.668369,-44304.318726,-46437.498182,-69410.771132
1762668938.612918,-39117.850363,-44271.510094,-46426.434070,-69401.614368
1762668938.616918,-39126.243442,-44271.893799,-46429.868788,-69402.761757
1762668938.633132,-39176.598191,-44312.328100,-46442.840248,-69418.780506
1762668938.637132,-39200.630039,-44338.651001,-46456.191689,-69427.937269
1762668938.643250,-39165.534079,-44318.050146,-46451.993287,-69418.400526
1762668938.647250,-39106.026292,-44261.973351,-46431.012452,-69400.854409
1762668938.643250,-39119.377732,-44270.366430,-46431.396157,-69403.521717
1762668938.647250,-39173.543453,-44318.050146,-46447.034925,-69417.640567
1762668938.653471,-39209.783077,-44356.960803,-46465.344727,-69431.751966
1762668938.657471,-39161.339402,-44326.063246,-46453.136951,-69421.067834
1762668938.653471,-39104.878902,-44269.986451,-46428.341419,-69398.567080
1762668938.657471,-39123.952389,-44289.059937,-46432.919800,-69404.669106
1762668938.673696,-39180.792868,-44336.359948,-46445.127577,-69426.789880
1762668938.677696,-39219.319820,-44369.548559,-46458.858997,-69437.094033
1762668938.673696,-39169.728756,-44326.063246,-46443.600208,-69418.020546
1762668938.677696,-39132.729173,-44295.545667,-46434.063464,-69407.336414
1762668938.687697,-39146.840572,-44294.018298,-46436.354518,-69410.011172
1762668938.691697,-39199.486375,-44322.248548,-46450.085938,-69420.307875
1762668938.687697,-39220.467210,-44346.280396,-46458.099037,-69426.409900
1762668938.691697,-39180.029184,-44326.823205,-46451.229602,-69419.160485
1762668938.704302,-39122.045040,-44272.657484,-46428.341419,-69403.521717
1762668938.708302,-39127.767086,-44265.028089,-46430.632472,-69403.521717
1762668938.704302,-39184.607565,-44313.091785,-46449.705958,-69420.307875
1762668938.708302,-39215.125144,-44354.673475,-46464.201063,-69433.659315
1762668938.724556,-39165.154099,-44310.804456,-46448.562294,-69418.400526
1762668938.728556,-39106.406271,-44248.241931,-46427.581459,-69397.419691
1762668938.724556,-39131.581783,-44268.079102,-46438.641846,-69406.196475
1762668938.728556,-39183.463901,-44311.564416,-46457.715333,-69422.215223
1762668938.734839,-39215.888828,-44340.174645,-46469.543129,-69430.224597
1762668938.738839,-39168.968797,-44297.069311,-46455.428004,-69413.058460
1762668938.734839,-39123.572409,-44261.973351,-46439.785510,-69400.086999
1762668938.738839,-39134.636521,-44265.788049,-46440.932900,-69402.381778
1762668938.745013,-39185.751230,-44311.564416,-46455.807984,-69417.253137
1762668938.749012,-39226.949215,-44350.095093,-46468.015760,-69427.177310
1762668938.775333,-39190.329611,-44339.794666,-46463.437378,-69421.835244
1762668938.779333,-39129.674435,-44288.676232,-46443.220228,-69404.289126
1762668938.775333,-39147.224277,-44291.730970,-46440.169215,-69405.429065
1762668938.779333,-39218.559861,-44346.660376,-46455.807984,-69423.362613
1762668938.775333,-39250.984788,-44386.334717,-46476.025134,-69435.186684
1762668938.779333,-39207.115769,-44351.238757,-46464.581043,-69424.122572
1762668938.785424,-39152.562618,-44295.161963,-46440.932900,-69407.336414
1762668938.789423,-39174.690843,-44314.999133,-46444.363892,-69416.873157
1762668938.795479,-39221.227169,-44354.673475,-46461.530030,-69431.751966
1762668938.799479,-39239.920676,-44371.455908,-46472.974122,-69435.946643
1762668938.795479,-39189.949632,-44321.864843,-46452.376992,-69416.493177
1762668938.799479,-39136.543870,-44285.625219,-46434.827149,-69407.336414
1762668938.815768,-39138.451219,-44275.708497,-46431.012452,-69406.956434
1762668938.819768,-39175.070822,-44306.989759,-46440.169215,-69415.733218
1762668938.815768,-39212.454110,-44337.507337,-46453.520656,-69426.029921
1762668938.819768,-39179.265499,-44319.193810,-46449.322253,-69418.780506
1762668938.825899,-39110.220969,-44257.778674,-46427.581459,-69400.474429
1762668938.829899,-39122.045040,-44253.963977,-46422.619373,-69404.669106
1762668938.825899,-39175.450802,-44303.175062,-46440.169215,-69421.455264
1762668938.829899,-39212.074131,-44346.280396,-46460.766345,-69434.419274
1762668938.836187,-39175.070822,-44310.804456,-46449.322253,-69421.455264
1762668938.840187,-39120.901376,-44254.727662,-46424.910426,-69401.994348
1762668938.836187,-39141.502231,-44279.523194,-46430.632472,-69411.918521
1762668938.840187,-39196.815342,-44327.970594,-46448.942274,-69427.937269
1762668938.856361,-39225.425571,-44359.631836,-46454.664320,-69435.946643
1762668938.860361,-39174.307138,-44321.484864,-46438.261867,-69420.307875
1762668938.866708,-39131.201804,-44294.398278,-46429.868788,-69409.243762
1762668938.870708,-39149.511606,-44302.027673,-46428.341419,-69409.243762
1762668938.866708,-39202.917367,-44346.660376,-46443.220228,-69427.177310
1762668938.870708,-39249.837399,-44381.756335,-46462.673694,-69438.233972
1762668938.886921,-39210.166782,-44354.673475,-46455.807984,-69426.409900
1762668938.890921,-39143.409580,-44290.967286,-46432.539821,-69405.049086
1762668938.887940,-39156.761020,-44289.059937,-46432.156116,-69406.576455
1762668938.891940,-39214.745164,-44338.651001,-46448.562294,-69425.269961
1762668938.907131,-39246.022701,-44375.270605,-46465.344727,-69436.714053
1762668938.911131,-39195.287973,-44328.730553,-46450.085938,-69420.687854
1762668938.907131,-39136.923850,-44264.644384,-46427.961439,-69398.179650
1762668938.911131,-39156.761020,-44283.337891,-46433.683485,-69406.956434
1762668938.917232,-39201.393723,-44319.577515,-46450.085938,-69424.122572
1762668938.921232,-39224.281907,-44343.229383,-46462.673694,-69429.844618
1762668938.917232,-39180.029184,-44303.175062,-46445.127577,-69414.205849
1762668938.921232,-39133.489132,-44267.315418,-46433.683485,-69402.761757
1762668938.927358,-39136.160165,-44265.408069,-46433.303505,-69406.576455
1762668938.931358,-39187.658578,-44308.513403,-46445.507556,-69422.215223
1762668938.927358,-39218.176156,-44342.845678,-46455.807984,-69429.844618
1762668938.931358,-39178.505540,-44327.206910,-46450.085938,-69421.835244
1762668938.937507,-39115.179330,-44265.028089,-46427.961439,-69405.809045
1762668938.941507,-39124.716073,-44262.357056,-46426.817775,-69404.669106
1762668938.947639,-39191.473275,-44316.526502,-46446.654946,-69420.307875
1762668938.951638,-39230.763912,-44356.580824,-46464.581043,-69432.899356
1762668938.957772,-39174.307138,-44315.379113,-46448.942274,-69416.873157
1762668938.961771,-39120.521396,-44262.357056,-46425.290406,-69398.567080
1762668938.967872,-39150.655270,-44290.967286,-46433.303505,-69410.771132
1762668938.971872,-39199.866354,-44337.123632,-46450.469643,-69425.269961
1762668938.975872,-39236.869663,-44369.168580,-46461.530030,-69429.844618
1762668938.979872,-39196.051657,-44335.599989,-46450.085938,-69413.058460
1762668938.988190,-39147.604257,-44301.647693,-46435.970813,-69403.521717
1762668938.992190,-39158.284664,-44295.545667,-46427.961439,-69405.809045
1762668938.988190,-39204.061031,-44329.877943,-46443.600208,-69415.345788
1762668938.992190,-39236.105978,-44355.433434,-46457.335353,-69421.455264
1762668939.008354,-39197.195321,-44326.823205,-46450.085938,-69411.918521
1762668939.012354,-39131.965488,-44269.986451,-46426.817775,-69396.272302
1762668939.008354,-39139.974862,-44266.551733,-46424.526721,-69400.086999
1762668939.012354,-39189.185947,-44319.957495,-46443.983912,-69419.547915
1762668939.018504,-39228.096604,-44359.248132,-46458.479017,-69429.844618
1762668939.022504,-39183.080196,-44315.762818,-46441.312879,-69418.020546
1762668939.018504,-39118.994027,-44252.436608,-46420.332044,-69400.086999
1762668939.022504,-39135.016501,-44277.232140,-46427.961439,-69408.863783
1762668939.028628,-39186.894894,-44319.957495,-46445.891261,-69421.835244
1762668939.032628,-39220.847189,-44349.331409,-46461.530030,-69429.844618
1762668939.028628,-39170.492440,-44304.318726,-46443.600208,-69414.965808
1762668939.032628,-39121.665061,-44270.750135,-46427.961439,-69408.483803
1762668939.048871,-39135.016501,-44273.801148,-46430.632472,-69413.438439
1762668939.052871,-39180.792868,-44310.420752,-46445.507556,-69424.502552
1762668939.048871,-39216.268808,-44348.187745,-46453.900635,-69434.419274
1762668939.052871,-39176.214486,-44331.401587,-46446.654946,-69427.557290
1762668939.058992,-39119.377732,-44275.708497,-46424.146742,-69409.243762
1762668939.062992,-39134.252816,-44281.810522,-46423.766762,-69411.918521
1762668939.058992,-39199.486375,-44336.743653,-46447.414905,-69431.751966
1762668939.062992,-39232.671261,-44368.024915,-46465.344727,-69443.576038
1762668939.079295,-39181.936532,-44327.586889,-46453.136951,-69428.697228
1762668939.083295,-39124.716073,-44273.417443,-46429.105103,-69411.151111
1762668939.079295,-39143.409580,-44295.545667,-46433.303505,-69418.400526
1762668939.083295,-39189.565927,-44329.877943,-46445.891261,-69428.697228
1762668939.099661,-39211.690426,-44353.526086,-46452.756971,-69435.186684
1762668939.103661,-39156.761020,-44310.804456,-46439.785510,-69419.160485
1762668939.109838,-39111.364633,-44272.657484,-46420.712024,-69406.956434
1762668939.113838,-39120.521396,-44268.459082,-46420.712024,-69408.863783
1762668939.109838,-39170.876145,-44311.564416,-46439.785510,-69424.502552
1762668939.113838,-39200.630039,-44345.896691,-46452.376992,-69434.806705
1762668939.119996,-39160.575718,-44316.526502,-46436.734498,-69426.789880
1762668939.123996,-39109.457284,-44260.066003,-46416.897327,-69411.151111
1762668939.119996,-39122.045040,-44258.922338,-46418.424696,-69413.825870
1762668939.123996,-39175.834507,-44307.749718,-46439.405531,-69427.937269
1762668939.150349,-39204.824716,-44344.373047,-46452.756971,-69435.186684
1762668939.154349,-39154.853672,-44303.555042,-46436.734498,-69420.687854
1762668939.150349,-39095.725864,-44245.570898,-46415.753663,-69401.614368
1762668939.154349,-39123.192430,-44269.222766,-46423.003078,-69409.623742
1762668939.158349,-39178.121835,-44314.619154,-46443.983912,-69430.224597
1762668939.162349,-39215.125144,-44352.766126,-46461.913735,-69443.576038
1762668939.150349,-39177.358150,-44318.813831,-46453.900635,-69429.464638
1762668939.154349,-39137.687534,-44289.059937,-46435.210854,-69419.160485
1762668939.170633,-39149.511606,-44291.730970,-46437.878162,-69419.927895
1762668939.174633,-39192.236960,-44330.637902,-46454.284340,-69431.751966
1762668939.170633,-39222.374558,-44362.302870,-46464.201063,-69441.288710
1762668939.174633,-39184.987545,-44336.359948,-46456.191689,-69431.371987
1762668939.190961,-39122.428745,-44274.564832,-46431.396157,-69410.771132
1762668939.194961,-39122.428745,-44270.750135,-46426.817775,-69408.863783
1762668939.201061,-39178.885520,-44321.101159,-46443.220228,-69429.084659
1762668939.205061,-39208.639413,-44353.526086,-46456.951648,-69442.048669
1762668939.209061,-39159.432054,-44312.328100,-46440.169215,-69425.649941
1762668939.213061,-39104.878902,-44247.478247,-46417.281032,-69405.809045
1762668939.201061,-39125.099778,-44269.602746,-46426.054090,-69418.020546
1762668939.205061,-39157.524705,-44306.989759,-46437.498182,-69428.697228
1762668939.211181,-39200.630039,-44336.743653,-46444.747597,-69435.186684
1762668939.215181,-39155.233651,-44294.781983,-46431.396157,-69419.547915
1762668939.231421,-39103.735238,-44263.880700,-46420.332044,-69407.716393
1762668939.235421,-39112.128317,-44267.695397,-46418.044716,-69408.483803
1762668939.241497,-39147.604257,-44305.462390,-46435.970813,-69427.177310
1762668939.245497,-39193.380624,-44337.507337,-46449.705958,-69438.233972
1762668939.241497,-39176.598191,-44315.379113,-46443.600208,-69425.649941
1762668939.245497,-39113.271981,-44263.500720,-46422.619373,-69406.576455
1762668939.241497,-39120.137691,-44264.644384,-46420.712024,-69406.196475
1762668939.245497,-39184.607565,-44326.823205,-46443.983912,-69427.177310
1762668939.261777,-39226.949215,-44370.312244,-46462.293714,-69439.761341
1762668939.265777,-39187.278599,-44335.599989,-46452.756971,-69429.464638
1762668939.261777,-39129.294455,-44280.286878,-46431.776136,-69413.438439
1762668939.265777,-39158.284664,-44308.897108,-46440.932900,-69420.687854
1762668939.271883,-39214.361459,-44349.711388,-46461.150050,-69429.464638
1762668939.275883,-39240.300655,-44372.599572,-46474.117786,-69435.186684
1762668939.282026,-39187.278599,-44327.586889,-46453.900635,-69420.687854
1762668939.286026,-39143.789560,-44292.490929,-46436.734498,-69411.151111
1762668939.292172,-39139.974862,-44284.101576,-46432.919800,-69408.103824
1762668939.296172,-39184.987545,-44317.286462,-46444.747597,-69416.493177
1762668939.292172,-39213.217795,-44344.373047,-46451.229602,-69425.649941
1762668939.296172,-39164.006710,-44314.999133,-46440.169215,-69414.205849
1762668939.302270,-39095.725864,-44250.529259,-46416.137367,-69393.984973
1762668939.306270,-39108.313620,-44251.292944,-46415.753663,-69396.659732
1762668939.302270,-39172.783494,-44313.091785,-46438.261867,-69420.687854
1762668939.306270,-39203.301072,-44343.609363,-46451.229602,-69430.992007
1762668939.312423,-39157.524705,-44303.175062,-46437.498182,-69416.873157
1762668939.316423,-39094.198495,-44245.954603,-46414.230019,-69397.799671
1762668939.322500,-39123.192430,-44273.037463,-46421.475708,-69410.011172
1762668939.326500,-39176.214486,-44313.471764,-46436.354518,-69424.122572
1762668939.332604,-39206.352085,-44341.702014,-46446.654946,-69430.992007
1762668939.336604,-39162.099361,-44303.555042,-46433.683485,-69419.927895
1762668939.342695,-39124.336094,-44271.510094,-46421.859413,-69413.058460
1762668939.346695,-39137.303829,-44277.232140,-46428.341419,-69414.205849
1762668939.362906,-39184.607565,-44317.286462,-46446.271241,-69426.029921
1762668939.366906,-39213.981479,-44354.673475,-46458.479017,-69434.806705
1762668939.362906,-39172.399789,-44326.443225,-46450.469643,-69423.742592
1762668939.366906,-39129.674435,-44278.379530,-46430.248767,-69406.956434
1762668939.362906,-39152.182639,-44287.152588,-46438.641846,-69410.011172
1762668939.366906,-39208.639413,-44345.516711,-46462.673694,-69426.409900
1762668939.383165,-39241.448045,-44379.848987,-46477.552503,-69435.566664
1762668939.387165,-39192.616940,-44338.651001,-46463.437378,-69420.687854
1762668939.393272,-39122.045040,-44271.130115,-46433.683485,-69399.327040
1762668939.397272,-39143.025875,-44290.967286,-46435.970813,-69410.011172
1762668939.401272,-39186.134934,-44324.915856,-46448.942274,-69421.835244
1762668939.405272,-39209.783077,-44348.567724,-46456.571668,-69427.177310
1762668939.403435,-39151.038975,-44303.935021,-46436.734498,-69410.011172
1762668939.407435,-39098.776877,-44261.973351,-46416.897327,-69398.947060
1762668939.423614,-39104.498923,-44255.107641,-46414.989978,-69398.179650
1762668939.427613,-39153.710008,-44293.254614,-46427.197754,-69409.243762
1762668939.423614,-39183.080196,-44326.063246,-46440.549195,-69416.873157
1762668939.427613,-39144.173265,-44296.689332,-46430.632472,-69408.103824
1762668939.423614,-39088.860154,-44242.139906,-46410.031617,-69393.984973
1762668939.427613,-39102.211595,-44241.376221,-46409.267932,-69395.892322
1762668939.423614,-39160.192013,-44296.305627,-46427.961439,-69411.918521
1762668939.427613,-39189.949632,-44328.350574,-46443.983912,-69423.362613
1762668939.433737,-39144.173265,-44296.305627,-46431.396157,-69411.918521
1762668939.437737,-39086.952806,-44236.417860,-46404.693276,-69389.410317
1762668939.433737,-39119.377732,-44269.222766,-46418.424696,-69400.854409
1762668939.437737,-39183.463901,-44317.670166,-46440.169215,-69416.873157
1762668939.453945,-39224.281907,-44347.804040,-46455.044299,-69424.502552
1762668939.457945,-39178.121835,-44315.379113,-46447.034925,-69408.863783
1762668939.474287,-39138.451219,-44285.245240,-46436.354518,-69401.994348
1762668939.478287,-39147.987962,-44287.152588,-46436.354518,-69405.809045
1762668939.474287,-39201.393723,-44329.877943,-46455.807984,-69421.067834
1762668939.478287,-39249.837399,-44371.455908,-46476.788819,-69432.899356
1762668939.484422,-39204.444736,-44334.072620,-46466.108412,-69419.160485
1762668939.488422,-39135.780185,-44273.417443,-46440.169215,-69400.474429
1762668939.484422,-39136.543870,-44259.686023,-46433.683485,-69398.947060
1762668939.488422,-39186.894894,-44308.513403,-46451.613307,-69415.345788
1762668939.494604,-39209.783077,-44339.794666,-46466.108412,-69424.882531
1762668939.498604,-39153.326303,-44292.874634,-46448.178589,-69404.289126
1762668939.494604,-39094.962180,-44235.270470,-46422.239393,-69383.688271
1762668939.498604,-39118.614048,-44257.014990,-46427.197754,-69400.474429
1762668939.524929,-39165.154099,-44293.254614,-46441.312879,-69412.678480
1762668939.528929,-39189.949632,-44321.101159,-46450.085938,-69420.307875
1762668939.524929,-39143.789560,-44284.481555,-46432.919800,-69405.049086
1762668939.528929,-39099.156857,-44250.529259,-46422.619373,-69397.039711
1762668939.532929,-39103.735238,-44245.190918,-46417.661011,-69398.179650
1762668939.536929,-39151.802659,-44279.139489,-46426.434070,-69406.956434
1762668939.524929,-39196.431637,-44320.341200,-46439.785510,-69417.640567
1762668939.528929,-39157.141000,-44297.453016,-46435.210854,-69410.771132
1762668939.545142,-39111.364633,-44251.292944,-46416.137367,-69395.512342
1762668939.549142,-39120.901376,-44253.583997,-46414.989978,-69395.512342
1762668939.545142,-39179.265499,-44315.379113,-46436.354518,-69415.733218
1762668939.549142,-39218.559861,-44355.433434,-46457.335353,-69424.882531
1762668939.555258,-39171.256125,-44316.526502,-46448.178589,-69408.103824
1762668939.559258,-39127.387106,-44257.398695,-46424.526721,-69392.457604
1762668939.575477,-39160.955697,-44283.717871,-46433.683485,-69403.141737
1762668939.579477,-39195.671678,-44320.341200,-46449.705958,-69414.965808
1762668939.583477,-39221.227169,-44344.373047,-46458.099037,-69421.067834
1762668939.587477,-39167.441428,-44297.832996,-46437.878162,-69405.049086
1762668939.589231,-39115.179330,-44258.922338,-46421.859413,-69395.132363
1762668939.593230,-39118.230343,-44253.200293,-46418.044716,-69397.799671
1762668939.589231,-39161.339402,-44290.583581,-46430.632472,-69412.678480
1762668939.593230,-39190.329611,-44326.823205,-46447.034925,-69422.215223
1762668939.605844,-39145.316929,-44295.161963,-46437.878162,-69410.391152
1762668939.609844,-39090.383798,-44248.241931,-46418.044716,-69397.419691
1762668939.615979,-39112.508297,-44249.769300,-46416.517347,-69397.799671
1762668939.619979,-39175.834507,-44305.842370,-46439.025551,-69416.493177
1762668939.615979,-39210.166782,-44340.938330,-46455.807984,-69425.269961
1762668939.619979,-39166.297764,-44302.411377,-46440.932900,-69409.623742
1762668939.615979,-39102.591574,-44242.899865,-46418.424696,-69391.697645
1762668939.619979,-39134.252816,-44273.037463,-46430.248767,-69403.521717
1762668939.636191,-39189.185947,-44315.762818,-46448.178589,-69418.780506
1762668939.640191,-39216.268808,-44345.516711,-46461.530030,-69427.177310
1762668939.636191,-39171.256125,-44311.184436,-46446.271241,-69414.205849
1762668939.640191,-39136.160165,-44279.903173,-46435.210854,-69403.901696
1762668939.656446,-39150.275290,-44280.666858,-46435.210854,-69403.901696
1762668939.660446,-39199.866354,-44323.392212,-46445.507556,-69415.733218
1762668939.666534,-39238.393307,-44367.641211,-46460.386366,-69426.409900
1762668939.670534,-39196.051657,-44342.845678,-46451.613307,-69416.873157
1762668939.674534,-39138.451219,-44279.523194,-46429.488808,-69404.289126
1762668939.678534,-39147.604257,-44277.232140,-46420.332044,-69403.901696
1762668939.666534,-39205.588400,-44332.928956,-46439.025551,-69420.307875
1762668939.670534,-39225.805551,-44357.340783,-46454.284340,-69427.177310
1762668939.676690,-39163.626730,-44303.555042,-46439.025551,-69405.429065
1762668939.680690,-39091.527462,-44240.232557,-46414.609998,-69382.920861
1762668939.696896,-39119.377732,-44265.788049,-46426.054090,-69393.604994
1762668939.700896,-39175.450802,-44297.069311,-46436.354518,-69405.049086
1762668939.707107,-39202.537388,-44322.628528,-46443.600208,-69412.678480
1762668939.711107,-39157.141000,-44287.532568,-46434.447169,-69398.947060
1762668939.707107,-39107.549936,-44245.954603,-46416.137367,-69386.355579
1762668939.711107,-39122.045040,-44245.954603,-46417.281032,-69393.604994
1762668939.707107,-39170.112461,-44282.574207,-46430.632472,-69408.863783
1762668939.711107,-39202.917367,-44321.864843,-46444.363892,-69419.160485
1762668939.717291,-39167.441428,-44298.596680,-46440.549195,-69408.863783
1762668939.721291,-39116.706699,-44247.478247,-46420.712024,-69391.317666
1762668939.727398,-39124.336094,-44250.912964,-46422.239393,-69393.225014
1762668939.731398,-39194.144309,-44320.341200,-46447.798610,-69416.493177
1762668939.737911,-39233.434945,-44361.919165,-46464.201063,-69426.409900
1762668939.741911,-39184.227586,-44322.628528,-46448.942274,-69411.918521
1762668939.737911,-39130.058140,-44266.935438,-46424.526721,-69396.272302
1762668939.741911,-39159.812033,-44295.925647,-46433.303505,-69408.103824
1762668939.758076,-39212.074131,-44340.174645,-46448.178589,-69422.595203
1762668939.762076,-39247.550070,-44372.219592,-46459.622681,-69427.177310
1762668939.769619,-39199.102670,-44332.165271,-46440.932900,-69410.771132
1762668939.773619,-39157.141000,-44296.305627,-46428.341419,-69397.799671
1762668939.777619,-39162.099361,-44289.439917,-46426.434070,-69394.364953
1762668939.781619,-39209.783077,-44324.155897,-46438.641846,-69409.243762
1762668939.769619,-39246.406406,-44356.580824,-46451.993287,-69419.927895
1762668939.773619,-39199.102670,-44329.114258,-46442.840248,-69407.336414
1762668939.778674,-39139.974862,-44273.801148,-46421.095729,-69390.937686
1762668939.782674,-39141.502231,-44265.788049,-46414.989978,-69389.410317
1762668939.778674,-39193.000644,-44318.813831,-46429.105103,-69405.429065
1762668939.782674,-39221.990854,-44341.322035,-46439.025551,-69410.771132
1762668939.799355,-39178.885520,-44295.545667,-46424.910426,-69396.272302
1762668939.803355,-39113.655686,-44235.654175,-46403.545886,-69376.438856
1762668939.809475,-39132.729173,-44257.014990,-46408.507973,-69386.735559
1762668939.813475,-39178.885520,-44292.110950,-46423.766762,-69401.614368
1762668939.809475,-39204.824716,-44320.341200,-46439.405531,-69410.771132
1762668939.813475,-39154.853672,-44287.532568,-46428.341419,-69395.132363
1762668939.829739,-39110.220969,-44244.047254,-46414.989978,-69383.308291
1762668939.833739,-39127.767086,-44253.963977,-46421.475708,-69387.502968
1762668939.829739,-39182.320237,-44298.976660,-46435.970813,-69401.994348
1762668939.833739,-39217.412472,-44339.030981,-46450.849622,-69418.780506
1762668939.849900,-39176.978171,-44309.657067,-46440.932900,-69411.151111
1762668939.853900,-39121.285081,-44258.922338,-46420.332044,-69397.799671
1762668939.849900,-39133.872837,-44265.408069,-46419.568360,-69404.289126
1762668939.853900,-39205.208421,-44332.545251,-46444.747597,-69426.789880
1762668939.860067,-39239.156991,-44367.261231,-46462.293714,-69435.946643
1762668939.864067,-39190.709591,-44326.443225,-46448.178589,-69419.160485
1762668939.860067,-39136.160165,-44268.459082,-46427.581459,-69400.474429
1762668939.864067,-39158.668369,-44293.638319,-46435.970813,-69412.678480
1762668939.870225,-39191.093296,-44321.864843,-46451.613307,-69421.835244
1762668939.874225,-39223.518223,-44350.858778,-46453.520656,-69427.937269
1762668939.870225,-39162.863046,-44311.564416,-46432.919800,-69410.011172
1762668939.874225,-39110.600948,-44266.935438,-46417.281032,-69395.892322
1762668939.900621,-39132.729173,-44263.880700,-46416.137367,-69394.364953
1762668939.904621,-39173.163474,-44297.069311,-46429.868788,-69404.669106
1762668939.900621,-39202.917367,-44335.979968,-46445.507556,-69412.298501
1762668939.904621,-39153.710008,-44301.647693,-46431.012452,-69401.234388
1762668939.900621,-39084.281772,-44236.034155,-46406.600624,-69384.068251
1762668939.904621,-39091.911167,-44230.312109,-46401.638538,-69383.308291
1762668939.900621,-39155.617356,-44293.638319,-46419.188380,-69404.289126
1762668939.904621,-39190.709591,-44329.877943,-46434.447169,-69417.253137
1762668939.920851,-39136.160165,-44286.768883,-46416.897327,-69401.234388
1762668939.924851,-39077.032357,-44231.075794,-46395.156533,-69384.828210
1762668939.941094,-39110.220969,-44261.213392,-46406.600624,-69398.567080
1762668939.945094,-39162.099361,-44306.226075,-46429.105103,-69412.298501
1762668939.951215,-39194.907993,-44335.979968,-46441.692859,-69421.835244
1762668939.955215,-39153.326303,-44305.462390,-46429.105103,-69412.298501
1762668939.959215,-39111.364633,-44274.564832,-46418.044716,-69404.289126
1762668939.963215,-39126.623422,-44282.954186,-46421.859413,-69409.623742
1762668939.951215,-39179.649204,-44321.484864,-46436.734498,-69418.780506
1762668939.955215,-39218.176156,-44361.919165,-46458.099037,-69430.604577
1762668939.961313,-39176.598191,-44331.785291,-46450.849622,-69416.493177
1762668939.965312,-39112.892002,-44270.750135,-46427.581459,-69397.799671
1762668939.961313,-39133.109152,-44268.079102,-46426.817775,-69398.567080
1762668939.965312,-39191.856980,-44319.957495,-46446.654946,-69415.345788
1762668939.981590,-39208.259434,-44342.845678,-46458.479017,-69426.409900
1762668939.985590,-39164.006710,-44303.555042,-46446.271241,-69413.825870
1762668939.991687,-39097.633213,-44245.954603,-46421.095729,-69397.799671
1762668939.995687,-39117.850363,-44273.417443,-46427.581459,-69410.771132
1762668939.991687,-39176.214486,-44309.277087,-46445.891261,-69421.455264
1762668939.995687,-39201.010019,-44334.072620,-46456.191689,-69426.789880
1762668940.011934,-39157.524705,-44297.832996,-46444.747597,-69413.825870
1762668940.015934,-39108.693600,-44258.158654,-46428.341419,-69400.086999
1762668940.019934,-39118.994027,-44261.593372,-46426.434070,-69402.381778
1762668940.023934,-39170.492440,-44300.120324,-46443.983912,-69417.253137
1762668940.011934,-39211.690426,-44345.136732,-46461.530030,-69431.751966
1762668940.015934,-39172.399789,-44316.906482,-46450.085938,-69424.882531
1762668940.032188,-39116.706699,-44263.500720,-46425.290406,-69407.336414
1762668940.036188,-39123.952389,-44264.264405,-46423.766762,-69406.956434
1762668940.042266,-39196.815342,-44334.072620,-46450.849622,-69430.604577
1762668940.046266,-39230.003953,-44372.219592,-46465.728432,-69443.576038
1762668940.050266,-39183.080196,-44332.165271,-46450.849622,-69431.751966
1762668940.054266,-39125.859737,-44278.759509,-46429.488808,-69413.058460
1762668940.052380,-39165.154099,-44307.749718,-46443.220228,-69421.835244
1762668940.056380,-39214.745164,-44340.938330,-46456.191689,-69432.899356
1762668940.052380,-39247.930050,-44368.024915,-46469.543129,-69439.001381
1762668940.056380,-39202.917367,-44331.785291,-46455.428004,-69422.975183
1762668940.062519,-39149.895310,-44288.296252,-46435.970813,-69409.243762
1762668940.066519,-39157.524705,-44291.347265,-46438.261867,-69413.058460
1762668940.072560,-39199.486375,-44324.155897,-46451.613307,-69424.502552
1762668940.076560,-39241.064340,-44363.446534,-46472.210437,-69435.186684
1762668940.085834,-39194.524288,-44326.443225,-46460.766345,-69423.742592
1762668940.089834,-39132.729173,-44266.935438,-46437.118202,-69405.809045
1762668940.089889,-39131.965488,-44268.459082,-46434.063464,-69408.103824
1762668940.093889,-39194.524288,-44330.257922,-46456.191689,-69428.317249
1762668940.092926,-39225.041866,-44354.289770,-46467.635781,-69433.279335
1762668940.096926,-39168.205112,-44308.133423,-46450.085938,-69414.965808
1762668940.103089,-39106.406271,-44256.251305,-46427.197754,-69400.086999
1762668940.107089,-39136.923850,-44289.439917,-46439.025551,-69414.585829
1762668940.113222,-39188.422263,-44333.692640,-46456.191689,-69427.177310
1762668940.117222,-39218.939841,-44360.011816,-46469.923109,-69436.326623
1762668940.113222,-39179.649204,-44325.299561,-46455.428004,-69425.269961
1762668940.117222,-39139.974862,-44293.254614,-46440.932900,-69415.345788
1762668940.133467,-39156.377316,-44299.360365,-46443.600208,-69419.927895
1762668940.137467,-39209.783077,-44342.845678,-46460.006386,-69435.566664
1762668940.143540,-39256.323129,-44394.727796,-46479.079872,-69450.825453
1762668940.147540,-39212.454110,-44368.784875,-46471.830457,-69441.288710
1762668940.151540,-39159.048349,-44316.142797,-46448.942274,-69426.029921
1762668940.155540,-39170.876145,-44313.855469,-46447.414905,-69427.177310
1762668940.143540,-39243.355393,-44376.797974,-46471.830457,-69447.390735
1762668940.147540,-39277.687669,-44401.593506,-46484.801918,-69451.972842
1762668940.153693,-39217.796177,-44352.382421,-46471.830457,-69430.604577
1762668940.157693,-39150.655270,-44295.161963,-46445.891261,-69409.243762
1762668940.173920,-39178.885520,-44318.813831,-46447.034925,-69422.595203
1762668940.177920,-39225.041866,-44350.858778,-46458.858997,-69430.224597
1762668940.173920,-39242.971689,-44371.839613,-46469.159424,-69434.806705
1762668940.177920,-39194.144309,-44335.979968,-46456.571668,-69421.067834
1762668940.190193,-39139.974862,-44283.717871,-46438.641846,-69407.716393
1762668940.194193,-39150.275290,-44279.523194,-46435.210854,-69410.391152
1762668940.190193,-39193.764329,-44311.184436,-46448.178589,-69418.400526
1762668940.194193,-39225.805551,-44349.331409,-46465.344727,-69430.224597
1762668940.204329,-39174.690843,-44310.420752,-46450.849622,-69418.400526
1762668940.208329,-39111.748338,-44253.963977,-46429.105103,-69400.474429
1762668940.204329,-39124.336094,-44253.583997,-46427.581459,-69400.854409
1762668940.208329,-39191.473275,-44318.813831,-46450.849622,-69423.742592
1762668940.224607,-39215.888828,-44349.331409,-46463.437378,-69434.419274
1762668940.228607,-39169.728756,-44316.526502,-46446.271241,-69423.362613
1762668940.234700,-39115.563035,-44263.120741,-46421.859413,-69408.863783
1762668940.238700,-39141.882211,-44290.583581,-46428.725123,-69424.122572
1762668940.242701,-39189.565927,-44334.836304,-46448.562294,-69438.233972
1762668940.246701,-39221.610874,-44366.497546,-46461.913735,-69447.770715
1762668940.234700,-39181.936532,-44337.123632,-46442.456543,-69435.186684
1762668940.238700,-39141.502231,-44301.267713,-46427.197754,-69423.362613
1762668940.244848,-39156.377316,-44308.897108,-46430.248767,-69423.742592
1762668940.248848,-39205.588400,-44346.660376,-46449.705958,-69436.326623
1762668940.244848,-39246.786386,-44385.951012,-46466.872096,-69447.770715
1762668940.248848,-39199.866354,-44350.475073,-46454.284340,-69432.511926
1762668940.275192,-39141.502231,-44291.347265,-46432.539821,-69411.531091
1762668940.279192,-39155.233651,-44287.152588,-46433.683485,-69410.771132
1762668940.275192,-39219.319820,-44346.280396,-46455.044299,-69432.899356
1762668940.279192,-39251.744747,-44371.075928,-46468.779445,-69440.528750
1762668940.275192,-39196.815342,-44323.392212,-46450.849622,-69423.742592
1762668940.279192,-39130.821824,-44266.171753,-46425.674111,-69408.103824
1762668940.295421,-39151.802659,-44287.916273,-46435.970813,-69420.307875
1762668940.299421,-39193.380624,-44315.762818,-46445.891261,-69426.029921
1762668940.295421,-39213.217795,-44338.267297,-46450.469643,-69428.317249
1762668940.299421,-39168.205112,-44306.606054,-46437.118202,-69414.585829
1762668940.315679,-39114.415646,-44262.737036,-46421.475708,-69404.289126
1762668940.319679,-39127.767086,-44267.315418,-46420.712024,-69407.716393
1762668940.325796,-39178.121835,-44307.749718,-46437.498182,-69423.362613
1762668940.329796,-39218.559861,-44353.146106,-46455.807984,-69438.621402
1762668940.333797,-39174.690843,-44318.050146,-46440.549195,-69424.122572
1762668940.337796,-39120.137691,-44272.657484,-46422.619373,-69409.243762
1762668940.325796,-39136.160165,-44277.995825,-46425.674111,-69411.151111
1762668940.329796,-39196.431637,-44344.373047,-46443.220228,-69430.604577
1762668940.335988,-39219.319820,-44370.312244,-46450.849622,-69437.853992
1762668940.339988,-39172.019809,-44330.637902,-46439.025551,-69421.835244
1762668940.335988,-39117.470384,-44280.286878,-46416.137367,-69401.614368
1762668940.339988,-39140.738547,-44308.133423,-46422.239393,-69412.678480
1762668940.356170,-39212.837815,-44344.373047,-46444.363892,-69427.557290
1762668940.360170,-39249.077439,-44368.404895,-46460.006386,-69434.039295
1762668940.366325,-39201.010019,-44335.979968,-46453.136951,-69424.122572
1762668940.370325,-39155.233651,-44294.018298,-46438.261867,-69412.298501
1762668940.366325,-39171.636105,-44291.730970,-46440.169215,-69411.531091
1762668940.370325,-39213.981479,-44323.772192,-46450.849622,-69419.547915
1762668940.366325,-39245.262742,-44361.919165,-46460.766345,-69434.039295
1762668940.370325,-39185.751230,-44319.957495,-46444.363892,-69415.345788
1762668940.386541,-39125.099778,-44266.551733,-46423.766762,-69398.179650
1762668940.390541,-39133.872837,-44269.222766,-46422.619373,-69404.289126
1762668940.386541,-39193.764329,-44328.350574,-46445.127577,-69429.084659
1762668940.390541,-39224.281907,-44353.909791,-46461.150050,-69438.233972
1762668940.406796,-39171.256125,-44311.564416,-46444.747597,-69421.835244
1762668940.410795,-39118.614048,-44266.551733,-46425.674111,-69408.103824
1762668940.416864,-39143.025875,-44292.490929,-46435.590833,-69418.400526
1762668940.420864,-39194.144309,-44332.165271,-46450.085938,-69432.511926
1762668940.416864,-39229.240268,-44361.155480,-46460.766345,-69441.668689
1762668940.420864,-39178.885520,-44334.452599,-46449.322253,-69430.224597
1762668940.427019,-39131.581783,-44293.254614,-46435.970813,-69416.493177
1762668940.431019,-39148.367941,-44297.069311,-46432.539821,-69420.307875
1762668940.427019,-39200.630039,-44334.072620,-46444.747597,-69433.659315
1762668940.431019,-39242.591709,-44379.085302,-46466.872096,-69447.010756
1762668940.447196,-39196.051657,-44339.794666,-46452.756971,-69432.511926
1762668940.451196,-39136.543870,-44279.139489,-46430.632472,-69411.531091
1762668940.447196,-39141.882211,-44281.430542,-46430.632472,-69410.011172
1762668940.451196,-39209.023118,-44346.280396,-46458.099037,-69430.224597
1762668940.457364,-39250.221103,-44370.692223,-46468.779445,-69439.761341
1762668940.461364,-39209.403098,-44326.823205,-46451.229602,-69426.789880
1762668940.457364,-39155.233651,-44278.759509,-46431.396157,-69412.678480
1762668940.461364,-39183.463901,-44295.925647,-46441.692859,-69421.835244
1762668940.467456,-39223.898202,-44330.257922,-46450.849622,-69430.992007
1762668940.471456,-39240.684360,-44346.660376,-46454.664320,-69431.751966
1762668940.477729,-39193.000644,-44308.513403,-46442.076564,-69416.493177
1762668940.481729,-39139.594883,-44271.510094,-46427.581459,-69409.243762
1762668940.490979,-39148.367941,-44279.139489,-46426.054090,-69414.585829
1762668940.494979,-39197.579026,-44318.050146,-46443.600208,-69428.317249
1762668940.490979,-39237.249643,-44365.733862,-46461.913735,-69442.436099
1762668940.494979,-39186.894894,-44326.063246,-46448.942274,-69429.844618
1762668940.508053,-39131.965488,-44273.037463,-46428.341419,-69411.151111
1762668940.512053,-39143.025875,-44274.944812,-46426.434070,-69411.531091
1762668940.518207,-39205.968380,-44339.414686,-46445.891261,-69431.751966
1762668940.522207,-39241.828024,-44369.548559,-46462.673694,-69437.853992
1762668940.518207,-39196.051657,-44332.928956,-46453.520656,-69422.975183
1762668940.522207,-39144.173265,-44282.194227,-46431.396157,-69411.151111
1762668940.528320,-39165.534079,-44300.504029,-46437.878162,-69419.547915
1762668940.532320,-39214.361459,-44344.753027,-46453.520656,-69432.131946
1762668940.528320,-39242.591709,-44372.983277,-46465.344727,-69437.474012
1762668940.532320,-39197.579026,-44340.558350,-46454.284340,-69422.975183
1762668940.558672,-39149.131626,-44298.596680,-46439.405531,-69412.298501
1762668940.562672,-39167.821407,-44306.226075,-46438.641846,-69416.113198
1762668940.558672,-39224.661887,-44347.804040,-46457.335353,-69429.084659
1762668940.562672,-39269.674569,-44392.820448,-46474.117786,-69441.288710
1762668940.566672,-39219.703525,-44351.618737,-46458.099037,-69426.029921
1762668940.570672,-39160.192013,-44292.874634,-46435.970813,-69406.576455
1762668940.558672,-39156.377316,-44285.245240,-46432.156116,-69402.381778
1762668940.562672,-39223.898202,-44345.136732,-46453.520656,-69419.927895
1762668940.578936,-39262.045175,-44365.733862,-46466.872096,-69428.317249
1762668940.582936,-39194.144309,-44312.328100,-46447.414905,-69411.151111
1762668940.578936,-39132.729173,-44259.686023,-46424.910426,-69393.604994
1762668940.582936,-39162.483066,-44287.916273,-46431.012452,-69406.956434
1762668940.599164,-39199.102670,-44326.443225,-46446.271241,-69419.927895
1762668940.603163,-39221.227169,-44349.711388,-46456.951648,-69425.649941
1762668940.599164,-39176.214486,-44314.235449,-46443.983912,-69411.918521
1762668940.603163,-39130.821824,-44276.852161,-46433.303505,-69399.327040
1762668940.609279,-39137.303829,-44277.995825,-46431.396157,-69406.196475
1762668940.613279,-39175.834507,-44309.657067,-46437.498182,-69412.678480
1762668940.609279,-39220.083505,-44358.488172,-46455.807984,-69427.177310
1762668940.613279,-39182.320237,-44326.063246,-46447.034925,-69416.873157
1762668940.619380,-39123.952389,-44274.181128,-46426.054090,-69401.614368
1762668940.623380,-39137.687534,-44277.232140,-46426.054090,-69404.669106
1762668940.649750,-39196.815342,-44334.836304,-46446.271241,-69420.687854
1762668940.653749,-39219.319820,-44359.631836,-46460.006386,-69428.317249
1762668940.649750,-39172.783494,-44320.721179,-46443.983912,-69414.585829
1762668940.653749,-39113.271981,-44269.602746,-46425.290406,-69396.272302
1762668940.649750,-39131.965488,-44284.101576,-46429.105103,-69402.381778
1762668940.653749,-39187.278599,-44329.494238,-46443.983912,-69416.873157
1762668940.649750,-39208.639413,-44353.909791,-46453.900635,-69422.975183
1762668940.653749,-39165.914059,-44321.101159,-46443.220228,-69413.825870
1762668940.670007,-39128.530771,-44282.574207,-46433.303505,-69402.761757
1762668940.674007,-39144.173265,-44286.008924,-46433.303505,-69406.196475
1762668940.670007,-39184.227586,-44314.235449,-46443.983912,-69416.113198
1762668940.674007,-39223.134518,-44357.340783,-46460.386366,-69430.604577
1762668940.690179,-39169.728756,-44309.657067,-46445.507556,-69416.113198
1762668940.694179,-39106.406271,-44257.014990,-46426.817775,-69400.086999
1762668940.700284,-39127.387106,-44259.686023,-46431.012452,-69402.381778
1762668940.704284,-39190.329611,-44323.392212,-46456.571668,-69421.067834
1762668940.708284,-39216.268808,-44348.187745,-46467.252076,-69428.317249
1762668940.712284,-39167.441428,-44303.555042,-46448.562294,-69417.640567
1762668940.700284,-39108.313620,-44256.635010,-46429.105103,-69403.141737
1762668940.704284,-39130.438119,-44283.717871,-46438.261867,-69413.058460
1762668940.710402,-39184.987545,-44321.101159,-46447.798610,-69427.557290
1762668940.714402,-39207.115769,-44345.516711,-46451.229602,-69432.899356
1762668940.710402,-39159.048349,-44314.619154,-46441.692859,-69418.780506
1762668940.714402,-39120.521396,-44274.564832,-46426.817775,-69406.196475
1762668940.740916,-39133.872837,-44280.666858,-46426.054090,-69409.243762
1762668940.744916,-39179.649204,-44315.762818,-46437.878162,-69420.307875
1762668940.740916,-39220.847189,-44362.302870,-46455.044299,-69434.039295
1762668940.744916,-39171.636105,-44326.063246,-46447.798610,-69422.595203
1762668940.740916,-39118.614048,-44274.944812,-46430.248767,-69408.863783
1762668940.744916,-39129.294455,-44279.523194,-46432.156116,-69410.771132
1762668940.761166,-39189.949632,-44346.280396,-46458.099037,-69431.751966
1762668940.765166,-39227.332920,-44376.034290,-46470.686793,-69439.381361
1762668940.761166,-39174.690843,-44329.494238,-46456.951648,-69422.595203
1762668940.765166,-39119.377732,-44279.903173,-46436.354518,-69408.483803
1762668940.776893,-39147.604257,-44297.069311,-46441.692859,-69415.733218
1762668940.780893,-39203.681052,-44339.414686,-46462.673694,-69427.937269
1762668940.781681,-39223.898202,-44352.766126,-46471.450478,-69432.511926
1762668940.785681,-39173.163474,-44319.193810,-46459.242702,-69418.400526
1762668940.791276,-39127.007127,-44276.088476,-46445.127577,-69405.809045
1762668940.795276,-39146.080613,-44279.139489,-46448.562294,-69410.391152
1762668940.791276,-39194.524288,-44318.813831,-46464.964747,-69422.215223
1762668940.795276,-39232.671261,-44361.155480,-46481.367201,-69434.806705
1762668940.805880,-39179.265499,-44318.433851,-46464.581043,-69419.927895
1762668940.809880,-39120.901376,-44267.315418,-46446.271241,-69403.901696
1762668940.805880,-39138.831198,-44273.801148,-46448.562294,-69410.391152
1762668940.809880,-39205.588400,-44338.267297,-46470.303088,-69429.844618
1762668940.817030,-39220.083505,-44356.197119,-46472.210437,-69433.659315
1762668940.821030,-39166.677743,-44311.184436,-46451.229602,-69415.733218
1762668940.826031,-39117.086679,-44268.079102,-46433.683485,-69403.141737
1762668940.830031,-39144.553244,-44291.730970,-46439.785510,-69412.678480
1762668940.839373,-39192.616940,-44329.877943,-46449.705958,-69422.975183
1762668940.843373,-39215.505123,-44352.766126,-46456.191689,-69427.937269
1762668940.850379,-39168.968797,-44326.063246,-46444.363892,-69414.965808
1762668940.854379,-39116.706699,-44287.532568,-46433.683485,-69403.901696
1762668940.858379,-39141.882211,-44296.689332,-46440.549195,-69409.623742
1762668940.862379,-39192.236960,-44331.021607,-46451.613307,-69420.307875
1762668940.850379,-39222.374558,-44376.414269,-46466.488391,-69431.371987
1762668940.854379,-39174.690843,-44331.785291,-46454.284340,-69417.640567
1762668940.866942,-39125.859737,-44277.232140,-46437.498182,-69401.994348
1762668940.870942,-39143.025875,-44276.088476,-46438.261867,-69401.234388
1762668940.884009,-39200.246334,-44329.877943,-46460.006386,-69424.882531
1762668940.888009,-39222.374558,-44350.475073,-46471.066773,-69430.992007
1762668940.895320,-39164.006710,-44307.369739,-46457.335353,-69413.825870
1762668940.899320,-39118.230343,-44265.408069,-46440.169215,-69401.234388
1762668940.903321,-39141.502231,-44284.861535,-46446.654946,-69407.716393
1762668940.907320,-39201.773703,-44328.730553,-46461.150050,-69419.160485
1762668940.895320,-39220.847189,-44346.280396,-46470.686793,-69424.882531
1762668940.899320,-39172.783494,-44315.379113,-46458.099037,-69414.585829
1762668940.911431,-39118.614048,-44269.222766,-46437.498182,-69399.327040
1762668940.915431,-39132.345468,-44273.037463,-46435.210854,-69400.854409
1762668940.915654,-39179.265499,-44309.277087,-46448.178589,-69415.345788
1762668940.919654,-39223.898202,-44360.395521,-46463.821083,-69432.899356
1762668940.936004,-39172.783494,-44319.193810,-46450.849622,-69418.400526
1762668940.940004,-39108.313620,-44265.788049,-46429.488808,-69402.381778
1762668940.936004,-39121.285081,-44272.273779,-46430.248767,-69405.809045
1762668940.940004,-39199.102670,-44339.414686,-46455.044299,-69427.937269
1762668940.938993,-39222.754538,-44364.970177,-46461.913735,-69430.992007
1762668940.942993,-39167.061448,-44316.142797,-46445.127577,-69412.298501
1762668940.938993,-39114.415646,-44273.037463,-46431.396157,-69397.419691
1762668940.942993,-39141.118526,-44296.305627,-46437.498182,-69410.011172
1762668940.949381,-39187.658578,-44331.401587,-46453.136951,-69421.455264
1762668940.953381,-39209.783077,-44345.896691,-46463.821083,-69422.595203
1762668940.949381,-39163.626730,-44308.133423,-46452.376992,-69408.863783
1762668940.953381,-39107.549936,-44256.251305,-46432.919800,-69389.030337
1762668940.972560,-39122.428745,-44257.014990,-46432.919800,-69389.790297
1762668940.976560,-39170.112461,-44291.347265,-46445.127577,-69398.179650
1762668940.977875,-39212.837815,-44341.702014,-46462.673694,-69416.493177
1762668940.981875,-39155.997336,-44297.832996,-46450.085938,-69399.707019
1762668940.985875,-39102.591574,-44249.005616,-46432.156116,-69381.780922
1762668940.989875,-39129.294455,-44263.500720,-46431.776136,-69387.882948
1762668941.001559,-39196.051657,-44327.970594,-46455.807984,-69413.825870
1762668941.005559,-39216.268808,-44353.909791,-46471.830457,-69422.975183
1762668941.003556,-39164.390415,-44314.235449,-46451.993287,-69408.863783
1762668941.007556,-39118.994027,-44271.130115,-46439.785510,-69398.567080
1762668941.021534,-39141.118526,-44292.110950,-46446.271241,-69408.103824
1762668941.025534,-39201.773703,-44339.414686,-46461.150050,-69423.742592
1762668941.031609,-39225.041866,-44362.302870,-46468.395740,-69430.224597
1762668941.035609,-39176.978171,-44331.785291,-46458.099037,-69418.400526
1762668941.039609,-39125.479758,-44289.439917,-46441.312879,-69406.196475
1762668941.043609,-39144.173265,-44304.698706,-46441.692859,-69409.243762
1762668941.031609,-39195.671678,-44343.989342,-46456.191689,-69420.307875
1762668941.035609,-39242.591709,-44391.673058,-46482.510865,-69440.528750
1762668941.041674,-39191.473275,-44348.951429,-46468.779445,-69424.882531
1762668941.045674,-39127.387106,-44295.925647,-46442.076564,-69408.483803
1762668941.041674,-39149.895310,-44305.082411,-46445.507556,-69414.585829
1762668941.045674,-39213.217795,-44360.395521,-46472.594142,-69434.419274
1762668941.061809,-39236.105978,-44379.085302,-46481.747180,-69437.474012
1762668941.065809,-39168.585092,-44321.101159,-46463.057399,-69418.780506
1762668941.061809,-39114.799351,-44267.315418,-46442.076564,-69400.086999
1762668941.065809,-39149.131626,-44295.161963,-46450.849622,-69410.771132
1762668941.071895,-39191.093296,-44325.299561,-46466.488391,-69423.362613
1762668941.075895,-39212.837815,-44347.044080,-46476.025134,-69427.177310
1762668941.091257,-39172.399789,-44323.008507,-46462.673694,-69414.965808
1762668941.095257,-39125.859737,-44282.194227,-46446.271241,-69402.761757
1762668941.099257,-39137.303829,-44281.430542,-46447.034925,-69405.809045
1762668941.103257,-39185.751230,-44315.762818,-46460.386366,-69412.298501
1762668941.092275,-39229.620248,-44367.261231,-46478.696167,-69426.409900
1762668941.096275,-39176.598191,-44324.915856,-46462.293714,-69408.863783
1762668941.102380,-39122.045040,-44280.666858,-46442.840248,-69395.512342
1762668941.106380,-39139.974862,-44292.110950,-46445.127577,-69402.381778
1762668941.112580,-39213.597775,-44358.104467,-46469.923109,-69424.882531
1762668941.116580,-39241.828024,-44382.520020,-46480.603516,-69427.557290
1762668941.122705,-39187.658578,-44339.794666,-46463.057399,-69411.531091
1762668941.126705,-39147.987962,-44303.555042,-46447.034925,-69399.327040
1762668941.132816,-39173.927158,-44320.721179,-46449.705958,-69406.576455
1762668941.136816,-39226.949215,-44360.775501,-46461.913735,-69418.400526
1762668941.132816,-39256.323129,-44378.705323,-46474.117786,-69421.455264
1762668941.136816,-39201.393723,-44345.896691,-46461.913735,-69405.429065
1762668941.142966,-39135.780185,-44288.296252,-46444.747597,-69388.642907
1762668941.146966,-39153.710008,-44292.110950,-46448.178589,-69393.225014
1762668941.153061,-39205.588400,-44323.772192,-46461.150050,-69404.289126
1762668941.157061,-39236.869663,-44365.353882,-46477.172524,-69416.493177
1762668941.163149,-39185.371250,-44315.762818,-46463.437378,-69399.707019
1762668941.167149,-39122.808725,-44258.542359,-46440.932900,-69382.160902
1762668941.173294,-39129.294455,-44261.593372,-46440.169215,-69385.215640
1762668941.177294,-39197.959006,-44329.114258,-46465.728432,-69408.863783
1762668941.181294,-39223.518223,-44348.951429,-46476.025134,-69410.771132
1762668941.185294,-39169.728756,-44301.647693,-46456.571668,-69390.550256
1762668941.173294,-39124.336094,-44260.829687,-46436.734498,-69379.106164
1762668941.177294,-39152.946323,-44289.439917,-46447.798610,-69390.170276
1762668941.200570,-39204.444736,-44330.257922,-46463.437378,-69404.289126
1762668941.204570,-39223.898202,-44343.609363,-46466.872096,-69408.483803
1762668941.200570,-39176.214486,-44316.906482,-46453.900635,-69397.039711
1762668941.204570,-39129.294455,-44276.472181,-46439.405531,-69381.400943
1762668941.211998,-39146.840572,-44279.139489,-46440.932900,-69384.828210
1762668941.215997,-39196.051657,-44319.577515,-46454.284340,-69396.272302
1762668941.211998,-39241.064340,-44371.455908,-46471.830457,-69411.918521
1762668941.215997,-39185.371250,-44323.772192,-46458.858997,-69395.892322
1762668941.226850,-39123.192430,-44271.130115,-46435.970813,-69380.633533
1762668941.230850,-39150.275290,-44279.523194,-46434.063464,-69381.780922
1762668941.233575,-39215.505123,-44339.794666,-46458.099037,-69403.521717
1762668941.237575,-39238.393307,-44356.960803,-46465.728432,-69408.103824
1762668941.233575,-39177.358150,-44308.133423,-46448.178589,-69388.642907
1762668941.237575,-39127.007127,-44265.028089,-46432.539821,-69374.531507
1762668941.254006,-39147.987962,-44281.430542,-46437.498182,-69381.400943
1762668941.258006,-39201.393723,-44326.063246,-46455.807984,-69393.984973
1762668941.254006,-39213.981479,-44339.794666,-46463.057399,-69399.707019
1762668941.258006,-39170.492440,-44309.657067,-46453.900635,-69393.225014
1762668941.264184,-39129.674435,-44264.644384,-46432.156116,-69379.873574
1762668941.268184,-39136.923850,-44268.459082,-46427.961439,-69380.633533
1762668941.264184,-39181.936532,-44304.318726,-46438.641846,-69391.317666
1762668941.268184,-39216.652513,-44355.817139,-46456.951648,-69407.336414
1762668941.284348,-39167.061448,-44316.142797,-46441.312879,-69389.790297
1762668941.288348,-39112.892002,-44266.935438,-46421.095729,-69375.291467
1762668941.284348,-39126.243442,-44275.324792,-46424.526721,-69380.633533
1762668941.288348,-39185.371250,-44332.545251,-46449.322253,-69400.474429
1762668941.304664,-39211.690426,-44353.526086,-46459.622681,-69404.669106
1762668941.308664,-39152.182639,-44307.749718,-46441.692859,-69388.642907
1762668941.312664,-39109.457284,-44264.264405,-46423.003078,-69373.771548
1762668941.316664,-39130.438119,-44279.903173,-46427.961439,-69380.253553
1762668941.314770,-39178.885520,-44320.341200,-46443.600208,-69393.984973
1762668941.318770,-39209.023118,-44345.516711,-46452.756971,-69398.567080
1762668941.314770,-39174.307138,-44325.679541,-46443.600208,-69389.790297
1762668941.318770,-39126.243442,-44282.194227,-46430.248767,-69380.633533
1762668941.324966,-39133.489132,-44286.768883,-46433.303505,-69385.215640
1762668941.328966,-39175.070822,-44323.008507,-46446.271241,-69394.364953
1762668941.345135,-39216.652513,-44366.877526,-46464.581043,-69408.103824
1762668941.349135,-39166.677743,-44312.711805,-46444.363892,-69390.170276
1762668941.345135,-39112.128317,-44260.829687,-46427.197754,-69374.151528
1762668941.349135,-39121.665061,-44274.944812,-46434.063464,-69381.013513
1762668941.355272,-39174.307138,-44327.970594,-46452.376992,-69399.327040
1762668941.359272,-39200.246334,-44355.433434,-46464.964747,-69408.483803
1762668941.355272,-39143.025875,-44310.040772,-46450.085938,-69393.984973
1762668941.359272,-39091.527462,-44266.935438,-46428.341419,-69377.966225
1762668941.375482,-39114.415646,-44289.439917,-46436.354518,-69383.688271
1762668941.379482,-39169.728756,-44328.350574,-46448.942274,-69400.086999
1762668941.375482,-39194.907993,-44351.618737,-46457.715333,-69407.336414
1762668941.379482,-39154.089987,-44326.443225,-46445.507556,-69400.474429
1762668941.396047,-39100.684226,-44278.759509,-46425.674111,-69387.502968
1762668941.400047,-39122.428745,-44289.059937,-46429.105103,-69391.317666
1762668941.406079,-39172.783494,-44327.970594,-46444.747597,-69403.141737
1762668941.410079,-39207.875729,-44379.469007,-46467.252076,-69417.640567
1762668941.414079,-39152.182639,-44334.452599,-46453.136951,-69399.327040
1762668941.418079,-39106.026292,-44276.472181,-46434.063464,-69384.448230
1762668941.406079,-39131.201804,-44287.152588,-46434.063464,-69388.262928
1762668941.410079,-39199.486375,-44350.858778,-46458.099037,-69406.576455
1762668941.416244,-39222.374558,-44370.692223,-46469.543129,-69411.531091
1762668941.420244,-39167.061448,-44323.392212,-46453.520656,-69393.225014
1762668941.416244,-39127.007127,-44289.823622,-46439.785510,-69382.160902
1762668941.420244,-39153.710008,-44312.711805,-46448.562294,-69391.317666
1762668941.436411,-39207.115769,-44355.817139,-46464.581043,-69407.336414
1762668941.440411,-39223.518223,-44376.034290,-46474.117786,-69412.678480
1762668941.446560,-39179.649204,-44341.702014,-46459.242702,-69399.707019
1762668941.450560,-39121.665061,-44295.161963,-46437.498182,-69382.920861
1762668941.454560,-39129.674435,-44293.638319,-46437.878162,-69381.780922
1762668941.458560,-39174.690843,-44327.586889,-46448.942274,-69393.984973
1762668941.466760,-39218.939841,-44372.219592,-46466.872096,-69408.103824
1762668941.470760,-39160.955697,-44321.484864,-46453.520656,-69387.502968
1762668941.466760,-39104.878902,-44270.750135,-46437.118202,-69372.624159
1762668941.470760,-39123.192430,-44284.861535,-46436.354518,-69378.346205
1762668941.487145,-39185.751230,-44337.123632,-46454.284340,-69395.892322
1762668941.491145,-39205.588400,-44362.302870,-46463.057399,-69401.234388
1762668941.487145,-39147.224277,-44316.906482,-46443.220228,-69382.920861
1762668941.491145,-39101.827890,-44275.708497,-46426.434070,-69369.569421
1762668941.491740,-39125.859737,-44291.347265,-46431.012452,-69377.966225
1762668941.495740,-39173.543453,-44329.494238,-46444.363892,-69391.317666
1762668941.497331,-39191.856980,-44347.424060,-46451.993287,-69395.132363
1762668941.501331,-39151.802659,-44322.628528,-46438.641846,-69382.920861
1762668941.507453,-39110.600948,-44276.088476,-46423.003078,-69373.004138
1762668941.511453,-39125.859737,-44276.088476,-46426.817775,-69374.151528
1762668941.507453,-39173.543453,-44314.619154,-46444.363892,-69382.920861
1762668941.511453,-39215.888828,-44365.733862,-46464.581043,-69396.272302
1762668941.517550,-39157.524705,-44315.379113,-46450.469643,-69377.966225
1762668941.521550,-39099.540561,-44258.542359,-46431.776136,-69362.707436
1762668941.527636,-39129.674435,-44281.046838,-46434.827149,-69369.956851
1762668941.531636,-39196.051657,-44347.424060,-46455.807984,-69391.317666
1762668941.537781,-39209.783077,-44364.970177,-46467.252076,-69392.457604
1762668941.541781,-39149.131626,-44321.484864,-46451.229602,-69374.911487
1762668941.537781,-39105.262607,-44282.574207,-46438.261867,-69366.142154
1762668941.541781,-39125.859737,-44300.120324,-46441.692859,-69376.438856
1762668941.547876,-39171.256125,-44340.558350,-46451.613307,-69390.550256
1762668941.551876,-39199.486375,-44360.775501,-46461.530030,-69394.752383
1762668941.558002,-39160.955697,-44336.743653,-46455.044299,-69388.262928
1762668941.562002,-39110.600948,-44286.388904,-46437.118202,-69373.771548
1762668941.568134,-39118.230343,-44290.583581,-46437.498182,-69377.966225
1762668941.572134,-39161.339402,-44323.772192,-46448.562294,-69387.882948
1762668941.591938,-39197.195321,-44368.024915,-46466.108412,-69402.761757
1762668941.595938,-39146.080613,-44318.433851,-46450.849622,-69381.780922
1762668941.601140,-39093.054831,-44262.357056,-46429.105103,-69362.707436
1762668941.605140,-39114.415646,-44276.472181,-46432.156116,-69371.476769
1762668941.609140,-39172.399789,-44333.692640,-46454.664320,-69390.170276
1762668941.613140,-39191.473275,-44358.104467,-46466.108412,-69398.179650
1762668941.617345,-39136.923850,-44307.369739,-46453.900635,-69380.633533
1762668941.621345,-39103.355259,-44270.366430,-46431.012452,-69369.569421
1762668941.625345,-39123.572409,-44290.203601,-46437.498182,-69374.911487
1762668941.629345,-39168.205112,-44328.730553,-46454.284340,-69385.215640
1762668941.631768,-39193.000644,-44347.044080,-46464.201063,-69391.317666
1762668941.635768,-39164.006710,-44327.206910,-46456.951648,-69382.920861
1762668941.639768,-39113.271981,-44279.903173,-46437.878162,-69364.994764
1762668941.643768,-39130.438119,-44289.439917,-46439.405531,-69369.189441
1762668941.632769,-39183.463901,-44330.257922,-46454.284340,-69383.308291
1762668941.636769,-39218.176156,-44380.228966,-46471.066773,-69397.799671
1762668941.644118,-39158.668369,-44330.257922,-46450.849622,-69381.013513
1762668941.648118,-39105.642587,-44276.852161,-46435.210854,-69365.754724
1762668941.644118,-39127.767086,-44293.638319,-46438.641846,-69371.864200
1762668941.648118,-39188.422263,-44353.526086,-46456.571668,-69387.882948
1762668941.654281,-39212.454110,-44379.469007,-46466.488391,-69394.752383
1762668941.658281,-39149.511606,-44327.586889,-46446.271241,-69380.253553
1762668941.654281,-39103.355259,-44286.768883,-46431.776136,-69369.956851
1762668941.658281,-39127.387106,-44302.791357,-46437.878162,-69375.291467
1762668941.674435,-39169.728756,-44333.308935,-46447.414905,-69383.688271
1762668941.678435,-39178.505540,-44344.753027,-46452.376992,-69382.160902
1762668941.691830,-39143.025875,-44321.864843,-46446.271241,-69374.151528
1762668941.695830,-39093.054831,-44266.935438,-46423.383057,-69355.458021
1762668941.691830,-39107.549936,-44273.417443,-46423.383057,-69356.217980
1762668941.695830,-39157.141000,-44314.619154,-46443.220228,-69367.662072
1762668941.705878,-39187.658578,-44355.817139,-46455.807984,-69380.253553
1762668941.709877,-39127.767086,-44303.555042,-46436.354518,-69365.754724
1762668941.705878,-39073.981345,-44251.676649,-46416.137367,-69351.643324
1762668941.709877,-39100.304246,-44266.171753,-46422.239393,-69355.458021
1762668941.723146,-39175.070822,-44329.494238,-46447.414905,-69376.818836
1762668941.727146,-39202.153683,-44352.766126,-46457.715333,-69381.400943
1762668941.737171,-39141.882211,-44303.555042,-46437.498182,-69360.032678
1762668941.741171,-39100.304246,-44268.459082,-46419.952065,-69348.208606
1762668941.745171,-39130.821824,-44289.439917,-46429.868788,-69356.985390
1762668941.749171,-39181.172848,-44334.452599,-46448.942274,-69374.911487
1762668941.737171,-39209.783077,-44358.868152,-46456.951648,-69383.308291
1762668941.741171,-39174.307138,-44336.359948,-46447.414905,-69373.384118
1762668941.744717,-39114.415646,-44286.768883,-46428.341419,-69358.125329
1762668941.748717,-39132.345468,-44291.730970,-46427.581459,-69363.847375
1762668941.744717,-39181.556553,-44327.586889,-46435.590833,-69374.531507
1762668941.748717,-39208.639413,-44370.312244,-46452.376992,-69385.215640
1762668941.767601,-39162.483066,-44329.494238,-46440.932900,-69369.569421
1762668941.771601,-39103.735238,-44265.408069,-46419.568360,-69348.588586
1762668941.767601,-39125.479758,-44279.139489,-46426.434070,-69354.698062
1762668941.771601,-39186.134934,-44341.702014,-46453.520656,-69375.678897
1762668941.782003,-39201.393723,-44355.817139,-46460.766345,-69378.346205
1762668941.786003,-39137.687534,-44301.647693,-46439.405531,-69359.272718
1762668941.783084,-39094.582200,-44265.028089,-46425.674111,-69350.495934
1762668941.787084,-39113.271981,-44277.232140,-46435.210854,-69354.698062
1762668941.794937,-39165.914059,-44315.762818,-46448.942274,-69363.467395
1762668941.798937,-39185.371250,-44338.267297,-46455.428004,-69368.049502
1762668941.794937,-39149.131626,-44316.142797,-46447.414905,-69364.234805
1762668941.798937,-39102.591574,-44270.750135,-46429.488808,-69354.310632
1762668941.817230,-39108.693600,-44285.625219,-46435.970813,-69360.420108
1762668941.821230,-39176.214486,-44329.877943,-46452.756971,-69373.771548
1762668941.827282,-39224.661887,-44382.900000,-46475.265175,-69390.170276
1762668941.831282,-39170.492440,-44343.609363,-46461.913735,-69378.346205
1762668941.827282,-39114.799351,-44299.360365,-46443.600208,-69365.754724
1762668941.831282,-39144.553244,-44321.864843,-46450.849622,-69377.198815
1762668941.837416,-39206.732064,-44376.414269,-46476.025134,-69396.272302
1762668941.841416,-39241.064340,-44402.737170,-46488.232911,-69401.234388
1762668941.837416,-39181.556553,-44349.331409,-46463.057399,-69383.308291
1762668941.841416,-39142.645895,-44316.142797,-46448.942274,-69376.818836
1762668941.847494,-39173.927158,-44334.072620,-46458.099037,-69386.355579
1762668941.851494,-39219.319820,-44370.692223,-46472.210437,-69398.947060
1762668941.857600,-39233.434945,-44381.376356,-46477.552503,-69400.474429
1762668941.861600,-39188.422263,-44352.766126,-46471.066773,-69389.030337
1762668941.868119,-39123.192430,-44292.490929,-46447.414905,-69370.716810
1762668941.872119,-39138.067514,-44297.832996,-46446.654946,-69373.004138
1762668941.888295,-39196.815342,-44341.702014,-46465.728432,-69385.975599
1762668941.892295,-39228.096604,-44378.705323,-46483.274549,-69397.419691
1762668941.896295,-39166.297764,-44320.721179,-46461.150050,-69378.346205
1762668941.900295,-39111.364633,-44268.459082,-46439.405531,-69358.512759
1762668941.888295,-39136.543870,-44290.967286,-46442.840248,-69367.282093
1762668941.892295,-39195.287973,-44353.146106,-46463.821083,-69384.448230
1762668941.908566,-39213.597775,-44374.126941,-46473.357826,-69387.882948
1762668941.912566,-39159.812033,-44328.350574,-46456.571668,-69374.531507
1762668941.908566,-39128.530771,-44303.175062,-46443.983912,-69367.662072
1762668941.912566,-39155.997336,-44325.299561,-46452.756971,-69374.151528
1762668941.928834,-39212.454110,-44374.126941,-46473.357826,-69389.030337
1762668941.932834,-39239.540696,-44403.500855,-46487.089247,-69398.947060
1762668941.928834,-39193.000644,-44372.219592,-46474.501491,-69388.642907
1762668941.932834,-39143.409580,-44325.679541,-46456.571668,-69371.864200
1762668941.928834,-39165.154099,-44339.414686,-46459.622681,-69375.678897
1762668941.932834,-39216.652513,-44384.807348,-46475.265175,-69391.317666
1762668941.938950,-39252.892137,-44419.523329,-46489.760280,-69402.761757
1762668941.942950,-39199.102670,-44371.839613,-46470.303088,-69384.448230
1762668941.938950,-39141.118526,-44318.050146,-46446.654946,-69366.522133
1762668941.942950,-39158.284664,-44334.836304,-46448.562294,-69373.384118
1762668941.959171,-39225.041866,-44398.922473,-46471.830457,-69395.512342
1762668941.963171,-39236.105978,-44413.037598,-46478.696167,-69399.327040
1762668941.969290,-39173.543453,-44354.673475,-46460.386366,-69380.633533
1762668941.973290,-39126.623422,-44311.948121,-46445.507556,-69368.809462
1762668941.977290,-39139.594883,-44316.526502,-46450.469643,-69371.096790
1762668941.981290,-39189.185947,-44346.660376,-46464.581043,-69381.013513
1762668941.969290,-39194.144309,-44356.960803,-46466.488391,-69381.013513
1762668941.973290,-39136.923850,-44322.628528,-46452.756971,-69367.662072
1762668941.992099,-39084.281772,-44270.366430,-46435.210854,-69352.403283
1762668941.996099,-39107.933640,-44277.232140,-46439.025551,-69358.125329
1762668941.992099,-39162.483066,-44323.772192,-46449.705958,-69373.004138
1762668941.996099,-39198.338985,-44369.932264,-46465.344727,-69389.030337
1762668942.011805,-39139.211178,-44323.392212,-46451.613307,-69376.818836
1762668942.015805,-39085.805416,-44272.657484,-46432.919800,-69360.800087
1762668942.017315,-39113.655686,-44293.254614,-46438.261867,-69369.569421
1762668942.021315,-39172.783494,-44353.146106,-46462.293714,-69390.170276
1762668942.025315,-39194.144309,-44379.469007,-46471.830457,-69392.845035
1762668942.029315,-39143.025875,-44332.545251,-46456.951648,-69376.058877
1762668942.022981,-39109.840989,-44301.647693,-46445.127577,-69365.754724
1762668942.026981,-39135.780185,-44317.670166,-46450.469643,-69371.096790
1762668942.033858,-39192.236960,-44357.724488,-46471.830457,-69385.975599
1762668942.037858,-39210.166782,-44376.414269,-46480.987221,-69388.262928
1762668942.033858,-39170.492440,-44355.433434,-46472.594142,-69380.253553
1762668942.037858,-39121.285081,-44308.513403,-46449.705958,-69364.614785
1762668942.053077,-39138.831198,-44320.721179,-46451.993287,-69368.049502
1762668942.057077,-39188.422263,-44360.011816,-46467.635781,-69383.308291
1762668942.063191,-39225.805551,-44401.593506,-46482.130885,-69397.799671
1762668942.067191,-39163.246751,-44346.660376,-46463.057399,-69378.346205
1762668942.063191,-39100.304246,-44288.676232,-46441.312879,-69358.892739
1762668942.067191,-39123.952389,-44302.791357,-46442.456543,-69366.142154
1762668942.073365,-39173.927158,-44343.229383,-46457.715333,-69383.688271
1762668942.077365,-39185.371250,-44358.104467,-46467.252076,-69388.262928
1762668942.073365,-39110.984653,-44299.360365,-46447.414905,-69366.522133
1762668942.077365,-39078.176022,-44270.366430,-46432.919800,-69356.217980
1762668942.103689,-39101.447910,-44292.110950,-46442.456543,-69364.614785
1762668942.107689,-39150.275290,-44332.928956,-46452.376992,-69376.058877
1762668942.103689,-39177.741855,-44354.289770,-46462.673694,-69381.780922
1762668942.107689,-39138.831198,-44333.692640,-46456.951648,-69376.818836
1762668942.103689,-39089.620113,-44287.152588,-46440.169215,-69360.800087
1762668942.107689,-39112.892002,-44298.976660,-46442.840248,-69365.754724
1762668942.113857,-39171.256125,-44344.373047,-46460.386366,-69379.106164
1762668942.117857,-39205.208421,-44385.191053,-46480.987221,-69390.550256
1762668942.123935,-39153.326303,-44341.322035,-46464.581043,-69374.151528
1762668942.127935,-39096.489549,-44286.768883,-46444.363892,-69353.170693
1762668942.123935,-39122.045040,-44302.411377,-46448.562294,-69356.217980
1762668942.127935,-39186.894894,-44361.155480,-46471.450478,-69374.911487
1762668942.134112,-39213.217795,-44379.085302,-46480.223536,-69378.726184
1762668942.138112,-39158.284664,-44326.443225,-46464.581043,-69361.180067
1762668942.154348,-39127.007127,-44293.254614,-46455.044299,-69353.170693
1762668942.158348,-39151.038975,-44308.133423,-46463.437378,-69363.467395
1762668942.162348,-39195.671678,-44346.280396,-46474.881470,-69377.198815
1762668942.166348,-39204.444736,-44358.104467,-46476.788819,-69376.818836
1762668942.154348,-39158.284664,-44337.507337,-46464.201063,-69370.336831
1762668942.158348,-39102.591574,-44284.861535,-46446.654946,-69358.125329
1762668942.164514,-39115.563035,-44287.916273,-46446.654946,-69363.847375
1762668942.168514,-39159.432054,-44325.299561,-46456.571668,-69373.771548
1762668942.194875,-39198.338985,-44371.455908,-46476.025134,-69386.735559
1762668942.198874,-39140.358567,-44329.114258,-46463.437378,-69372.244179
1762668942.194875,-39104.498923,-44283.717871,-46446.271241,-69364.994764
1762668942.198874,-39122.045040,-44300.884008,-46451.993287,-69372.244179
1762668942.202875,-39172.783494,-44345.136732,-46469.923109,-69388.642907
1762668942.206875,-39198.338985,-44372.983277,-46484.038234,-69398.179650
1762668942.204980,-39144.553244,-44330.637902,-46468.395740,-69380.253553
1762668942.208980,-39107.169956,-44298.976660,-46450.085938,-69372.244179
1762668942.215109,-39121.665061,-44313.091785,-46455.428004,-69378.346205
1762668942.219109,-39175.450802,-44361.539185,-46474.117786,-69393.225014
1762668942.215109,-39204.061031,-44386.714697,-46484.418213,-69398.567080
1762668942.219109,-39167.821407,-44372.599572,-46479.459852,-69392.845035
1762668942.235351,-39115.179330,-44316.142797,-46460.006386,-69372.624159
1762668942.239351,-39134.636521,-44325.299561,-46461.150050,-69374.531507
1762668942.235351,-39197.579026,-44371.839613,-46480.223536,-69389.410317
1762668942.239351,-39238.013327,-44408.839196,-46500.060707,-69400.086999
1762668942.245434,-39176.598191,-44351.238757,-46481.367201,-69377.966225
1762668942.249434,-39120.521396,-44301.647693,-46460.006386,-69363.087416
1762668942.245434,-39147.604257,-44318.813831,-46463.821083,-69371.476769
1762668942.249434,-39194.907993,-44366.877526,-46480.603516,-69389.410317
1762668942.255600,-39204.444736,-44388.242066,-46486.325562,-69394.364953
1762668942.259600,-39139.211178,-44329.114258,-46463.821083,-69376.058877
1762668942.255600,-39098.776877,-44294.398278,-46450.085938,-69368.049502
1762668942.259600,-39117.850363,-44306.226075,-46450.849622,-69373.771548
1762668942.275820,-39176.214486,-44348.951429,-46465.344727,-69384.068251
1762668942.279820,-39188.802242,-44365.353882,-46471.450478,-69385.595620
1762668942.285978,-39144.933224,-44342.845678,-46464.964747,-69377.586246
1762668942.289978,-39094.198495,-44296.689332,-46447.034925,-69360.420108
1762668942.292556,-39119.757712,-44312.711805,-46452.756971,-69367.282093
1762668942.296556,-39176.978171,-44363.826513,-46476.408839,-69384.828210
1762668942.306123,-39215.888828,-44403.117150,-46495.102346,-69396.272302
1762668942.310123,-39165.154099,-44355.433434,-46480.223536,-69382.540882
1762668942.306123,-39112.508297,-44303.175062,-46463.437378,-69365.374744
1762668942.310123,-39143.789560,-44330.637902,-46466.108412,-69378.346205
1762668942.316291,-39207.495749,-44396.251440,-46493.194997,-69399.327040
1762668942.320291,-39223.518223,-44416.088611,-46504.255384,-69404.289126
1762668942.316291,-39172.783494,-44369.548559,-46484.418213,-69388.262928
1762668942.320291,-39140.738547,-44348.187745,-46476.408839,-69385.215640
1762668942.336471,-39163.246751,-44363.062829,-46482.130885,-69391.317666
1762668942.340471,-39221.990854,-44409.602880,-46499.677002,-69406.576455
1762668942.336471,-39243.355393,-44429.440051,-46511.121094,-69413.058460
1762668942.340471,-39199.866354,-44402.737170,-46499.677002,-69404.289126
1762668942.346602,-39148.747921,-44343.609363,-46479.459852,-69389.030337
1762668942.350602,-39160.192013,-44343.989342,-46476.788819,-69387.882948
1762668942.346602,-39208.259434,-44384.807348,-46491.287649,-69398.179650
1762668942.350602,-39231.147617,-44416.852295,-46505.019069,-69412.298501
1762668942.362430,-39173.927158,-44364.970177,-46484.038234,-69393.225014
1762668942.366430,-39123.572409,-44311.948121,-46466.488391,-69377.198815
1762668942.367936,-39146.080613,-44331.785291,-46471.450478,-69387.502968
1762668942.371936,-39208.639413,-44385.951012,-46488.232911,-69408.483803
1762668942.384278,-39229.620248,-44411.130250,-46500.060707,-69414.585829
1762668942.388278,-39165.914059,-44358.868152,-46484.038234,-69396.272302
1762668942.395569,-39122.428745,-44329.114258,-46470.686793,-69386.355579
1762668942.399569,-39141.118526,-44337.123632,-46474.501491,-69389.790297
1762668942.403569,-39194.524288,-44376.797974,-46491.667628,-69401.234388
1762668942.407569,-39211.310446,-44394.727796,-46499.677002,-69405.049086
1762668942.411129,-39167.061448,-44369.168580,-46487.089247,-69394.364953
1762668942.415129,-39128.914475,-44324.535877,-46471.066773,-69374.151528
1762668942.411129,-39152.182639,-44331.785291,-46475.645155,-69378.726184
1762668942.415129,-39215.125144,-44380.228966,-46493.194997,-69397.419691
1762668942.431375,-39242.971689,-44413.417578,-46508.833766,-69405.049086
1762668942.435374,-39180.792868,-44368.784875,-46491.667628,-69383.308291
1762668942.431375,-39131.581783,-44318.813831,-46472.210437,-69365.374744
1762668942.435374,-39155.617356,-44341.322035,-46478.696167,-69376.818836
1762668942.441476,-39220.083505,-44398.158789,-46499.677002,-69394.364953
1762668942.445476,-39235.342294,-44415.708631,-46504.639089,-69395.512342
1762668942.441476,-39175.070822,-44361.919165,-46484.418213,-69374.911487
1762668942.445476,-39142.645895,-44335.599989,-46473.737806,-69366.902113
1762668942.451585,-39163.246751,-44352.002442,-46480.223536,-69374.911487
1762668942.455585,-39210.546762,-44389.765710,-46492.431313,-69389.790297
1762668942.451585,-39229.620248,-44404.264539,-46493.954957,-69391.697645
1762668942.455585,-39183.843881,-44381.376356,-46488.232911,-69383.308291
1762668942.471787,-39129.294455,-44328.730553,-46470.303088,-69370.336831
1762668942.475787,-39142.265916,-44328.350574,-46469.923109,-69368.429482
1762668942.481904,-39198.338985,-44378.705323,-46489.380300,-69382.920861
1762668942.485904,-39233.818650,-44424.861670,-46508.453786,-69397.039711
1762668942.489904,-39176.214486,-44375.654310,-46489.760280,-69380.633533
1762668942.493904,-39107.169956,-44318.050146,-46467.252076,-69360.032678
1762668942.481904,-39151.418954,-44345.136732,-46476.788819,-69371.476769
1762668942.485904,-39226.569235,-44408.079237,-46502.731740,-69391.697645
1762668942.492608,-39238.013327,-44425.245374,-46508.453786,-69394.752383
1762668942.496608,-39170.876145,-44365.353882,-46482.894570,-69374.531507
1762668942.502141,-39134.252816,-44339.414686,-46471.830457,-69368.809462
1762668942.506141,-39146.460593,-44348.567724,-46479.079872,-69372.624159
1762668942.522377,-39194.907993,-44388.622046,-46491.287649,-69385.595620
1762668942.526377,-39219.319820,-44409.222901,-46499.297023,-69390.170276
1762668942.522377,-39178.121835,-44384.807348,-46489.760280,-69381.780922
1762668942.526377,-39122.808725,-44333.308935,-46471.066773,-69364.234805
1762668942.532471,-39144.553244,-44342.465699,-46474.501491,-69371.096790
1762668942.536471,-39201.773703,-44387.858361,-46491.287649,-69387.502968
1762668942.542568,-39234.962314,-44418.759644,-46507.690102,-69397.039711
1762668942.546568,-39175.070822,-44369.932264,-46489.760280,-69379.873574
1762668942.542568,-39110.220969,-44314.999133,-46470.686793,-69362.707436
1762668942.546568,-39141.118526,-44337.507337,-46476.788819,-69373.384118
1762668942.562803,-39199.866354,-44387.098402,-46493.194997,-69392.457604
1762668942.566803,-39221.610874,-44405.024499,-46503.875405,-69398.179650
1762668942.562803,-39163.246751,-44356.580824,-46490.523964,-69379.493594
1762668942.566803,-39124.336094,-44332.165271,-46478.696167,-69373.384118
1762668942.572912,-39141.502231,-44341.702014,-46478.696167,-69381.013513
1762668942.576912,-39196.431637,-44381.756335,-46494.718641,-69397.039711
1762668942.572912,-39220.083505,-44404.264539,-46501.968056,-69403.141737
1762668942.576912,-39169.348776,-44377.177954,-46496.246010,-69392.457604
1762668942.583068,-39108.693600,-44324.535877,-46470.686793,-69373.771548
1762668942.587068,-39118.614048,-44326.063246,-46460.766345,-69374.151528
1762668942.592601,-39177.741855,-44382.136315,-46483.274549,-69395.132363
1762668942.596601,-39227.332920,-44436.305761,-46510.361135,-69417.640567
1762668942.612824,-39156.761020,-44384.043664,-46491.287649,-69393.984973
1762668942.616824,-39103.735238,-44320.341200,-46467.635781,-69369.569421
1762668942.612824,-39129.674435,-44339.794666,-46476.788819,-69377.198815
1762668942.616824,-39183.080196,-44385.951012,-46498.533338,-69395.132363
1762668942.620824,-39202.153683,-44401.973486,-46511.884779,-69394.752383
1762668942.624824,-39147.224277,-44348.187745,-46495.482326,-69373.384118
1762668942.622924,-39119.377732,-44323.392212,-46485.181898,-69368.809462
1762668942.626924,-39134.636521,-44332.928956,-46488.616616,-69372.624159
1762668942.633028,-39185.751230,-44375.270605,-46502.348036,-69384.448230
1762668942.637028,-39201.010019,-44397.015125,-46513.792127,-69390.170276
1762668942.643196,-39164.770395,-44375.654310,-46505.782753,-69379.873574
1762668942.647196,-39120.901376,-44331.401587,-46488.232911,-69366.522133
1762668942.653279,-39143.025875,-44343.989342,-46494.338661,-69374.151528
1762668942.657279,-39196.051657,-44392.436743,-46514.555812,-69387.502968
1762668942.663374,-39222.374558,-44421.810657,-46526.379883,-69396.272302
1762668942.667374,-39168.585092,-44379.469007,-46509.597450,-69380.633533
1762668942.673522,-39116.706699,-44327.970594,-46488.232911,-69364.234805
1762668942.677522,-39139.594883,-44351.618737,-46494.718641,-69375.291467
1762668942.681522,-39196.815342,-44404.644519,-46517.606825,-69392.845035
1762668942.685522,-39213.597775,-44424.481690,-46525.999904,-69393.984973
1762668942.673522,-39150.655270,-44363.826513,-46505.782753,-69371.096790
1762668942.677522,-39120.521396,-44336.359948,-46491.667628,-69366.142154
1762668942.703878,-39130.058140,-44340.938330,-46491.667628,-69371.476769
1762668942.707878,-39180.792868,-44383.663684,-46505.019069,-69383.688271
1762668942.703878,-39197.195321,-44406.931847,-46513.028443,-69388.642907
1762668942.707878,-39165.154099,-44377.177954,-46502.348036,-69379.493594
1762668942.711878,-39112.508297,-44326.823205,-46484.418213,-69363.847375
1762668942.715878,-39131.581783,-44338.267297,-46490.140259,-69371.476769
1762668942.703878,-39186.514914,-44388.622046,-46510.741115,-69390.937686
1762668942.707878,-39218.939841,-44430.583715,-46528.287232,-69405.429065
1762668942.724100,-39164.770395,-44383.663684,-46506.546438,-69386.735559
1762668942.728100,-39112.508297,-44329.494238,-46482.894570,-69368.809462
1762668942.724100,-39139.974862,-44351.238757,-46489.760280,-69377.586246
1762668942.728100,-39197.195321,-44396.251440,-46509.213746,-69390.170276
1762668942.734293,-39224.661887,-44420.283288,-46522.565186,-69398.179650
1762668942.738293,-39166.677743,-44372.599572,-46503.111720,-69378.726184
1762668942.734293,-39131.581783,-44350.475073,-46492.047608,-69371.864200
1762668942.738293,-39149.511606,-44359.248132,-46497.769654,-69380.253553
1762668942.754469,-39203.301072,-44401.973486,-46513.412148,-69394.752383
1762668942.758469,-39233.434945,-44427.532703,-46521.041542,-69401.994348
1762668942.764653,-39192.616940,-44405.408204,-46514.555812,-69392.845035
1762668942.768653,-39144.933224,-44360.775501,-46493.574977,-69377.966225
1762668942.764653,-39161.719382,-44367.641211,-46497.769654,-69386.355579
1762668942.768653,-39219.319820,-44415.324926,-46517.606825,-69400.854409
1762668942.786340,-39239.540696,-44441.647828,-46527.143568,-69407.336414
1762668942.790339,-39179.265499,-44397.015125,-46509.597450,-69393.604994
1762668942.786340,-39127.767086,-44343.229383,-46485.565603,-69377.198815
1762668942.790339,-39158.668369,-44368.404895,-46492.811292,-69387.882948
1762668942.795447,-39207.495749,-44413.417578,-46510.361135,-69401.614368
1762668942.799447,-39221.610874,-44430.583715,-46519.134194,-69402.381778
1762668942.815673,-39160.192013,-44377.561659,-46497.009695,-69383.688271
1762668942.819673,-39128.914475,-44349.331409,-46486.325562,-69380.253553
1762668942.823673,-39141.502231,-44356.197119,-46484.038234,-69383.308291
1762668942.827673,-39191.856980,-44398.158789,-46498.533338,-69394.752383
1762668942.815673,-39206.732064,-44419.523329,-46503.491700,-69398.179650
1762668942.819673,-39155.233651,-44390.149415,-46493.194997,-69383.308291
1762668942.825832,-39114.035666,-44331.785291,-46475.265175,-69364.234805
1762668942.829832,-39138.451219,-44346.280396,-46479.079872,-69368.049502
1762668942.825832,-39199.486375,-44396.251440,-46497.009695,-69386.355579
1762668942.829832,-39235.725999,-44436.305761,-46515.319496,-69396.659732
1762668942.845960,-39176.598191,-44387.858361,-46499.677002,-69379.873574
1762668942.849960,-39123.192430,-44336.359948,-46476.025134,-69363.087416
1762668942.845960,-39155.233651,-44364.970177,-46488.996595,-69373.004138
1762668942.849960,-39211.690426,-44412.273914,-46512.648463,-69387.882948
1762668942.856117,-39234.578609,-44434.398413,-46525.236219,-69393.225014
1762668942.860117,-39176.214486,-44383.663684,-46503.875405,-69373.771548
1762668942.856117,-39146.840572,-44356.960803,-46492.047608,-69366.902113
1762668942.860117,-39159.048349,-44361.919165,-46493.954957,-69367.282093
1762668942.876262,-39205.588400,-44403.500855,-46514.935791,-69383.308291
1762668942.880262,-39225.425571,-44423.338026,-46522.185206,-69392.457604
1762668942.896768,-39174.690843,-44393.580407,-46512.268484,-69382.160902
1762668942.900768,-39122.428745,-44336.359948,-46492.047608,-69361.940026
1762668942.906837,-39143.789560,-44347.044080,-46493.954957,-69364.994764
1762668942.910837,-39192.616940,-44396.251440,-46508.833766,-69380.633533
1762668942.914837,-39220.847189,-44422.954321,-46521.041542,-69390.170276
1762668942.918837,-39164.006710,-44374.506921,-46503.491700,-69371.864200
1762668942.906837,-39110.220969,-44323.772192,-46481.367201,-69352.023304
1762668942.910837,-39135.780185,-44352.382421,-46483.274549,-69366.142154
1762668942.916994,-39190.329611,-44397.778809,-46498.917043,-69379.106164
1762668942.920994,-39216.268808,-44423.338026,-46508.070081,-69386.735559
1762668942.916994,-39153.710008,-44374.126941,-46487.852931,-69371.476769
1762668942.920994,-39126.623422,-44352.766126,-46476.408839,-69364.994764
1762668942.927101,-39141.502231,-44365.733862,-46484.418213,-69369.956851
1762668942.931101,-39191.473275,-44414.561242,-46504.255384,-69384.828210
1762668942.937205,-39224.281907,-44439.356774,-46511.884779,-69390.170276
1762668942.941205,-39190.709591,-44416.852295,-46504.255384,-69383.308291
1762668942.957453,-39145.696908,-44364.970177,-46490.903944,-69369.956851
1762668942.961453,-39166.297764,-44369.932264,-46494.718641,-69372.244179
1762668942.957453,-39226.569235,-44419.903308,-46513.792127,-69384.828210
1762668942.961453,-39250.221103,-44448.513538,-46524.472535,-69391.317666
1762668942.957453,-39188.042283,-44399.686158,-46504.255384,-69371.096790
1762668942.961453,-39139.211178,-44348.187745,-46488.232911,-69355.458021
1762668942.967548,-39162.483066,-44372.599572,-46494.338661,-69365.754724
1762668942.971548,-39206.352085,-44413.417578,-46508.070081,-69379.493594
1762668942.993345,-39218.939841,-44426.389039,-46513.028443,-69384.068251
1762668942.997345,-39153.710008,-44368.404895,-46493.954957,-69363.467395
1762668942.993345,-39113.655686,-44336.743653,-46479.839832,-69353.930652
1762668942.997345,-39131.965488,-44343.229383,-46479.839832,-69356.985390
1762668942.998000,-39180.412889,-44387.858361,-46499.297023,-69371.864200
1762668943.002000,-39202.537388,-44411.130250,-46513.028443,-69379.106164
1762668943.008031,-39155.233651,-44376.034290,-46499.677002,-69364.234805
1762668943.012031,-39110.220969,-44329.494238,-46479.079872,-69348.976016
1762668943.008031,-39131.581783,-44344.753027,-46483.274549,-69354.698062
1762668943.012031,-39190.329611,-44401.209801,-46499.297023,-69374.531507
1762668943.018136,-39221.990854,-44435.925782,-46511.504799,-69383.688271
1762668943.022136,-39160.955697,-44387.478381,-46495.102346,-69366.902113
1762668943.018136,-39107.549936,-44331.401587,-46480.223536,-69352.403283
1762668943.022136,-39142.265916,-44364.970177,-46490.523964,-69363.847375
1762668943.038374,-39209.783077,-44416.852295,-46509.977430,-69378.346205
1762668943.042374,-39230.003953,-44439.740479,-46519.134194,-69384.828210
1762668943.038374,-39172.019809,-44391.293079,-46495.862305,-69367.662072
1762668943.042374,-39136.543870,-44361.919165,-46478.696167,-69357.365370
1762668943.048488,-39149.895310,-44368.024915,-46486.709267,-69359.652698
1762668943.052488,-39198.722690,-44408.839196,-46499.297023,-69373.771548
1762668943.048488,-39219.703525,-44430.583715,-46508.453786,-69381.013513
1762668943.052488,-39170.492440,-44402.737170,-46497.009695,-69371.476769
1762668943.078872,-39114.035666,-44348.567724,-46472.974122,-69352.403283
1762668943.082872,-39126.623422,-44353.526086,-46473.357826,-69352.023304
1762668943.088907,-39191.856980,-44408.459216,-46497.009695,-69369.956851
1762668943.092906,-39220.083505,-44439.356774,-46512.268484,-69379.106164
1762668943.096907,-39158.284664,-44384.427369,-46490.523964,-69356.985390
1762668943.100907,-39099.540561,-44326.063246,-46466.872096,-69338.671863
1762668943.088907,-39135.396481,-44356.580824,-46480.223536,-69353.550673
1762668943.092906,-39185.751230,-44404.264539,-46501.584351,-69369.189441
1762668943.099146,-39202.917367,-44422.574341,-46508.070081,-69370.336831
1762668943.103146,-39152.182639,-44371.075928,-46491.667628,-69347.828627
1762668943.109246,-39118.994027,-44345.136732,-46484.418213,-69342.106581
1762668943.113246,-39136.923850,-44354.289770,-46483.654529,-69347.828627
1762668943.109246,-39188.042283,-44394.344091,-46505.019069,-69364.614785
1762668943.113246,-39210.930467,-44417.232275,-46517.606825,-69371.476769
1762668943.129477,-39161.339402,-44382.520020,-46502.731740,-69356.985390
1762668943.133477,-39118.230343,-44337.507337,-46484.038234,-69345.541298
1762668943.139572,-39139.211178,-44346.660376,-46487.089247,-69350.495934
1762668943.143572,-39196.815342,-44403.880835,-46506.926417,-69368.429482
1762668943.147573,-39228.096604,-44439.740479,-46518.750489,-69379.873574
1762668943.151572,-39165.534079,-44387.098402,-46501.204371,-69357.365370
1762668943.139572,-39102.591574,-44329.494238,-46472.210437,-69339.819252
1762668943.143572,-39129.674435,-44356.960803,-46476.408839,-69350.883365
1762668943.159839,-39170.876145,-44398.922473,-46488.996595,-69361.940026
1762668943.163839,-39185.751230,-44414.944947,-46493.194997,-69365.754724
1762668943.159839,-39130.821824,-44361.155480,-46477.172524,-69349.735975
1762668943.163839,-39096.489549,-44337.507337,-46462.293714,-69346.301258
1762668943.169972,-39110.220969,-44342.465699,-46462.293714,-69348.976016
1762668943.173972,-39156.377316,-44379.848987,-46480.223536,-69358.512759
1762668943.169972,-39180.792868,-44403.117150,-46490.903944,-69363.087416
1762668943.173972,-39137.303829,-44374.126941,-46481.367201,-69351.643324
1762668943.190232,-39083.518088,-44324.155897,-46460.766345,-69333.329797
1762668943.194232,-39102.211595,-44332.165271,-46464.964747,-69337.144494
1762668943.190232,-39164.390415,-44386.714697,-46486.325562,-69355.458021
1762668943.194232,-39199.102670,-44421.046972,-46503.875405,-69370.336831
1762668943.200380,-39140.738547,-44372.219592,-46486.709267,-69353.550673
1762668943.204380,-39078.176022,-44322.248548,-46467.635781,-69336.764514
1762668943.200380,-39108.313620,-44352.002442,-46481.367201,-69350.115955
1762668943.204380,-39184.227586,-44394.727796,-46500.824392,-69365.374744
1762668943.220667,-39205.208421,-44417.232275,-46504.639089,-69371.096790
1762668943.224667,-39146.460593,-44374.126941,-46490.523964,-69352.403283
1762668943.230788,-39106.786251,-44350.858778,-46482.510865,-69345.161319
1762668943.234788,-39131.581783,-44356.197119,-46484.038234,-69348.208606
1762668943.230788,-39187.278599,-44395.871460,-46499.677002,-69360.800087
1762668943.234788,-39210.546762,-44418.759644,-46511.121094,-69367.282093
1762668943.251293,-39147.604257,-44377.941638,-46493.194997,-69352.023304
1762668943.255293,-39090.767503,-44325.679541,-46471.450478,-69334.097207
1762668943.251293,-39107.549936,-44328.730553,-46471.450478,-69336.384535
1762668943.255293,-39162.099361,-44380.612671,-46488.232911,-69352.790713
1762668943.271567,-39188.802242,-44409.602880,-46496.625990,-69360.420108
1762668943.275567,-39128.150791,-44360.011816,-46477.932483,-69339.051843
1762668943.271567,-39071.694016,-44306.226075,-46456.951648,-69321.505725
1762668943.275567,-39106.406271,-44337.887317,-46466.108412,-69335.237145
1762668943.281668,-39157.904685,-44378.705323,-46484.801918,-69352.790713
1762668943.285668,-39173.543453,-44396.635145,-46491.287649,-69357.745349
1762668943.281668,-39115.943015,-44347.044080,-46471.830457,-69337.911904
1762668943.285668,-39084.661752,-44322.628528,-46461.530030,-69331.809878
1762668943.293803,-39110.984653,-44333.308935,-46464.964747,-69336.004555
1762668943.297803,-39154.089987,-44375.270605,-46480.603516,-69349.355996
1762668943.293803,-39172.019809,-44401.593506,-46489.380300,-69356.605411
1762668943.297803,-39124.716073,-44372.983277,-46482.510865,-69345.541298
1762668943.311927,-39081.610739,-44326.063246,-46465.728432,-69331.042469
1762668943.315927,-39113.271981,-44334.072620,-46469.543129,-69333.717227
1762668943.332141,-39181.556553,-44389.765710,-46490.140259,-69354.310632
1762668943.336141,-39211.310446,-44421.810657,-46508.453786,-69361.560047
1762668943.340142,-39146.080613,-44366.497546,-46482.894570,-69339.439273
1762668943.344141,-39085.045457,-44311.564416,-46460.386366,-69321.885705
1762668943.332141,-39118.230343,-44342.081994,-46469.923109,-69332.189858
1762668943.336141,-39161.339402,-44381.756335,-46485.945582,-69346.301258
1762668943.340142,-39179.649204,-44392.820448,-46491.287649,-69349.735975
1762668943.344141,-39110.984653,-44338.651001,-46468.395740,-69329.515100
1762668943.362485,-39072.837681,-44319.193810,-46455.428004,-69323.033094
1762668943.366485,-39087.332785,-44323.008507,-46459.622681,-69325.700402
1762668943.362485,-39140.358567,-44360.395521,-46476.788819,-69341.346622
1762668943.366485,-39171.256125,-44392.056763,-46488.616616,-69353.930652
1762668943.362485,-39118.614048,-44359.248132,-46471.450478,-69342.866540
1762668943.366485,-39061.009884,-44306.606054,-46451.613307,-69323.413074
1762668943.372566,-39087.712765,-44316.906482,-46459.242702,-69323.033094
1762668943.376565,-39154.469967,-44373.363256,-46483.274549,-69340.579212
1762668943.382669,-39181.936532,-44404.264539,-46495.862305,-69351.263344
1762668943.386669,-39123.192430,-44354.673475,-46478.316188,-69332.569838
1762668943.382669,-39071.310312,-44300.120324,-46456.951648,-69314.643741
1762668943.386669,-39110.600948,-44337.507337,-46466.872096,-69331.042469
1762668943.393836,-39165.914059,-44385.191053,-46489.380300,-69350.495934
1762668943.397836,-39184.227586,-44402.737170,-46497.009695,-69356.217980
1762668943.402873,-39127.767086,-44356.197119,-46477.552503,-69337.144494
1762668943.406873,-39097.633213,-44331.785291,-46467.635781,-69330.282509
1762668943.412973,-39117.850363,-44337.123632,-46465.344727,-69331.422448
1762668943.416973,-39165.534079,-44378.321618,-46480.987221,-69344.393909
1762668943.423109,-39183.080196,-44401.973486,-46492.431313,-69351.643324
1762668943.427109,-39142.645895,-44369.932264,-46477.932483,-69342.106581
1762668943.431109,-39091.527462,-44318.813831,-46459.622681,-69325.320423
1762668943.435109,-39099.540561,-44317.670166,-46456.191689,-69323.793054
1762668943.433193,-39159.048349,-44373.363256,-46475.645155,-69338.291883
1762668943.437193,-39192.616940,-44401.209801,-46488.616616,-69345.161319
1762668943.453447,-39129.674435,-44343.229383,-46469.159424,-69327.227771
1762668943.457447,-39069.402963,-44286.388904,-46449.705958,-69308.534265
1762668943.453447,-39104.878902,-44322.628528,-46463.057399,-69321.125746
1762668943.457447,-39156.761020,-44360.011816,-46476.788819,-69339.051843
1762668943.461447,-39170.876145,-44382.136315,-46485.565603,-69345.161319
1762668943.465447,-39109.077305,-44334.072620,-46468.395740,-69328.755140
1762668943.473742,-39071.694016,-44308.897108,-46458.099037,-69318.838418
1762668943.477742,-39102.591574,-44322.248548,-46463.437378,-69323.033094
1762668943.473742,-39168.968797,-44377.177954,-46488.616616,-69343.633950
1762668943.477742,-39194.144309,-44413.037598,-46508.833766,-69356.605411
1762668943.483893,-39146.080613,-44374.890625,-46497.009695,-69345.161319
1762668943.487893,-39098.776877,-44329.114258,-46476.408839,-69331.042469
1762668943.483893,-39118.614048,-44338.651001,-46479.839832,-69338.291883
1762668943.487893,-39180.792868,-44399.686158,-46501.204371,-69358.512759
1762668943.504113,-39197.579026,-44427.152723,-46508.453786,-69366.142154
1762668943.508113,-39140.358567,-44381.376356,-46488.616616,-69349.355996
1762668943.504113,-39093.054831,-44332.545251,-46468.779445,-69335.237145
1762668943.508113,-39135.396481,-44368.024915,-46482.130885,-69349.355996
1762668943.514251,-39187.658578,-44408.459216,-46500.060707,-69363.087416
1762668943.518251,-39203.301072,-44422.574341,-46509.213746,-69360.800087
1762668943.514251,-39138.831198,-44369.548559,-46486.709267,-69340.959191
1762668943.518251,-39103.735238,-44344.373047,-46476.408839,-69337.531924
1762668943.534485,-39125.479758,-44352.766126,-46479.459852,-69341.346622
1762668943.538485,-39182.700217,-44388.242066,-46495.102346,-69353.930652
1762668943.534485,-39196.431637,-44412.273914,-46501.204371,-69357.745349
1762668943.538485,-39149.895310,-44382.900000,-46491.287649,-69347.828627
1762668943.554696,-39092.674851,-44334.452599,-46472.594142,-69334.097207
1762668943.558696,-39117.086679,-44343.229383,-46473.737806,-69337.531924
1762668943.554696,-39178.121835,-44401.209801,-46498.153359,-69356.217980
1762668943.558696,-39209.023118,-44429.820031,-46507.690102,-69364.614785
1762668943.564806,-39148.747921,-44379.469007,-46488.616616,-69349.735975
1762668943.568806,-39090.003818,-44329.877943,-46471.830457,-69332.189858
1762668943.564806,-39133.489132,-44362.682849,-46485.181898,-69345.541298
1762668943.568806,-39194.907993,-44404.644519,-46505.019069,-69360.800087
1762668943.575010,-39214.745164,-44426.769018,-46517.990530,-69366.142154
1762668943.579010,-39154.853672,-44372.219592,-46497.389674,-69345.161319
1762668943.595215,-39112.128317,-44346.660376,-46486.709267,-69337.531924
1762668943.599215,-39130.058140,-44356.580824,-46490.140259,-69340.959191
1762668943.595215,-39185.371250,-44396.251440,-46504.639089,-69352.790713
1762668943.599215,-39203.301072,-44418.759644,-46511.121094,-69360.032678
1762668943.605328,-39137.303829,-44374.126941,-46491.287649,-69344.773889
1762668943.609328,-39092.291147,-44327.206910,-46472.974122,-69328.375161
1762668943.605328,-39113.655686,-44332.928956,-46478.696167,-69330.662489
1762668943.609328,-39175.450802,-44388.242066,-46499.297023,-69348.208606
1762668943.625554,-39204.061031,-44415.708631,-46511.504799,-69353.170693
1762668943.629554,-39148.747921,-44369.932264,-46495.862305,-69333.329797
1762668943.625554,-39096.489549,-44313.471764,-46471.450478,-69314.643741
1762668943.629554,-39133.109152,-44346.280396,-46477.172524,-69329.135120
1762668943.645780,-39180.412889,-44390.913099,-46497.389674,-69344.013929
1762668943.649780,-39191.473275,-44408.839196,-46507.306397,-69348.588586
1762668943.655887,-39139.974862,-44359.248132,-46489.380300,-69331.422448
1762668943.659887,-39108.313620,-44336.359948,-46475.645155,-69326.847792
1762668943.663888,-39133.489132,-44346.280396,-46477.552503,-69332.189858
1762668943.667887,-39183.080196,-44388.622046,-46495.482326,-69346.681237
1762668943.655887,-39201.010019,-44416.468590,-46509.977430,-69355.078042
1762668943.659887,-39153.710008,-44385.571033,-46499.297023,-69341.346622
1762668943.666042,-39102.971554,-44335.979968,-46482.894570,-69328.375161
1762668943.670042,-39118.230343,-44338.651001,-46484.418213,-69330.282509
1762668943.666042,-39178.505540,-44397.015125,-46503.875405,-69350.115955
1762668943.670042,-39205.588400,-44423.718005,-46517.226845,-69356.985390
1762668943.696382,-39151.418954,-44374.506921,-46501.584351,-69339.051843
1762668943.700382,-39097.249508,-44322.628528,-46481.747180,-69323.033094
1762668943.696382,-39134.252816,-44359.631836,-46492.431313,-69336.384535
1762668943.700382,-39177.358150,-44396.251440,-46502.731740,-69347.068667
1762668943.704382,-39194.144309,-44408.459216,-46507.690102,-69350.115955
1762668943.708382,-39128.530771,-44352.766126,-46488.996595,-69329.135120
1762668943.716539,-39093.434811,-44321.864843,-46482.510865,-69317.311049
1762668943.720539,-39117.470384,-44330.257922,-46481.367201,-69318.838418
1762668943.716539,-39167.061448,-44371.075928,-46499.677002,-69332.569838
1762668943.720539,-39191.473275,-44397.015125,-46509.977430,-69341.346622
1762668943.736814,-39144.173265,-44355.433434,-46495.862305,-69326.847792
1762668943.740814,-39097.633213,-44312.328100,-46477.932483,-69313.116372
1762668943.736814,-39112.892002,-44324.155897,-46479.459852,-69318.071008
1762668943.740814,-39178.121835,-44382.520020,-46502.348036,-69339.051843
1762668943.746916,-39207.875729,-44413.037598,-46514.935791,-69347.068667
1762668943.750916,-39141.882211,-44363.062829,-46495.102346,-69328.375161
1762668943.746916,-39088.476449,-44310.804456,-46474.881470,-69312.736392
1762668943.750916,-39133.489132,-44353.909791,-46489.380300,-69329.515100
1762668943.757096,-39186.134934,-44400.066137,-46511.884779,-69348.588586
1762668943.761096,-39202.917367,-44421.430677,-46519.514173,-69355.838001
1762668943.757096,-39146.080613,-44371.455908,-46502.348036,-69339.819252
1762668943.761096,-39107.549936,-44347.044080,-46491.287649,-69330.662489
1762668943.767200,-39135.396481,-44362.682849,-46495.862305,-69336.384535
1762668943.771200,-39183.843881,-44404.264539,-46510.361135,-69351.643324
1762668943.777322,-39194.907993,-44429.060072,-46519.134194,-69358.512759
1762668943.781322,-39143.409580,-44395.487756,-46510.741115,-69345.921278
1762668943.789356,-39107.933640,-44347.044080,-46493.194997,-69331.809878
1762668943.793355,-39121.285081,-44352.766126,-46492.811292,-69334.097207
1762668943.789356,-39180.792868,-44409.986585,-46514.555812,-69352.023304
1762668943.793355,-39195.671678,-44426.769018,-46524.472535,-69355.458021
1762668943.798432,-39127.767086,-44370.692223,-46502.348036,-69333.717227
1762668943.802432,-39073.981345,-44311.948121,-46476.788819,-69321.125746
1762668943.798432,-39105.262607,-44340.938330,-46484.418213,-69333.717227
1762668943.802432,-39147.987962,-44376.034290,-46495.862305,-69340.959191
1762668943.828732,-39165.154099,-44391.673058,-46505.019069,-69343.253970
1762668943.832731,-39101.827890,-44342.081994,-46484.801918,-69325.320423
1762668943.828732,-39069.402963,-44316.142797,-46471.450478,-69319.598377
1762668943.832731,-39089.620113,-44325.679541,-46476.025134,-69322.653115
1762668943.828732,-39148.747921,-44368.784875,-46495.482326,-69337.531924
1762668943.832731,-39180.792868,-44406.931847,-46513.028443,-69353.550673
1762668943.848939,-39125.859737,-44369.548559,-46496.246010,-69339.439273
1762668943.852939,-39075.888693,-44325.299561,-46474.881470,-69325.700402
1762668943.848939,-39101.064205,-44335.979968,-46478.316188,-69331.422448
1762668943.852939,-39180.412889,-44405.024499,-46508.070081,-69354.310632
1762668943.859054,-39196.051657,-44433.634728,-46521.041542,-69366.142154
1762668943.863054,-39130.821824,-44387.478381,-46503.491700,-69350.115955
1762668943.859054,-39094.582200,-44340.938330,-46482.510865,-69334.857166
1762668943.863054,-39137.303829,-44385.951012,-46494.718641,-69351.263344
1762668943.889530,-39184.987545,-44427.532703,-46515.699476,-69365.374744
1762668943.893530,-39205.588400,-44446.606189,-46524.472535,-69368.049502
1762668943.897530,-39136.543870,-44396.635145,-46509.977430,-69346.681237
1762668943.901530,-39099.156857,-44362.682849,-46495.862305,-69335.624576
1762668943.894660,-39121.285081,-44365.733862,-46497.389674,-69337.144494
1762668943.898660,-39170.112461,-44399.686158,-46511.121094,-69350.115955
1762668943.894660,-39192.236960,-44427.152723,-46522.185206,-69359.272718
1762668943.898660,-39135.780185,-44387.098402,-46508.453786,-69346.681237
1762668943.909863,-39087.332785,-44339.794666,-46489.380300,-69334.097207
1762668943.913863,-39102.211595,-44344.753027,-46487.852931,-69339.051843
1762668943.909863,-39159.812033,-44398.158789,-46503.491700,-69356.605411
1762668943.913863,-39179.649204,-44418.375939,-46513.412148,-69360.420108
1762668943.930045,-39119.377732,-44368.024915,-46498.917043,-69336.384535
1762668943.934045,-39068.259299,-44316.526502,-46483.654529,-69318.458438
1762668943.940176,-39107.549936,-44349.331409,-46494.718641,-69334.477186
1762668943.944176,-39154.469967,-44386.714697,-46510.741115,-69346.301258
1762668943.940176,-39179.265499,-44409.602880,-46520.657837,-69351.263344
1762668943.944176,-39130.821824,-44366.497546,-46505.399048,-69334.857166
1762668943.950437,-39098.396897,-44337.507337,-46495.862305,-69327.995181
1762668943.954437,-39127.387106,-44353.526086,-46500.440687,-69335.237145
1762668943.950437,-39185.371250,-44400.066137,-46518.370509,-69350.115955
1762668943.954437,-39208.259434,-44433.254749,-46528.287232,-69358.512759
1762668943.970698,-39147.987962,-44392.820448,-46508.833766,-69342.106581
1762668943.974698,-39096.869528,-44339.030981,-46489.760280,-69318.838418
1762668943.970698,-39124.336094,-44350.475073,-46493.574977,-69319.598377
1762668943.974698,-39185.751230,-44414.561242,-46515.699476,-69343.633950
1762668943.980799,-39193.380624,-44427.532703,-46524.856240,-69347.828627
1762668943.984799,-39131.581783,-44370.692223,-46504.639089,-69326.467812
1762668943.980799,-39090.383798,-44320.341200,-46485.565603,-69313.116372
1762668943.984799,-39123.572409,-44352.766126,-46499.677002,-69326.847792
1762668944.001076,-39172.783494,-44389.005750,-46519.134194,-69337.144494
1762668944.005076,-39187.658578,-44408.079237,-46524.472535,-69344.013929
1762668944.001076,-39119.757712,-44356.197119,-46501.968056,-69324.560463
1762668944.005076,-39079.703391,-44328.350574,-46488.996595,-69314.643741
1762668944.021325,-39104.118943,-44335.979968,-46490.903944,-69318.071008
1762668944.025325,-39152.562618,-44373.746961,-46506.546438,-69331.809878
1762668944.021325,-39176.598191,-44408.079237,-46519.897878,-69342.486560
1762668944.025325,-39128.914475,-44371.455908,-46509.977430,-69331.042469
1762668944.031487,-39080.467075,-44324.535877,-46493.574977,-69318.458438
1762668944.035487,-39101.447910,-44339.414686,-46498.917043,-69322.273135
1762668944.031487,-39175.070822,-44405.024499,-46522.185206,-69344.773889
1762668944.035487,-39197.959006,-44429.060072,-46534.772962,-69353.930652
1762668944.041596,-39137.687534,-44384.043664,-46519.134194,-69336.004555
1762668944.045596,-39092.674851,-44334.836304,-46497.769654,-69320.745766
1762668944.061838,-39130.058140,-44374.126941,-46508.453786,-69334.857166
1762668944.065838,-39185.371250,-44415.324926,-46523.328871,-69347.448647
1762668944.071925,-39201.010019,-44435.542077,-46531.341970,-69351.263344
1762668944.075925,-39149.511606,-44398.542494,-46522.565186,-69334.857166
1762668944.071925,-39111.748338,-44370.692223,-46513.412148,-69328.375161
1762668944.075925,-39145.316929,-44388.242066,-46513.028443,-69340.959191
1762668944.071925,-39203.681052,-44429.060072,-46533.629298,-69356.605411
1762668944.075925,-39231.147617,-44459.957629,-46546.600759,-69361.560047
1762668944.082079,-39177.358150,-44424.481690,-46534.009278,-69347.448647
1762668944.086079,-39117.086679,-44369.168580,-46507.306397,-69327.607751
1762668944.092196,-39125.479758,-44368.784875,-46502.348036,-69329.515100
1762668944.096196,-39186.134934,-44429.440051,-46521.421522,-69349.735975
1762668944.112447,-39196.431637,-44447.369874,-46531.721950,-69351.643324
1762668944.116446,-39132.345468,-44389.385730,-46513.028443,-69331.042469
1762668944.112447,-39071.694016,-44331.785291,-46490.903944,-69311.589003
1762668944.116446,-39107.549936,-44358.488172,-46501.204371,-69321.885705
1762668944.112447,-39158.284664,-44395.487756,-46516.083181,-69335.624576
1762668944.116446,-39173.927158,-44410.366565,-46512.648463,-69338.291883
1762668944.122544,-39114.415646,-44366.497546,-46494.718641,-69321.125746
1762668944.126544,-39081.610739,-44344.753027,-46491.287649,-69317.311049
1762668944.132641,-39111.364633,-44360.775501,-46497.769654,-69324.940443
1762668944.136641,-39165.914059,-44401.593506,-46513.412148,-69336.384535
1762668944.132641,-39195.287973,-44435.162097,-46528.287232,-69345.921278
1762668944.136641,-39147.987962,-44401.973486,-46519.514173,-69336.764514
1762668944.142829,-39104.118943,-44357.340783,-46500.440687,-69323.413074
1762668944.146829,-39121.285081,-44365.353882,-46503.875405,-69326.847792
1762668944.152911,-39192.616940,-44429.440051,-46526.379883,-69347.068667
1762668944.156911,-39218.559861,-44454.999268,-46537.823975,-69352.790713
1762668944.162991,-39164.770395,-44407.315552,-46524.472535,-69338.671863
1762668944.166991,-39120.901376,-44357.724488,-46506.926417,-69324.180484
1762668944.173160,-39157.904685,-44394.727796,-46517.226845,-69335.237145
1762668944.177160,-39212.074131,-44439.740479,-46534.009278,-69352.023304
1762668944.173160,-39230.763912,-44455.762953,-46540.878713,-69356.217980
1762668944.177160,-39167.441428,-44403.880835,-46521.421522,-69338.671863
1762668944.203455,-39126.243442,-44363.826513,-46506.926417,-69326.847792
1762668944.207455,-39139.211178,-44370.312244,-46508.453786,-69329.902530
1762668944.203455,-39177.358150,-44407.695532,-46518.750489,-69341.726601
1762668944.207455,-39201.773703,-44436.305761,-46528.670937,-69350.883365
1762668944.203455,-39144.933224,-44390.913099,-46515.699476,-69336.004555
1762668944.207455,-39091.527462,-44340.938330,-46498.153359,-69321.125746
1762668944.203455,-39114.799351,-44350.095093,-46499.297023,-69323.033094
1762668944.207455,-39180.792868,-44413.037598,-46525.619924,-69344.393909
1762668944.223764,-39196.051657,-44430.583715,-46532.485634,-69351.263344
1762668944.227764,-39129.674435,-44377.561659,-46513.028443,-69334.857166
1762668944.223764,-39084.661752,-44331.785291,-46494.718641,-69318.458438
1762668944.227764,-39125.859737,-44370.312244,-46509.213746,-69332.569838
1762668944.233907,-39175.070822,-44411.893934,-46527.907252,-69349.355996
1762668944.237907,-39196.051657,-44426.389039,-46538.587660,-69352.403283
1762668944.233907,-39145.696908,-44384.807348,-46522.948891,-69336.384535
1762668944.237907,-39115.563035,-44361.539185,-46510.741115,-69328.375161
1762668944.254057,-39142.265916,-44375.270605,-46510.361135,-69332.949817
1762668944.258057,-39187.658578,-44414.944947,-46521.421522,-69345.161319
1762668944.264217,-39210.546762,-44445.842505,-46526.763588,-69353.170693
1762668944.268217,-39148.747921,-44393.964112,-46502.731740,-69331.422448
1762668944.272217,-39099.156857,-44346.280396,-46490.523964,-69317.311049
1762668944.276217,-39134.252816,-44363.446534,-46504.639089,-69329.135120
1762668944.264217,-39197.195321,-44423.718005,-46523.328871,-69343.253970
1762668944.268217,-39205.968380,-44432.491064,-46529.050916,-69339.051843
1762668944.284428,-39144.933224,-44376.034290,-46514.555812,-69324.180484
1762668944.288428,-39094.962180,-44330.637902,-46499.677002,-69311.209023
1762668944.305153,-39134.252816,-44363.062829,-46515.319496,-69323.413074
1762668944.309153,-39188.422263,-44399.302453,-46529.050916,-69334.097207
1762668944.315261,-39203.681052,-44418.375939,-46535.156667,-69338.671863
1762668944.319261,-39140.358567,-44373.746961,-46517.226845,-69323.793054
1762668944.323261,-39101.064205,-44340.558350,-46502.731740,-69313.496351
1762668944.327261,-39126.623422,-44354.673475,-46508.453786,-69317.691028
1762668944.315261,-39174.307138,-44393.964112,-46522.565186,-69327.995181
1762668944.319261,-39199.486375,-44430.203736,-46534.392983,-69339.819252
1762668944.325401,-39149.131626,-44388.622046,-46521.805227,-69327.607751
1762668944.329401,-39099.540561,-44341.702014,-46505.399048,-69315.403700
1762668944.325401,-39127.387106,-44358.104467,-46508.833766,-69323.033094
1762668944.329401,-39200.630039,-44429.820031,-46533.249319,-69350.883365
1762668944.345591,-39219.703525,-44451.948255,-46545.453370,-69358.125329
1762668944.349591,-39161.339402,-44402.357191,-46527.527273,-69340.579212
1762668944.345591,-39122.428745,-44361.155480,-46506.926417,-69327.607751
1762668944.349591,-39160.575718,-44395.107776,-46516.083181,-69339.051843
1762668944.355910,-39210.546762,-44436.305761,-46530.194581,-69347.068667
1762668944.359910,-39225.041866,-44449.657202,-46539.731324,-69347.448647
1762668944.355910,-39168.968797,-44394.727796,-46521.421522,-69328.375161
1762668944.359910,-39131.201804,-44358.488172,-46508.070081,-69315.023720
1762668944.376163,-39144.553244,-44362.682849,-46512.268484,-69316.551089
1762668944.380163,-39188.422263,-44394.727796,-46521.805227,-69326.087832
1762668944.376163,-39214.745164,-44426.005334,-46531.721950,-69334.857166
1762668944.380163,-39151.038975,-44382.136315,-46515.699476,-69318.838418
1762668944.395416,-39101.447910,-44329.494238,-46492.811292,-69302.052259
1762668944.399415,-39119.377732,-44336.359948,-46495.102346,-69303.579628
1762668944.406538,-39184.607565,-44397.015125,-46517.990530,-69324.180484
1762668944.410538,-39198.722690,-44415.708631,-46529.814601,-69326.087832
1762668944.414539,-39126.243442,-44363.826513,-46510.741115,-69308.154285
1762668944.418539,-39079.323411,-44319.193810,-46491.667628,-69295.570254
1762668944.416689,-39127.387106,-44360.775501,-46509.977430,-69313.876331
1762668944.420689,-39181.936532,-44401.973486,-46528.287232,-69326.847792
1762668944.436875,-39201.393723,-44421.430677,-46535.156667,-69331.042469
1762668944.440875,-39138.067514,-44377.561659,-46520.657837,-69318.458438
1762668944.436875,-39097.633213,-44344.753027,-46507.306397,-69312.348962
1762668944.440875,-39128.150791,-44364.970177,-46513.792127,-69316.931069
1762668944.447008,-39183.463901,-44405.788183,-46530.958265,-69331.809878
1762668944.451008,-39203.681052,-44436.689466,-46541.638672,-69342.866540
1762668944.447008,-39141.502231,-44392.436743,-46520.277858,-69328.755140
1762668944.451008,-39096.489549,-44347.424060,-46501.204371,-69313.876331
1762668944.457113,-39116.322994,-44349.711388,-46499.677002,-69313.876331
1762668944.461113,-39183.843881,-44421.046972,-46522.948891,-69336.384535
1762668944.465113,-39206.352085,-44441.647828,-46532.485634,-69339.439273
1762668944.469113,-39141.882211,-44390.529394,-46514.555812,-69324.180484
1762668944.467204,-39095.342159,-44346.660376,-46497.769654,-69314.256310
1762668944.471204,-39129.674435,-44379.848987,-46507.306397,-69326.087832
1762668944.487543,-39172.783494,-44416.468590,-46517.606825,-69337.531924
1762668944.491543,-39173.927158,-44424.861670,-46520.277858,-69339.439273
1762668944.495697,-39108.313620,-44375.654310,-46503.491700,-69319.978356
1762668944.499697,-39080.083370,-44342.845678,-46492.811292,-69308.154285
1762668944.503697,-39110.984653,-44358.868152,-46497.769654,-69311.968982
1762668944.507697,-39149.511606,-44393.200427,-46508.833766,-69323.033094
1762668944.497729,-39172.783494,-44422.954321,-46520.657837,-69332.569838
1762668944.501729,-39109.840989,-44374.126941,-46507.306397,-69315.023720
1762668944.507827,-39071.310312,-44323.008507,-46487.852931,-69297.857583
1762668944.511827,-39096.869528,-44334.072620,-46487.472951,-69298.997521
1762668944.507827,-39162.863046,-44402.737170,-46514.555812,-69320.745766
1762668944.511827,-39182.320237,-44421.430677,-46526.379883,-69324.180484
1762668944.517869,-39117.086679,-44365.353882,-46506.162733,-69304.339588
1762668944.521868,-39073.601365,-44319.193810,-46490.523964,-69291.368127
1762668944.538124,-39113.655686,-44356.960803,-46505.019069,-69301.292300
1762668944.542124,-39164.770395,-44395.871460,-46521.041542,-69313.116372
1762668944.538124,-39180.792868,-44416.852295,-46535.156667,-69319.598377
1762668944.542124,-39126.243442,-44374.506921,-46517.606825,-69307.394326
1762668944.548227,-39086.189121,-44338.267297,-46500.060707,-69299.764931
1762668944.552227,-39107.933640,-44355.433434,-46501.204371,-69306.626916
1762668944.548227,-39154.469967,-44398.542494,-46510.741115,-69319.598377
1762668944.552227,-39176.598191,-44427.912682,-46520.277858,-69327.995181
1762668944.568459,-39111.364633,-44375.270605,-46503.875405,-69313.496351
1762668944.572459,-39065.971971,-44329.494238,-46483.654529,-69303.199649
1762668944.568459,-39091.527462,-44343.989342,-46486.325562,-69310.061634
1762668944.572459,-39157.141000,-44410.746545,-46509.977430,-69333.717227
1762668944.578573,-39172.399789,-44425.625354,-46520.277858,-69336.384535
1762668944.582572,-39117.086679,-44374.890625,-46501.584351,-69318.071008
1762668944.578573,-39071.310312,-44328.350574,-46480.223536,-69299.764931
1762668944.582572,-39106.026292,-44367.641211,-46494.338661,-69312.736392
1762668944.598876,-39157.904685,-44407.695532,-46510.741115,-69327.227771
1762668944.602876,-39160.955697,-44416.852295,-46514.555812,-69329.515100
1762668944.598876,-39120.521396,-44376.034290,-46502.731740,-69315.783679
1762668944.602876,-39086.569101,-44345.516711,-46492.047608,-69307.394326
1762668944.608906,-39106.406271,-44354.673475,-46487.852931,-69305.486977
1762668944.612906,-39153.326303,-44388.242066,-46505.399048,-69317.691028
1762668944.608906,-39181.936532,-44418.759644,-46522.948891,-69322.653115
1762668944.612906,-39127.387106,-44374.126941,-46509.977430,-69304.719567
1762668944.629218,-39082.754403,-44328.730553,-46493.194997,-69291.755557
1762668944.633218,-39105.262607,-44338.651001,-46496.625990,-69295.950234
1762668944.629218,-39174.307138,-44408.079237,-46525.619924,-69319.218397
1762668944.633218,-39193.764329,-44432.111084,-46533.629298,-69326.847792
1762668944.639297,-39131.965488,-44379.848987,-46513.792127,-69309.681654
1762668944.643297,-39086.952806,-44334.836304,-46495.862305,-69295.950234
1762668944.659561,-39119.377732,-44366.877526,-46505.782753,-69310.441613
1762668944.663561,-39170.876145,-44405.408204,-46523.328871,-69319.598377
1762668944.659561,-39184.607565,-44421.810657,-46529.050916,-69322.653115
1762668944.663561,-39117.470384,-44377.177954,-46507.690102,-69307.014346
1762668944.669651,-39077.032357,-44343.989342,-46492.431313,-69297.090173
1762668944.673651,-39098.396897,-44364.210218,-46494.338661,-69303.199649
1762668944.679747,-39151.418954,-44401.209801,-46508.453786,-69318.838418
1762668944.683747,-39168.968797,-44434.782118,-46522.185206,-69331.422448
1762668944.689879,-39117.470384,-44388.622046,-46503.491700,-69313.116372
1762668944.693879,-39083.518088,-44345.136732,-46484.801918,-69297.857583
1762668944.689879,-39097.249508,-44344.373047,-46486.709267,-69298.237562
1762668944.693879,-39157.524705,-44410.366565,-46513.028443,-69319.978356
1762668944.700020,-39180.029184,-44432.491064,-46521.041542,-69325.700402
1762668944.704020,-39121.665061,-44379.469007,-46503.875405,-69307.014346
1762668944.700020,-39078.176022,-44331.021607,-46484.801918,-69290.608168
1762668944.704020,-39108.313620,-44360.775501,-46494.338661,-69301.672280
1762668944.720167,-39154.469967,-44399.686158,-46509.213746,-69313.876331
1762668944.724167,-39169.348776,-44408.839196,-46515.699476,-69314.256310
1762668944.720167,-39115.563035,-44363.826513,-46501.968056,-69294.802845
1762668944.724167,-39077.796042,-44330.257922,-46490.903944,-69284.886122
1762668944.730260,-39104.118943,-44342.845678,-46493.574977,-69290.228188
1762668944.734260,-39149.895310,-44382.520020,-46506.926417,-69301.292300
1762668944.730260,-39177.358150,-44422.954321,-46522.565186,-69311.968982
1762668944.734260,-39118.994027,-44380.612671,-46505.399048,-69294.042885
1762668944.750845,-39070.546627,-44325.679541,-46483.654529,-69279.924035
1762668944.754845,-39090.767503,-44329.114258,-46485.945582,-69285.266101
1762668944.760936,-39161.719382,-44396.251440,-46512.268484,-69308.921695
1762668944.764936,-39168.968797,-44411.893934,-46517.226845,-69311.968982
1762668944.771078,-39104.878902,-44361.155480,-46498.153359,-69293.662906
1762668944.775078,-39066.731930,-44322.628528,-46480.603516,-69284.126163
1762668944.781196,-39091.911167,-44350.475073,-46487.089247,-69297.857583
1762668944.785196,-39144.553244,-44397.395104,-46506.162733,-69316.163659
1762668944.781196,-39155.997336,-44416.468590,-46514.555812,-69317.311049
1762668944.785196,-39094.962180,-44372.983277,-46493.574977,-69299.764931
1762668944.796882,-39059.486240,-44336.743653,-46478.316188,-69290.228188
1762668944.800882,-39092.674851,-44345.516711,-46479.079872,-69294.422865
1762668944.797649,-39134.636521,-44379.848987,-46493.954957,-69308.154285
1762668944.801649,-39157.524705,-44419.139624,-46506.546438,-69319.598377
1762668944.813324,-39097.249508,-44368.784875,-46486.709267,-69300.904870
1762668944.817324,-39051.473141,-44314.999133,-46463.821083,-69283.738732
1762668944.813324,-39073.981345,-44322.628528,-46466.108412,-69286.793470
1762668944.817324,-39146.840572,-44391.293079,-46497.009695,-69309.681654
1762668944.827125,-39159.048349,-44408.459216,-46500.060707,-69309.301674
1762668944.831125,-39089.620113,-44351.618737,-46478.696167,-69282.978773
1762668944.828124,-39042.320102,-44306.226075,-46460.006386,-69271.154702
1762668944.832124,-39072.453976,-44336.359948,-46471.830457,-69285.266101
1762668944.834608,-39144.173265,-44377.941638,-46487.852931,-69297.090173
1762668944.838608,-39143.025875,-44387.858361,-46495.102346,-69297.477603
1762668944.834608,-39096.489549,-44347.424060,-46481.747180,-69281.831384
1762668944.838608,-39062.157273,-44313.091785,-46466.108412,-69274.201989
1762668944.864876,-39088.860154,-44325.679541,-46468.015760,-69279.544055
1762668944.868876,-39133.872837,-44366.117567,-46485.945582,-69290.228188
1762668944.864876,-39161.339402,-44406.551868,-46505.782753,-69300.524890
1762668944.868876,-39105.262607,-44363.446534,-46492.431313,-69284.126163
1762668944.864876,-39060.629904,-44314.619154,-46476.788819,-69273.442030
1762668944.868876,-39084.281772,-44325.679541,-46483.274549,-69278.784096
1762668944.884943,-39151.802659,-44394.344091,-46506.546438,-69301.672280
1762668944.888943,-39167.441428,-44408.079237,-46515.699476,-69304.339588
1762668944.884943,-39109.077305,-44352.766126,-46499.677002,-69283.738732
1762668944.888943,-39065.971971,-44310.040772,-46479.079872,-69273.442030
1762668944.901299,-39096.105844,-44338.267297,-46488.616616,-69283.358753
1762668944.905299,-39144.553244,-44379.469007,-46506.546438,-69294.042885
1762668944.904399,-39155.617356,-44390.913099,-46513.792127,-69296.710193
1762668944.908399,-39098.013192,-44346.280396,-46495.482326,-69280.691445
1762668944.916551,-39058.722556,-44313.471764,-46478.696167,-69270.387292
1762668944.920551,-39089.240134,-44324.155897,-46482.510865,-69276.109338
1762668944.917947,-39131.581783,-44358.868152,-46496.625990,-69286.793470
1762668944.921947,-39159.048349,-44400.829822,-46509.213746,-69298.237562
1762668944.932205,-39094.582200,-44348.567724,-46484.418213,-69278.016686
1762668944.936205,-39047.278464,-44307.369739,-46468.395740,-69264.285266
1762668944.932205,-39079.703391,-44318.050146,-46476.025134,-69268.099964
1762668944.936205,-39150.655270,-44380.228966,-46500.060707,-69286.413491
1762668944.939924,-39159.432054,-44392.436743,-46501.968056,-69288.320839
1762668944.943923,-39094.198495,-44339.030981,-46482.130885,-69266.960025
1762668944.939924,-39040.792733,-44298.976660,-46460.766345,-69255.128503
1762668944.943923,-39081.230760,-44331.021607,-46470.686793,-69270.007312
1762668944.964450,-39134.252816,-44370.692223,-46486.325562,-69283.358753
1762668944.968450,-39143.025875,-44383.663684,-46490.903944,-69284.506142
1762668944.973556,-39093.434811,-44342.465699,-46476.025134,-69268.479943
1762668944.977556,-39056.435227,-44304.698706,-46468.395740,-69257.035851
1762668944.981556,-39086.569101,-44316.526502,-46473.357826,-69263.905287
1762668944.985556,-39138.067514,-44353.526086,-46485.945582,-69276.109338
1762668944.973556,-39159.812033,-44395.107776,-46497.009695,-69286.793470
1762668944.977556,-39095.342159,-44343.989342,-46481.747180,-69270.387292
1762668944.983593,-39045.371115,-44294.781983,-46462.293714,-69254.368544
1762668944.987593,-39069.402963,-44304.698706,-46463.057399,-69257.035851
1762668945.010914,-39139.594883,-44369.932264,-46487.089247,-69280.311465
1762668945.014914,-39151.418954,-44377.177954,-46492.811292,-69283.358753
1762668945.017562,-39084.281772,-44322.248548,-46476.788819,-69263.145328
1762668945.021562,-39040.029049,-44284.101576,-46460.386366,-69252.461195
1762668945.025562,-39061.009884,-44310.040772,-46468.779445,-69263.145328
1762668945.029562,-39116.706699,-44355.817139,-46485.181898,-69276.876748
1762668945.017562,-39137.687534,-44366.497546,-46493.574977,-69276.876748
1762668945.021562,-39081.610739,-44327.586889,-46479.459852,-69263.145328
1762668945.027864,-39043.843746,-44295.161963,-46463.057399,-69250.553846
1762668945.031864,-39071.310312,-44305.082411,-46464.581043,-69257.803261
1762668945.037941,-39121.285081,-44353.909791,-46482.510865,-69271.914661
1762668945.041941,-39144.173265,-44391.293079,-46493.194997,-69279.924035
1762668945.058405,-39078.559726,-44335.979968,-46470.303088,-69258.943200
1762668945.062405,-39032.783359,-44297.453016,-46451.229602,-69247.499108
1762668945.058405,-39057.578892,-44307.749718,-46456.191689,-69255.128503
1762668945.062405,-39127.767086,-44374.126941,-46479.839832,-69278.016686
1762668945.058405,-39136.160165,-44385.571033,-46485.945582,-69279.924035
1762668945.062405,-39084.281772,-44337.507337,-46466.108412,-69259.710610
1762668945.068499,-39041.936398,-44297.069311,-46449.322253,-69247.119129
1762668945.072499,-39077.796042,-44326.823205,-46460.766345,-69258.943200
1762668945.078655,-39131.965488,-44366.877526,-46475.645155,-69271.914661
1762668945.082655,-39138.451219,-44380.228966,-46482.130885,-69273.822010
1762668945.078655,-39081.230760,-44341.702014,-46463.437378,-69261.617959
1762668945.082655,-39041.556418,-44305.082411,-46448.562294,-69255.128503
1762668945.099046,-39065.208286,-44317.670166,-46454.284340,-69261.237979
1762668945.103046,-39118.614048,-44356.960803,-46469.543129,-69274.589419
1762668945.109107,-39143.789560,-44390.529394,-46488.996595,-69286.413491
1762668945.113107,-39080.083370,-44338.267297,-46474.117786,-69269.627333
1762668945.117108,-39027.824998,-44294.781983,-46451.229602,-69254.368544
1762668945.121108,-39048.422128,-44304.318726,-46451.229602,-69256.655872
1762668945.119230,-39109.840989,-44368.024915,-46477.932483,-69279.544055
1762668945.123230,-39125.099778,-44384.427369,-46484.038234,-69281.831384
1762668945.119230,-39070.166647,-44331.021607,-46465.728432,-69265.052676
1762668945.123230,-39031.639695,-44295.925647,-46451.993287,-69255.128503
1762668945.149588,-39060.249925,-44319.957495,-46462.673694,-69267.340004
1762668945.153588,-39108.693600,-44363.062829,-46485.565603,-69281.451404
1762668945.149588,-39116.706699,-44372.983277,-46489.760280,-69278.404117
1762668945.153588,-39067.495614,-44331.785291,-46474.117786,-69263.905287
1762668945.149588,-39033.163339,-44291.730970,-46464.964747,-69254.368544
1762668945.153588,-39046.898484,-44302.411377,-46467.252076,-69258.943200
1762668945.149588,-39094.962180,-44346.660376,-46480.223536,-69271.914661
1762668945.153588,-39123.952389,-44384.427369,-46491.667628,-69281.831384
1762668945.169832,-39064.824581,-44329.114258,-46471.450478,-69259.710610
1762668945.173832,-39019.431919,-44284.861535,-46451.229602,-69242.924452
1762668945.169832,-39040.029049,-44291.730970,-46449.322253,-69244.071841
1762668945.173832,-39100.684226,-44350.858778,-46469.159424,-69264.665246
1762668945.190055,-39111.364633,-44363.062829,-46474.501491,-69267.340004
1762668945.194055,-39039.269090,-44303.175062,-46451.229602,-69243.304431
1762668945.190055,-39006.080478,-44265.028089,-46432.156116,-69231.860340
1762668945.194055,-39041.556418,-44294.398278,-46445.127577,-69242.164493
1762668945.201446,-39087.712765,-44334.836304,-46464.201063,-69253.988564
1762668945.205446,-39104.118943,-44348.567724,-46465.344727,-69257.423282
1762668945.201446,-39051.856846,-44310.040772,-46447.034925,-69244.451821
1762668945.205446,-39012.182504,-44273.417443,-46435.210854,-69234.915078
1762668945.212842,-39033.927023,-44287.152588,-46440.169215,-69241.777062
1762668945.216842,-39081.990719,-44331.021607,-46457.335353,-69255.128503
1762668945.218151,-39108.313620,-44371.455908,-46473.357826,-69267.340004
1762668945.222151,-39054.527879,-44320.341200,-46458.858997,-69253.608584
1762668945.234524,-39012.946188,-44278.379530,-46443.220228,-69243.684411
1762668945.238523,-39045.751095,-44297.832996,-46452.376992,-69252.841175
1762668945.244586,-39122.808725,-44368.404895,-46482.894570,-69277.256727
1762668945.248586,-39131.965488,-44384.807348,-46491.667628,-69281.831384
1762668945.244586,-39062.157273,-44335.599989,-46475.645155,-69266.192615
1762668945.248586,-39033.163339,-44305.462390,-46464.581043,-69260.090590
1762668945.254716,-39067.495614,-44332.928956,-46476.408839,-69272.294641
1762668945.258716,-39107.169956,-44371.455908,-46493.574977,-69282.218814
1762668945.254716,-39113.655686,-44373.363256,-46491.287649,-69276.109338
1762668945.258716,-39071.310312,-44334.452599,-46477.172524,-69258.563221
1762668945.285174,-39032.783359,-44295.161963,-46464.201063,-69247.119129
1762668945.289174,-39049.185812,-44303.555042,-46471.066773,-69253.221154
1762668945.285174,-39098.776877,-44337.123632,-46485.181898,-69264.285266
1762668945.289174,-39118.614048,-44366.497546,-46493.954957,-69271.534681
1762668945.293175,-39052.236825,-44311.948121,-46470.686793,-69248.646498
1762668945.297174,-39008.367807,-44265.788049,-46452.376992,-69231.480360
1762668945.285174,-39035.834372,-44277.232140,-46451.229602,-69232.627749
1762668945.289174,-39094.962180,-44339.030981,-46469.159424,-69252.081215
1762668945.305347,-39093.054831,-44343.229383,-46469.543129,-69250.173867
1762668945.309347,-39022.862911,-44282.574207,-46448.562294,-69225.758314
1762668945.305347,-39004.553109,-44258.158654,-46442.456543,-69222.323596
1762668945.309347,-39042.700082,-44295.925647,-46453.900635,-69239.489734
1762668945.315518,-39090.383798,-44332.928956,-46463.821083,-69249.793887
1762668945.319518,-39111.364633,-44345.136732,-46470.686793,-69251.313806
1762668945.315518,-39062.537253,-44315.762818,-46463.057399,-69242.544472
1762668945.319518,-39011.418819,-44279.139489,-46448.178589,-69230.332971
1762668945.335727,-39040.792733,-44297.453016,-46453.900635,-69237.582386
1762668945.339727,-39101.064205,-44347.044080,-46471.450478,-69256.275892
1762668945.335727,-39131.201804,-44389.765710,-46486.709267,-69272.294641
1762668945.339727,-39064.824581,-44337.887317,-46469.543129,-69253.221154
1762668945.345883,-39025.917649,-44298.212975,-46451.993287,-69242.164493
1762668945.349883,-39051.473141,-44313.855469,-46459.622681,-69251.701236
1762668945.366133,-39117.470384,-44375.654310,-46487.089247,-69271.914661
1762668945.370133,-39128.914475,-44388.622046,-46494.718641,-69276.496768
1762668945.376314,-39075.125009,-44335.599989,-46479.079872,-69257.035851
1762668945.380314,-39036.978036,-44298.596680,-46467.252076,-69244.451821
1762668945.376314,-39064.824581,-44318.813831,-46477.932483,-69254.748523
1762668945.380314,-39112.892002,-44359.248132,-46494.338661,-69265.812635
1762668945.376314,-39120.521396,-44365.353882,-46498.917043,-69265.052676
1762668945.380314,-39064.064622,-44329.877943,-46482.894570,-69250.553846
1762668945.397065,-39028.204978,-44290.967286,-46465.344727,-69236.822426
1762668945.401065,-39043.843746,-44297.453016,-46464.581043,-69241.017103
1762668945.397065,-39084.281772,-44330.637902,-46475.645155,-69250.173867
1762668945.401065,-39121.285081,-44369.932264,-46492.047608,-69261.997938
1762668945.407204,-39051.856846,-44311.948121,-46469.543129,-69245.211780
1762668945.411204,-39003.029466,-44265.408069,-46450.849622,-69230.720401
1762668945.407204,-39029.732347,-44281.810522,-46455.807984,-69233.387709
1762668945.411204,-39100.304246,-44351.238757,-46478.696167,-69256.275892
1762668945.427459,-39109.077305,-44361.919165,-46481.367201,-69257.035851
1762668945.431459,-39044.991136,-44305.842370,-46461.150050,-69234.147668
1762668945.437621,-39006.460458,-44272.273779,-46441.312879,-69222.323596
1762668945.441621,-39044.227451,-44305.462390,-46450.849622,-69235.675037
1762668945.445621,-39096.869528,-44348.951429,-46464.964747,-69248.266518
1762668945.449621,-39110.984653,-44361.539185,-46467.635781,-69250.553846
1762668945.437621,-39055.287838,-44323.772192,-46457.715333,-69236.442447
1762668945.441621,-39012.182504,-44284.101576,-46443.600208,-69223.850965
1762668945.447731,-39047.658443,-44298.212975,-46448.178589,-69232.240319
1762668945.451731,-39097.633213,-44336.359948,-46462.293714,-69244.451821
1762668945.457832,-39117.470384,-44370.692223,-46481.747180,-69254.748523
1762668945.461832,-39054.527879,-44313.091785,-46464.964747,-69236.822426
1762668945.478246,-39011.418819,-44272.273779,-46450.469643,-69226.138294
1762668945.482246,-39038.505405,-44287.532568,-46454.284340,-69231.860340
1762668945.478246,-39107.169956,-44352.002442,-46482.510865,-69253.988564
1762668945.482246,-39115.179330,-44364.590198,-46491.287649,-69258.183241
1762668945.488357,-39051.856846,-44311.184436,-46471.450478,-69239.489734
1762668945.492357,-39012.946188,-44278.379530,-46461.913735,-69230.720401
1762668945.498851,-39043.463767,-44300.884008,-46468.779445,-69239.109755
1762668945.502851,-39099.920541,-44341.322035,-46487.089247,-69254.368544
1762668945.498851,-39104.878902,-44347.424060,-46493.954957,-69252.081215
1762668945.502851,-39051.856846,-44310.804456,-46475.265175,-69236.055017
1762668945.519027,-39014.473557,-44275.324792,-46461.530030,-69226.138294
1762668945.523026,-39041.936398,-44288.676232,-46468.395740,-69232.240319
1762668945.529220,-39094.962180,-44330.257922,-46483.274549,-69242.924452
1762668945.533220,-39123.952389,-44372.983277,-46498.153359,-69254.368544
1762668945.537220,-39058.722556,-44313.091785,-46477.172524,-69236.055017
1762668945.541220,-39016.380906,-44270.366430,-46459.242702,-69221.943617
1762668945.529220,-39038.885385,-44286.388904,-46460.006386,-69227.285683
1762668945.533220,-39101.064205,-44347.044080,-46480.223536,-69247.119129
1762668945.539315,-39114.799351,-44355.817139,-46487.472951,-69246.359169
1762668945.543315,-39049.565792,-44294.018298,-46465.728432,-69222.323596
1762668945.539315,-39018.288255,-44269.602746,-46453.136951,-69216.221571
1762668945.543315,-39050.713181,-44304.318726,-46462.673694,-69229.952991
1762668945.569766,-39107.549936,-44345.516711,-46475.645155,-69243.304431
1762668945.573766,-39106.786251,-44345.896691,-46477.932483,-69245.211780
1762668945.569766,-39053.000510,-44307.749718,-46461.913735,-69232.240319
1762668945.573766,-39008.751512,-44267.315418,-46447.798610,-69217.748940
1762668945.577766,-39037.361741,-44286.388904,-46454.284340,-69223.470986
1762668945.581766,-39085.425436,-44321.864843,-46467.635781,-69236.822426
1762668945.590037,-39111.364633,-44360.011816,-46479.839832,-69247.499108
1762668945.594037,-39051.473141,-44308.133423,-46462.293714,-69227.665663
1762668945.590037,-39009.511471,-44265.788049,-46445.127577,-69217.368960
1762668945.594037,-39041.176438,-44288.296252,-46453.520656,-69225.758314
1762668945.607000,-39098.776877,-44345.516711,-46475.645155,-69242.544472
1762668945.611000,-39111.364633,-44361.919165,-46485.181898,-69244.831800
1762668945.618186,-39046.898484,-44306.989759,-46468.015760,-69225.378335
1762668945.622186,-39017.140865,-44279.139489,-46459.242702,-69218.888879
1762668945.626187,-39049.949497,-44308.133423,-46464.201063,-69230.720401
1762668945.630187,-39095.725864,-44347.804040,-46482.510865,-69243.304431
1762668945.618186,-39104.498923,-44356.580824,-46488.232911,-69245.979190
1762668945.622186,-39057.195187,-44319.193810,-46477.172524,-69235.295057
1762668945.634621,-39012.946188,-44273.037463,-46462.673694,-69221.943617
1762668945.638621,-39040.412754,-44289.823622,-46464.201063,-69224.998355
1762668945.634621,-39094.582200,-44328.350574,-46480.987221,-69235.295057
1762668945.638621,-39125.859737,-44360.011816,-46493.194997,-69243.684411
1762668945.644806,-39053.000510,-44302.411377,-46470.303088,-69220.796227
1762668945.648806,-39011.038840,-44260.066003,-46452.756971,-69210.119545
1762668945.644806,-39051.093161,-44279.523194,-46459.242702,-69221.183658
1762668945.648806,-39113.655686,-44337.887317,-46483.654529,-69242.164493
1762668945.662621,-39118.614048,-44345.516711,-46486.709267,-69240.257144
1762668945.666621,-39048.422128,-44289.059937,-46464.964747,-69220.796227
1762668945.662621,-39004.173130,-44261.213392,-46445.891261,-69211.646914
1762668945.666621,-39041.936398,-44285.625219,-46447.798610,-69220.796227
1762668945.681287,-39094.198495,-44325.299561,-46461.530030,-69233.387709
1762668945.685287,-39100.684226,-44333.308935,-46466.108412,-69234.535098
1762668945.682270,-39046.898484,-44302.411377,-46453.900635,-69224.610925
1762668945.686270,-39012.946188,-44270.366430,-46438.261867,-69216.601551
1762668945.701549,-39039.269090,-44287.916273,-46444.363892,-69221.943617
1762668945.705549,-39083.518088,-44329.494238,-46463.057399,-69234.535098
1762668945.718170,-39111.364633,-44367.641211,-46480.987221,-69249.406457
1762668945.722170,-39059.486240,-44313.091785,-46464.581043,-69229.193032
1762668945.723356,-39019.811898,-44272.657484,-46448.562294,-69218.508899
1762668945.727355,-39046.514779,-44294.398278,-46455.807984,-69226.518273
1762668945.731356,-39110.984653,-44353.526086,-46481.367201,-69245.591760
1762668945.735356,-39121.665061,-44369.548559,-46490.523964,-69247.499108
1762668945.723356,-39053.380489,-44310.040772,-46467.252076,-69229.193032
1762668945.727355,-39025.533944,-44278.379530,-46449.322253,-69222.323596
1762668945.733616,-39065.588266,-44303.935021,-46461.150050,-69230.720401
1762668945.737616,-39115.943015,-44343.609363,-46485.181898,-69241.777062
1762668945.733616,-39124.716073,-44342.845678,-46488.616616,-69241.777062
1762668945.737616,-39065.971971,-44306.606054,-46477.172524,-69229.573011
1762668945.756940,-39021.719247,-44263.880700,-46456.951648,-69214.314222
1762668945.760940,-39047.278464,-44276.472181,-46459.242702,-69220.796227
1762668945.756940,-39096.105844,-44317.670166,-46475.645155,-69237.202406
1762668945.760940,-39123.192430,-44353.526086,-46492.047608,-69247.119129
1762668945.767733,-39056.435227,-44294.781983,-46474.881470,-69226.905704
1762668945.771733,-39009.131491,-44249.769300,-46454.664320,-69213.166833
1762668945.767733,-39038.885385,-44272.273779,-46458.858997,-69223.091006
1762668945.771733,-39101.827890,-44340.938330,-46483.654529,-69250.933826
1762668945.784645,-39103.735238,-44350.475073,-46486.325562,-69252.081215
1762668945.788645,-39045.371115,-44295.545667,-46464.201063,-69232.627749
1762668945.784645,-39011.418819,-44270.750135,-46452.756971,-69225.378335
1762668945.788645,-39043.843746,-44303.175062,-46468.015760,-69234.915078
1762668945.801385,-39100.684226,-44346.660376,-46488.996595,-69243.684411
1762668945.805385,-39107.933640,-44356.960803,-46494.338661,-69246.359169
1762668945.816975,-39055.671543,-44322.628528,-46488.616616,-69240.257144
1762668945.820975,-39016.760886,-44290.203601,-46473.357826,-69230.332971
1762668945.824975,-39046.514779,-44312.711805,-46478.696167,-69241.017103
1762668945.828975,-39116.706699,-44360.011816,-46493.194997,-69253.988564
1762668945.832322,-39134.252816,-44394.727796,-46508.453786,-69265.432656
1762668945.836322,-39053.380489,-44334.452599,-46487.852931,-69247.499108
1762668945.833324,-39016.760886,-44289.059937,-46466.108412,-69232.240319
1762668945.837324,-39049.185812,-44309.657067,-46469.923109,-69241.017103
1762668945.844684,-39101.827890,-44361.919165,-46488.996595,-69255.895913
1762668945.848684,-39109.077305,-44369.548559,-46493.574977,-69254.748523
1762668945.844684,-39035.070688,-44303.935021,-46469.159424,-69230.720401
1762668945.848684,-38997.687399,-44272.273779,-46452.756971,-69219.276309
1762668945.855103,-39031.639695,-44295.545667,-46463.057399,-69228.045642
1762668945.859103,-39086.189121,-44332.165271,-46482.510865,-69239.869714
1762668945.855103,-39097.633213,-44337.887317,-46483.274549,-69238.349795
1762668945.859103,-39046.134800,-44306.606054,-46468.395740,-69223.850965
1762668945.875324,-38997.687399,-44262.737036,-46450.085938,-69210.119545
1762668945.879323,-39024.770260,-44275.708497,-46458.479017,-69217.368960
1762668945.875324,-39089.240134,-44317.670166,-46476.788819,-69232.240319
1762668945.879323,-39115.179330,-44353.526086,-46494.338661,-69243.684411
1762668945.895516,-39046.898484,-44294.018298,-46475.645155,-69222.703576
1762668945.899516,-38998.831064,-44251.676649,-46456.191689,-69210.499525
1762668945.895516,-39029.732347,-44275.708497,-46462.293714,-69220.416248
1762668945.899516,-39093.054831,-44335.216284,-46486.325562,-69238.349795
1762668945.905576,-39100.684226,-44347.424060,-46489.760280,-69237.962365
1762668945.909576,-39029.348642,-44294.398278,-46468.395740,-69220.036268
1762668945.905576,-38994.252682,-44268.459082,-46455.807984,-69213.554263
1762668945.909576,-39040.412754,-44295.545667,-46466.488391,-69224.230945
1762668945.915751,-39091.147482,-44340.558350,-46483.654529,-69238.729775
1762668945.919751,-39096.489549,-44353.909791,-46490.903944,-69239.869714
1762668945.915751,-39042.700082,-44318.433851,-46476.408839,-69224.998355
1762668945.919751,-38997.687399,-44279.523194,-46455.428004,-69215.074182
1762668945.956162,-39029.732347,-44297.832996,-46459.622681,-69225.378335
1762668945.960162,-39072.453976,-44341.702014,-46472.594142,-69237.202406
1762668945.956162,-39088.476449,-44370.692223,-46482.894570,-69244.831800
1762668945.960162,-39023.626596,-44301.647693,-46459.242702,-69221.183658
1762668945.966268,-38982.808590,-44250.912964,-46443.600208,-69202.110171
1762668945.970268,-39020.195603,-44272.657484,-46455.428004,-69209.739566
1762668945.974268,-39076.268673,-44321.101159,-46477.172524,-69227.665663
1762668945.978268,-39085.045457,-44333.308935,-46481.367201,-69230.332971
1762668945.966268,-39021.719247,-44276.852161,-46459.622681,-69210.879505
1762668945.970268,-38996.543735,-44247.861952,-46447.034925,-69202.490151
1762668945.986555,-39025.917649,-44272.273779,-46461.530030,-69210.499525
1762668945.990555,-39076.652378,-44311.564416,-46472.974122,-69223.470986
1762668945.986555,-39087.332785,-44321.864843,-46480.223536,-69224.230945
1762668945.990555,-39039.649069,-44290.967286,-46467.635781,-69211.259484
1762668945.996896,-38998.451084,-44249.005616,-46448.562294,-69198.295474
1762668946.000896,-39027.061313,-44268.079102,-46455.428004,-69204.017520
1762668945.997452,-39074.745029,-44318.050146,-46470.686793,-69216.981530
1762668946.001452,-39099.540561,-44352.766126,-46484.418213,-69230.720401
1762668946.007037,-39029.348642,-44297.069311,-46463.821083,-69213.166833
1762668946.011037,-38991.201669,-44257.778674,-46450.085938,-69203.630090
1762668946.012652,-39022.102952,-44282.954186,-46456.191689,-69215.461612
1762668946.016652,-39089.620113,-44345.136732,-46478.316188,-69234.147668
1762668946.026855,-39091.527462,-44343.609363,-46481.747180,-69223.470986
1762668946.030854,-39021.719247,-44278.759509,-46459.622681,-69200.202823
1762668946.033748,-38987.386972,-44250.149280,-46445.891261,-69190.666080
1762668946.037748,-39014.853537,-44267.695397,-46454.664320,-69200.202823
1762668946.034748,-39068.639278,-44309.657067,-46472.594142,-69216.221571
1762668946.038748,-39071.694016,-44314.619154,-46474.117786,-69215.461612
1762668946.055154,-39017.140865,-44275.324792,-46460.766345,-69204.777479
1762668946.059154,-38992.729038,-44236.797839,-46447.798610,-69198.295474
1762668946.063154,-39030.492306,-44259.686023,-46455.807984,-69207.064807
1762668946.067154,-39072.073996,-44302.027673,-46469.543129,-69222.703576
1762668946.065300,-39084.661752,-44334.452599,-46483.654529,-69231.100380
1762668946.069300,-39031.255990,-44277.995825,-46463.437378,-69208.972156
1762668946.065300,-38990.821689,-44238.705188,-46448.942274,-69197.148085
1762668946.069300,-39027.824998,-44269.222766,-46458.479017,-69208.972156
1762668946.085504,-39082.754403,-44326.063246,-46481.747180,-69230.720401
1762668946.089504,-39099.540561,-44342.081994,-46489.380300,-69236.442447
1762668946.097669,-39038.885385,-44290.967286,-46473.357826,-69218.508899
1762668946.101669,-39003.789425,-44267.315418,-46461.530030,-69211.259484
1762668946.105669,-39037.361741,-44295.161963,-46470.686793,-69220.416248
1762668946.109669,-39091.911167,-44338.651001,-46485.565603,-69234.535098
1762668946.097669,-39096.869528,-44343.229383,-46489.380300,-69237.962365
1762668946.101669,-39054.144174,-44321.101159,-46481.367201,-69233.007729
1762668946.125979,-39014.473557,-44284.481555,-46464.964747,-69223.850965
1762668946.129979,-39040.029049,-44298.976660,-46470.686793,-69228.425622
1762668946.125979,-39088.096470,-44339.030981,-46484.418213,-69239.109755
1762668946.129979,-39114.799351,-44372.983277,-46499.677002,-69248.266518
1762668946.125979,-39046.514779,-44313.855469,-46476.788819,-69223.850965
1762668946.129979,-39004.553109,-44268.842787,-46455.807984,-69210.499525
1762668946.125979,-39033.927023,-44289.439917,-46465.728432,-69220.416248
1762668946.129979,-39097.633213,-44343.609363,-46488.996595,-69233.767688
1762668946.146192,-39107.933640,-44352.002442,-46494.718641,-69231.860340
1762668946.150192,-39038.885385,-44286.008924,-46468.779445,-69208.592176
1762668946.146192,-39004.553109,-44250.149280,-46453.900635,-69200.202823
1762668946.150192,-39032.783359,-44270.750135,-46464.964747,-69207.064807
1762668946.156341,-39086.952806,-44317.670166,-46485.945582,-69221.943617
1762668946.160341,-39086.952806,-44320.721179,-46483.654529,-69221.563637
1762668946.156341,-39028.204978,-44283.717871,-46469.923109,-69207.832217
1762668946.160341,-38981.664926,-44244.047254,-46457.335353,-69194.093347
1762668946.176533,-39024.770260,-44263.500720,-46466.488391,-69203.250110
1762668946.180533,-39095.725864,-44314.619154,-46484.418213,-69220.036268
1762668946.186688,-39120.521396,-44353.146106,-46500.440687,-69234.535098
1762668946.190688,-39049.185812,-44300.120324,-46479.079872,-69216.981530
1762668946.186688,-39007.224143,-44263.500720,-46456.191689,-69204.777479
1762668946.190688,-39043.083787,-44293.254614,-46464.581043,-69218.888879
1762668946.206875,-39103.355259,-44345.896691,-46487.472951,-69239.109755
1762668946.210875,-39110.984653,-44356.580824,-46493.954957,-69239.869714
1762668946.206875,-39041.556418,-44298.976660,-46471.830457,-69217.748940
1762668946.210875,-39016.380906,-44281.430542,-46462.293714,-69212.026894
1762668946.227144,-39054.907858,-44301.647693,-46469.543129,-69220.796227
1762668946.231144,-39104.878902,-44342.081994,-46487.472951,-69232.240319
1762668946.227144,-39117.470384,-44353.909791,-46494.338661,-69233.767688
1762668946.231144,-39066.731930,-44326.823205,-46481.367201,-69223.091006
1762668946.227144,-39019.431919,-44285.245240,-46464.201063,-69210.879505
1762668946.231144,-39043.083787,-44301.267713,-46470.303088,-69215.461612
1762668946.237255,-39091.147482,-44340.558350,-46482.130885,-69225.378335
1762668946.241255,-39123.952389,-44371.075928,-46495.102346,-69234.535098
1762668946.247430,-39062.917233,-44309.277087,-46477.552503,-69208.972156
1762668946.251430,-39014.473557,-44261.593372,-46457.335353,-69192.185998
1762668946.247430,-39047.658443,-44282.954186,-46466.872096,-69204.397500
1762668946.251430,-39105.262607,-44341.322035,-46490.140259,-69224.998355
1762668946.257514,-39103.355259,-44345.516711,-46493.194997,-69222.323596
1762668946.261514,-39040.412754,-44284.101576,-46468.395740,-69199.815392
1762668946.267611,-39011.802524,-44263.500720,-46455.044299,-69195.620716
1762668946.271611,-39032.399654,-44288.296252,-46463.437378,-69209.739566
1762668946.277780,-39096.105844,-44334.452599,-46486.709267,-69225.758314
1762668946.281780,-39107.933640,-44340.174645,-46490.523964,-69224.610925
1762668946.277780,-39050.713181,-44307.369739,-46475.645155,-69211.646914
1762668946.281780,-39007.224143,-44268.459082,-46459.242702,-69200.582802
1762668946.287895,-39038.885385,-44285.245240,-46468.779445,-69206.304848
1762668946.291895,-39094.198495,-44331.785291,-46483.654529,-69219.656289
1762668946.318190,-39117.086679,-44360.011816,-46497.389674,-69229.193032
1762668946.322190,-39051.856846,-44305.462390,-46481.747180,-69211.646914
1762668946.318190,-39018.288255,-44265.028089,-46466.488391,-69201.722741
1762668946.322190,-39057.958871,-44295.925647,-46477.172524,-69214.314222
1762668946.326190,-39115.563035,-44350.475073,-46497.009695,-69228.813052
1762668946.330190,-39120.137691,-44361.539185,-46498.153359,-69231.100380
1762668946.328271,-39058.342576,-44302.411377,-46474.881470,-69211.259484
1762668946.332271,-39030.876011,-44278.759509,-46464.201063,-69204.017520
1762668946.338417,-39051.856846,-44297.069311,-46469.543129,-69211.646914
1762668946.342417,-39095.342159,-44337.887317,-46483.654529,-69224.610925
1762668946.338417,-39099.156857,-44339.030981,-46484.801918,-69223.091006
1762668946.342417,-39056.815207,-44302.791357,-46471.450478,-69209.352136
1762668946.348532,-39016.760886,-44265.028089,-46454.664320,-69199.435413
1762668946.352532,-39043.463767,-44281.810522,-46463.057399,-69205.924869
1762668946.358625,-39089.620113,-44325.299561,-46477.552503,-69216.981530
1762668946.362625,-39110.600948,-44356.580824,-46489.760280,-69224.998355
1762668946.379461,-39036.598057,-44294.018298,-46466.108412,-69205.157459
1762668946.383461,-38999.594748,-44253.583997,-46451.993287,-69193.713367
1762668946.379461,-39036.214352,-44282.194227,-46459.622681,-69202.490151
1762668946.383461,-39093.434811,-44336.743653,-46479.079872,-69218.888879
1762668946.385019,-39099.156857,-44345.136732,-46486.325562,-69220.036268
1762668946.389019,-39027.824998,-44284.481555,-46465.728432,-69200.962782
1762668946.385019,-38999.214768,-44266.171753,-46455.807984,-69198.295474
1762668946.389019,-39035.070688,-44293.638319,-46465.344727,-69208.212197
1762668946.402071,-39088.476449,-44340.938330,-46482.894570,-69221.183658
1762668946.406071,-39094.198495,-44345.896691,-46485.565603,-69221.943617
1762668946.402071,-39036.978036,-44308.513403,-46475.265175,-69210.499525
1762668946.406071,-39000.738412,-44268.459082,-46464.581043,-69197.528064
1762668946.412198,-39041.936398,-44298.596680,-46467.252076,-69205.157459
1762668946.416198,-39108.313620,-44347.424060,-46489.760280,-69226.905704
1762668946.422387,-39130.058140,-44374.126941,-46506.546438,-69237.962365
1762668946.426387,-39064.444602,-44316.906482,-46487.472951,-69217.748940
1762668946.432512,-39031.255990,-44279.523194,-46470.303088,-69207.444787
1762668946.436512,-39064.064622,-44308.897108,-46483.274549,-69220.416248
1762668946.442591,-39118.230343,-44359.248132,-46503.491700,-69237.962365
1762668946.446591,-39116.322994,-44368.784875,-46507.306397,-69238.729775
1762668946.442591,-39039.269090,-44303.175062,-46483.654529,-69217.368960
1762668946.446591,-39013.326168,-44286.008924,-46474.117786,-69219.656289
1762668946.462848,-39044.991136,-44312.328100,-46482.130885,-69233.767688
1762668946.466848,-39087.332785,-44352.382421,-46494.718641,-69243.304431
1762668946.462848,-39101.827890,-44362.302870,-46501.584351,-69243.304431
1762668946.466848,-39054.144174,-44334.072620,-46491.287649,-69233.767688
1762668946.473035,-39011.802524,-44296.305627,-46472.210437,-69223.470986
1762668946.477035,-39050.713181,-44319.957495,-46476.788819,-69233.387709
1762668946.473035,-39106.406271,-44366.877526,-46496.246010,-69247.119129
1762668946.477035,-39125.859737,-44398.922473,-46512.268484,-69256.655872
1762668946.483181,-39057.195187,-44341.322035,-46491.287649,-69235.295057
1762668946.487181,-39016.760886,-44297.453016,-46469.923109,-69221.183658
1762668946.493256,-39048.805833,-44323.392212,-46476.025134,-69229.573011
1762668946.497256,-39105.262607,-44375.654310,-46499.677002,-69241.397083
1762668946.503457,-39106.406271,-44374.506921,-46501.204371,-69239.869714
1762668946.507457,-39038.121700,-44305.462390,-46479.079872,-69214.694202
1762668946.503457,-39010.658860,-44284.481555,-46469.543129,-69211.259484
1762668946.507457,-39049.185812,-44309.277087,-46482.130885,-69221.183658
1762668946.513540,-39110.600948,-44348.187745,-46497.769654,-69229.573011
1762668946.517540,-39109.840989,-44351.618737,-46501.204371,-69228.045642
1762668946.533754,-39061.009884,-44320.341200,-46488.232911,-69219.656289
1762668946.537754,-39025.533944,-44279.903173,-46472.974122,-69208.592176
1762668946.533754,-39052.236825,-44297.069311,-46477.552503,-69217.368960
1762668946.537754,-39110.600948,-44346.280396,-46495.862305,-69233.767688
1762668946.553991,-39124.336094,-44364.590198,-46505.019069,-69236.055017
1762668946.557991,-39052.236825,-44303.555042,-46477.552503,-69210.879505
1762668946.553991,-39006.844163,-44261.213392,-46460.006386,-69197.908044
1762668946.557991,-39038.121700,-44290.583581,-46467.252076,-69208.592176
1762668946.564096,-39091.147482,-44344.373047,-46486.325562,-69229.952991
1762668946.568096,-39104.498923,-44354.673475,-46492.811292,-69233.387709
1762668946.564096,-39023.626596,-44295.545667,-46463.821083,-69211.259484
1762668946.568096,-38998.831064,-44277.232140,-46456.191689,-69208.212197
1762668946.574243,-39036.214352,-44301.267713,-46468.779445,-69216.601551
1762668946.578243,-39082.374424,-44346.280396,-46482.894570,-69231.100380
1762668946.574243,-39094.198495,-44355.053455,-46482.894570,-69234.147668
1762668946.578243,-39041.556418,-44323.392212,-46471.450478,-69221.183658
1762668946.598621,-38999.974728,-44279.523194,-46453.900635,-69208.592176
1762668946.602621,-39032.783359,-44297.453016,-46459.622681,-69215.074182
1762668946.604661,-39082.754403,-44341.702014,-46482.130885,-69228.425622
1762668946.608661,-39105.262607,-44374.506921,-46495.482326,-69234.147668
1762668946.612661,-39037.741721,-44313.855469,-46473.737806,-69210.499525
1762668946.616661,-39001.122117,-44265.788049,-46461.913735,-69197.148085
1762668946.604661,-39041.176438,-44297.069311,-46475.265175,-69209.352136
1762668946.608661,-39099.540561,-44345.136732,-46499.677002,-69223.850965
1762668946.624893,-39104.878902,-44344.373047,-46500.440687,-69222.323596
1762668946.628893,-39034.690708,-44277.232140,-46472.974122,-69198.295474
1762668946.624893,-39008.367807,-44253.963977,-46466.488391,-69189.898670
1762668946.628893,-39035.454392,-44272.273779,-46472.594142,-69194.093347
1762668946.645135,-39081.230760,-44313.091785,-46487.472951,-69207.832217
1762668946.649135,-39086.569101,-44320.341200,-46493.954957,-69211.646914
1762668946.655231,-39031.639695,-44284.481555,-46477.932483,-69198.675454
1762668946.659231,-38994.252682,-44244.427234,-46460.006386,-69185.703993
1762668946.655231,-39024.010301,-44263.120741,-46466.488391,-69193.333387
1762668946.659231,-39074.361324,-44309.277087,-46482.894570,-69207.064807
1762668946.665373,-39092.674851,-44332.928956,-46488.616616,-69213.934243
1762668946.669373,-39025.533944,-44280.666858,-46464.201063,-69196.388125
1762668946.665373,-38983.572274,-44240.612537,-46448.562294,-69184.176624
1762668946.669373,-39023.246616,-44278.379530,-46458.099037,-69196.388125
1762668946.698805,-39085.045457,-44334.452599,-46479.079872,-69212.786853
1762668946.702805,-39085.425436,-44343.229383,-46485.181898,-69213.166833
1762668946.698805,-39019.048214,-44281.810522,-46464.201063,-69197.528064
1762668946.702805,-38991.965353,-44268.842787,-46459.622681,-69199.055433
1762668946.698805,-39024.770260,-44299.740344,-46471.450478,-69210.119545
1762668946.702805,-39086.189121,-44347.424060,-46485.181898,-69225.758314
1762668946.715926,-39091.527462,-44355.433434,-46482.130885,-69222.323596
1762668946.719926,-39038.885385,-44321.864843,-46471.830457,-69208.212197
1762668946.723926,-39002.265781,-44280.666858,-46459.622681,-69194.480777
1762668946.727926,-39037.361741,-44299.740344,-46465.728432,-69201.342762
1762668946.715926,-39093.818516,-44344.373047,-46483.654529,-69221.183658
1762668946.719926,-39110.220969,-44372.219592,-46499.297023,-69229.193032
1762668946.736406,-39037.741721,-44308.133423,-46477.552503,-69204.777479
1762668946.740406,-38991.201669,-44260.449708,-46456.951648,-69191.046059
1762668946.746484,-39028.968662,-44289.823622,-46470.686793,-69204.017520
1762668946.750484,-39085.045457,-44335.979968,-46491.667628,-69217.368960
1762668946.746484,-39089.620113,-44340.558350,-46492.811292,-69215.461612
1762668946.750484,-39020.195603,-44282.574207,-46472.974122,-69194.093347
1762668946.746484,-39000.358433,-44269.602746,-46467.635781,-69192.953408
1762668946.750484,-39030.492306,-44291.347265,-46471.450478,-69201.342762
1762668946.756643,-39081.610739,-44334.836304,-46488.232911,-69214.314222
1762668946.760643,-39090.767503,-44337.123632,-46492.431313,-69213.934243
1762668946.776866,-39036.978036,-44306.226075,-46474.881470,-69202.490151
1762668946.780866,-38991.585374,-44268.079102,-46452.756971,-69188.371301
1762668946.776866,-39019.811898,-44284.861535,-46456.571668,-69192.953408
1762668946.780866,-39075.888693,-44332.928956,-46477.552503,-69209.739566
1762668946.786996,-39085.805416,-44356.960803,-46490.523964,-69217.368960
1762668946.790996,-39025.153965,-44303.175062,-46470.303088,-69202.490151
1762668946.799124,-38991.965353,-44265.028089,-46453.520656,-69191.806018
1762668946.803123,-39027.824998,-44296.305627,-46463.437378,-69201.342762
1762668946.807124,-39083.898067,-44347.044080,-46481.747180,-69218.128920
1762668946.811124,-39093.818516,-44362.682849,-46488.616616,-69220.796227
1762668946.807164,-39026.297629,-44303.555042,-46469.543129,-69200.582802
1762668946.811164,-39004.553109,-44285.245240,-46462.673694,-69199.815392
1762668946.821798,-39044.607431,-44303.935021,-46472.974122,-69206.304848
1762668946.825798,-39091.911167,-44348.951429,-46492.047608,-69218.508899
1762668946.828201,-39100.304246,-44356.197119,-46491.287649,-69221.943617
1762668946.832201,-39058.722556,-44321.101159,-46480.987221,-69210.499525
1762668946.837212,-39020.195603,-44276.472181,-46465.344727,-69197.528064
1762668946.841212,-39037.741721,-44287.152588,-46468.779445,-69204.017520
1762668946.837212,-39085.425436,-44330.637902,-46484.038234,-69220.036268
1762668946.841212,-39107.169956,-44360.395521,-46498.917043,-69229.573011
1762668946.847316,-39032.399654,-44301.647693,-46476.025134,-69209.739566
1762668946.851316,-38990.821689,-44258.922338,-46459.242702,-69197.148085
1762668946.847316,-39029.348642,-44286.768883,-46469.159424,-69210.879505
1762668946.851316,-39081.990719,-44335.979968,-46487.852931,-69226.905704
1762668946.857421,-39084.661752,-44343.989342,-46491.667628,-69224.610925
1762668946.861421,-39011.038840,-44281.046838,-46467.635781,-69199.435413
1762668946.867805,-38989.678025,-44262.357056,-46460.766345,-69192.953408
1762668946.871804,-39019.048214,-44283.337891,-46469.543129,-69197.908044
1762668946.877947,-39064.064622,-44324.535877,-46479.459852,-69211.646914
1762668946.881947,-39083.898067,-44335.599989,-46482.894570,-69210.499525
1762668946.898439,-39030.876011,-44300.120324,-46470.303088,-69194.480777
1762668946.902439,-38990.058005,-44264.644384,-46452.376992,-69182.649255
1762668946.908498,-39027.061313,-44281.810522,-46459.622681,-69191.806018
1762668946.912498,-39088.860154,-44334.836304,-46478.696167,-69209.352136
1762668946.916498,-39106.026292,-44358.488172,-46484.801918,-69213.934243
1762668946.920498,-39052.236825,-44304.698706,-46473.357826,-69196.768105
1762668946.928670,-39009.511471,-44264.644384,-46456.951648,-69185.703993
1762668946.932670,-39046.134800,-44297.832996,-46466.488391,-69198.295474
1762668946.938821,-39110.984653,-44352.002442,-46493.194997,-69215.841591
1762668946.942821,-39125.479758,-44362.682849,-46500.440687,-69215.461612
1762668946.938821,-39059.102535,-44303.935021,-46478.316188,-69196.388125
1762668946.942821,-39035.070688,-44285.625219,-46469.159424,-69192.185998
1762668946.938821,-39067.879319,-44306.606054,-46476.788819,-69201.342762
1762668946.942821,-39119.377732,-44350.475073,-46496.625990,-69215.841591
1762668946.938821,-39130.058140,-44361.919165,-46505.399048,-69220.796227
1762668946.942821,-39062.917233,-44313.091785,-46488.996595,-69208.972156
1762668946.949268,-39026.677608,-44273.801148,-46473.357826,-69199.055433
1762668946.953268,-39053.380489,-44289.059937,-46477.932483,-69202.490151
1762668946.949268,-39102.211595,-44338.267297,-46493.954957,-69216.981530
1762668946.953268,-39123.572409,-44372.983277,-46511.884779,-69233.387709
1762668946.969528,-39036.598057,-44299.740344,-46491.287649,-69210.879505
1762668946.973528,-38994.252682,-44253.200293,-46472.974122,-69195.620716
1762668946.969528,-39034.690708,-44286.388904,-46479.079872,-69204.397500
1762668946.973528,-39086.569101,-44339.794666,-46501.968056,-69222.323596
1762668946.979600,-39097.249508,-44345.136732,-46508.070081,-69223.470986
1762668946.983600,-39027.824998,-44280.286878,-46480.603516,-69199.435413
1762668946.979600,-39007.224143,-44268.459082,-46471.450478,-69196.768105
1762668946.983600,-39032.399654,-44289.059937,-46478.316188,-69205.157459
1762668946.999342,-39084.281772,-44335.599989,-46491.667628,-69222.703576
1762668947.003342,-39087.332785,-44343.609363,-46490.523964,-69223.850965
1762668947.019513,-39034.307003,-44309.277087,-46476.408839,-69210.499525
1762668947.023513,-38993.109018,-44274.564832,-46460.386366,-69201.342762
1762668947.019513,-39030.112326,-44296.305627,-46464.964747,-69210.119545
1762668947.023513,-39089.240134,-44343.989342,-46484.418213,-69225.758314
1762668947.029652,-39095.342159,-44357.340783,-46489.760280,-69228.813052
1762668947.033652,-39017.524570,-44293.638319,-46462.293714,-69201.342762
1762668947.029652,-38976.706564,-44245.190918,-46443.983912,-69186.083972
1762668947.033652,-39018.668234,-44277.615845,-46456.571668,-69197.908044
1762668947.039747,-39071.310312,-44323.772192,-46477.932483,-69211.259484
1762668947.043747,-39077.032357,-44331.021607,-46486.325562,-69210.879505
1762668947.039747,-39004.553109,-44266.551733,-46460.006386,-69186.851382
1762668947.043747,-38979.377598,-44245.570898,-46451.229602,-69183.796644
1762668947.070070,-39010.275155,-44263.500720,-46460.766345,-69191.046059
1762668947.074070,-39055.671543,-44303.555042,-46476.408839,-69199.435413
1762668947.070070,-39056.435227,-44311.184436,-46477.172524,-69199.435413
1762668947.074070,-39004.173130,-44271.893799,-46462.673694,-69187.231362
1762668947.070070,-38961.067796,-44228.404760,-46446.654946,-69171.972573
1762668947.074070,-38989.294320,-44245.190918,-46450.849622,-69178.074598
1762668947.070070,-39044.991136,-44297.453016,-46469.543129,-69196.000695
1762668947.074070,-39071.310312,-44327.586889,-46480.987221,-69205.924869
1762668947.090319,-39004.173130,-44272.273779,-46460.766345,-69186.083972
1762668947.094319,-38961.447775,-44236.797839,-46444.747597,-69173.499942
1762668947.090319,-39003.029466,-44278.379530,-46457.715333,-69189.898670
1762668947.094319,-39075.125009,-44337.123632,-46480.603516,-69208.592176
1762668947.110643,-39083.518088,-44352.382421,-46485.945582,-69212.026894
1762668947.114643,-39012.566209,-44290.583581,-46463.057399,-69195.240736
1762668947.118643,-38996.923715,-44276.472181,-46458.099037,-69196.388125
1762668947.122643,-39026.297629,-44293.254614,-46469.543129,-69201.342762
1762668947.120679,-39076.268673,-44329.494238,-46485.181898,-69211.259484
1762668947.124679,-39078.939706,-44334.452599,-46488.996595,-69208.972156
1762668947.130819,-39017.524570,-44290.583581,-46471.450478,-69194.093347
1762668947.134819,-38980.901241,-44249.769300,-46451.993287,-69181.509316
1762668947.130819,-39011.802524,-44268.842787,-46460.006386,-69189.518690
1762668947.134819,-39066.731930,-44321.864843,-46482.510865,-69206.304848
1762668947.161161,-39077.796042,-44340.938330,-46489.760280,-69209.739566
1762668947.165161,-39009.131491,-44280.666858,-46469.543129,-69190.278649
1762668947.161161,-38964.882493,-44229.548424,-46451.613307,-69176.547229
1762668947.165161,-39002.645761,-44266.171753,-46460.006386,-69183.036685
1762668947.161161,-39058.722556,-44318.813831,-46485.181898,-69198.295474
1762668947.165161,-39074.745029,-44332.545251,-46496.625990,-69204.397500
1762668947.161161,-39004.553109,-44262.737036,-46469.543129,-69182.269275
1762668947.165161,-38982.048631,-44254.727662,-46470.303088,-69182.269275
1762668947.181419,-39016.760886,-44278.759509,-46480.223536,-69189.518690
1762668947.185419,-39061.393589,-44321.864843,-46492.047608,-69199.815392
1762668947.181419,-39075.125009,-44332.545251,-46493.954957,-69200.962782
1762668947.185419,-39022.102952,-44299.360365,-46484.801918,-69192.185998
1762668947.191499,-38985.479623,-44259.686023,-46468.395740,-69183.416665
1762668947.195498,-39015.233517,-44277.232140,-46474.117786,-69187.231362
1762668947.191499,-39077.032357,-44333.692640,-46495.102346,-69205.157459
1762668947.195498,-39095.725864,-44361.539185,-46509.977430,-69213.934243
1762668947.211666,-39030.876011,-44303.175062,-46489.760280,-69192.953408
1762668947.215666,-38993.872702,-44258.158654,-46469.543129,-69177.694619
1762668947.221815,-39040.412754,-44296.305627,-46485.181898,-69191.806018
1762668947.225815,-39092.291147,-44339.794666,-46502.731740,-69204.777479
1762668947.229815,-39088.096470,-44340.938330,-46501.584351,-69204.777479
1762668947.233815,-39019.811898,-44277.232140,-46476.408839,-69186.851382
1762668947.221815,-38992.729038,-44261.593372,-46465.344727,-69183.796644
1762668947.225815,-39022.862911,-44280.666858,-46474.117786,-69192.953408
1762668947.242060,-39072.453976,-44319.957495,-46492.047608,-69207.444787
1762668947.246060,-39079.323411,-44326.063246,-46498.533338,-69205.924869
1762668947.252177,-39011.038840,-44285.625219,-46484.801918,-69193.713367
1762668947.256177,-38974.035531,-44242.139906,-46467.252076,-69180.741906
1762668947.262318,-39011.038840,-44261.593372,-46471.450478,-69186.083972
1762668947.266318,-39067.495614,-44311.184436,-46490.903944,-69203.630090
1762668947.272425,-39070.930332,-44325.299561,-46499.677002,-69206.304848
1762668947.276425,-39003.029466,-44268.459082,-46478.316188,-69185.703993
1762668947.272425,-38964.882493,-44233.363122,-46466.108412,-69172.352552
1762668947.276425,-39008.751512,-44273.801148,-46479.459852,-69186.083972
1762668947.282546,-39068.259299,-44323.392212,-46496.246010,-69201.722741
1762668947.286546,-39074.745029,-44334.072620,-46501.584351,-69203.250110
1762668947.282546,-39003.789425,-44268.842787,-46478.316188,-69182.649255
1762668947.286546,-38990.437984,-44265.028089,-46474.881470,-69185.703993
1762668947.299781,-39027.441293,-44292.490929,-46484.801918,-69196.768105
1762668947.303781,-39086.189121,-44339.030981,-46498.533338,-69208.972156
1762668947.302818,-39093.054831,-44346.660376,-46500.060707,-69207.444787
1762668947.306818,-39034.690708,-44311.948121,-46484.038234,-69191.426039
1762668947.312914,-39001.882076,-44278.379530,-46468.015760,-69182.269275
1762668947.316914,-39035.834372,-44295.545667,-46477.172524,-69193.713367
1762668947.312914,-39091.911167,-44347.424060,-46495.482326,-69213.166833
1762668947.316914,-39097.249508,-44362.302870,-46505.019069,-69216.601551
1762668947.323069,-39030.876011,-44302.791357,-46483.654529,-69195.240736
1762668947.327069,-38988.530636,-44258.158654,-46460.386366,-69180.741906
1762668947.333109,-39034.307003,-44294.018298,-46474.501491,-69194.860756
1762668947.337109,-39085.805416,-44331.785291,-46492.811292,-69208.212197
1762668947.353352,-39081.610739,-44328.350574,-46492.431313,-69202.490151
1762668947.357352,-39007.604122,-44262.357056,-46470.303088,-69178.454578
1762668947.353352,-38988.914341,-44252.056628,-46467.252076,-69179.981947
1762668947.357352,-39023.626596,-44276.472181,-46475.265175,-69189.898670
1762668947.363444,-39072.073996,-44318.050146,-46492.811292,-69202.870131
1762668947.367444,-39078.559726,-44330.637902,-46497.389674,-69206.684828
1762668947.373537,-39025.533944,-44284.861535,-46485.945582,-69191.046059
1762668947.377537,-38996.923715,-44250.529259,-46474.501491,-69181.129336
1762668947.373537,-39019.048214,-44266.551733,-46483.654529,-69187.611341
1762668947.377537,-39078.939706,-44323.772192,-46509.213746,-69205.924869
1762668947.393797,-39089.620113,-44343.609363,-46517.606825,-69209.739566
1762668947.397797,-39029.348642,-44293.638319,-46496.625990,-69190.666080
1762668947.403931,-38991.965353,-44252.056628,-46480.987221,-69179.601967
1762668947.407931,-39041.936398,-44299.360365,-46494.338661,-69195.620716
1762668947.411931,-39101.447910,-44351.238757,-46512.268484,-69208.972156
1762668947.415931,-39115.179330,-44360.011816,-46515.699476,-69208.972156
1762668947.403931,-39047.658443,-44302.027673,-46491.667628,-69189.138710
1762668947.407931,-39025.153965,-44296.305627,-46483.274549,-69187.991321
1762668947.414097,-39059.102535,-44323.772192,-46492.431313,-69199.815392
1762668947.418097,-39105.262607,-44366.497546,-46504.639089,-69215.841591
1762668947.414097,-39114.415646,-44371.839613,-46507.690102,-69215.074182
1762668947.418097,-39049.565792,-44322.248548,-46488.232911,-69197.908044
1762668947.444494,-39007.224143,-44270.366430,-46469.543129,-69183.036685
1762668947.448494,-39031.639695,-44277.995825,-46472.210437,-69187.611341
1762668947.444494,-39091.911167,-44325.679541,-46488.616616,-69203.630090
1762668947.448494,-39099.540561,-44343.229383,-46498.153359,-69207.832217
1762668947.444494,-39025.533944,-44276.852161,-46476.025134,-69187.611341
1762668947.448494,-38982.048631,-44234.510511,-46458.479017,-69173.879921
1762668947.464707,-39027.061313,-44279.523194,-46469.543129,-69188.371301
1762668947.468707,-39089.620113,-44326.063246,-46490.903944,-69202.870131
1762668947.472707,-39082.754403,-44326.063246,-46493.194997,-69200.202823
1762668947.476707,-39016.760886,-44269.986451,-46472.974122,-69179.601967
1762668947.485052,-38998.831064,-44261.213392,-46474.117786,-69178.454578
1762668947.489052,-39036.214352,-44287.152588,-46488.996595,-69189.518690
1762668947.495123,-39098.396897,-44331.021607,-46511.884779,-69206.684828
1762668947.499123,-39101.447910,-44341.322035,-46519.134194,-69209.352136
1762668947.503124,-39040.029049,-44298.212975,-46501.968056,-69194.480777
1762668947.507123,-39004.173130,-44265.788049,-46487.852931,-69182.269275
1762668947.495123,-39035.454392,-44284.861535,-46496.625990,-69189.138710
1762668947.499123,-39097.249508,-44342.845678,-46516.083181,-69209.352136
1762668947.505332,-39104.118943,-44360.775501,-46520.657837,-69213.934243
1762668947.509332,-39035.834372,-44301.267713,-46495.862305,-69194.480777
1762668947.505332,-39002.645761,-44266.935438,-46481.747180,-69186.851382
1762668947.509332,-39059.102535,-44321.101159,-46500.060707,-69208.592176
1762668947.535666,-39114.799351,-44366.497546,-46519.897878,-69223.850965
1762668947.539665,-39122.428745,-44380.228966,-46522.565186,-69227.665663
1762668947.535666,-39056.435227,-44327.970594,-46505.399048,-69208.212197
1762668947.539665,-39034.307003,-44317.286462,-46501.584351,-69208.972156
1762668947.535666,-39065.588266,-44332.165271,-46505.782753,-69216.221571
1762668947.539665,-39112.128317,-44361.919165,-46520.657837,-69228.045642
1762668947.555864,-39113.271981,-44367.641211,-46522.565186,-69225.378335
1762668947.559864,-39044.227451,-44319.577515,-46502.348036,-69209.352136
1762668947.563864,-39008.367807,-44277.615845,-46485.945582,-69196.388125
1762668947.567864,-39032.399654,-44286.768883,-46492.811292,-69200.582802
1762668947.555864,-39090.003818,-44340.558350,-46513.412148,-69218.888879
1762668947.559864,-39106.406271,-44359.631836,-46525.236219,-69223.470986
1762668947.566014,-39026.677608,-44295.161963,-46503.491700,-69202.110171
1762668947.570014,-38987.006992,-44252.436608,-46486.709267,-69187.991321
1762668947.566014,-39034.690708,-44297.453016,-46501.204371,-69202.870131
1762668947.570014,-39088.860154,-44346.280396,-46526.763588,-69218.888879
1762668947.586247,-39083.518088,-44350.475073,-46527.907252,-69217.748940
1762668947.590247,-39020.195603,-44286.388904,-46501.584351,-69194.480777
1762668947.599982,-38995.780051,-44266.551733,-46491.287649,-69186.463952
1762668947.603982,-39022.102952,-44287.152588,-46498.533338,-69192.185998
1762668947.599982,-39071.694016,-44331.401587,-46517.990530,-69205.537438
1762668947.603982,-39077.796042,-44342.081994,-46524.092555,-69207.064807
1762668947.616589,-39017.904550,-44295.545667,-46505.782753,-69189.138710
1762668947.620589,-38991.965353,-44259.686023,-46493.574977,-69179.981947
1762668947.626753,-39027.441293,-44279.139489,-46499.297023,-69186.083972
1762668947.630753,-39086.952806,-44341.322035,-46524.472535,-69204.397500
1762668947.626753,-39088.860154,-44358.868152,-46531.721950,-69207.064807
1762668947.630753,-39026.677608,-44306.226075,-46506.546438,-69187.991321
1762668947.626753,-38999.594748,-44274.564832,-46495.482326,-69175.787270
1762668947.630753,-39051.856846,-44323.392212,-46513.412148,-69193.333387
1762668947.646934,-39104.118943,-44363.446534,-46527.907252,-69207.832217
1762668947.650934,-39107.169956,-44364.970177,-46527.527273,-69205.537438
1762668947.646934,-39028.584957,-44301.647693,-46501.968056,-69185.324013
1762668947.650934,-39004.936814,-44283.717871,-46490.903944,-69182.269275
1762668947.657080,-39036.978036,-44295.545667,-46498.153359,-69189.898670
1762668947.661080,-39077.796042,-44329.494238,-46513.028443,-69201.722741
1762668947.657080,-39074.745029,-44334.452599,-46516.843140,-69199.815392
1762668947.661080,-39017.140865,-44288.296252,-46502.731740,-69184.176624
1762668947.677250,-38981.664926,-44252.436608,-46489.380300,-69173.879921
1762668947.681250,-39005.316794,-44273.037463,-46492.047608,-69178.834558
1762668947.687390,-39072.837681,-44330.257922,-46511.884779,-69199.815392
1762668947.691390,-39075.125009,-44339.030981,-46521.421522,-69202.490151
1762668947.695390,-39006.080478,-44280.666858,-46502.731740,-69178.454578
1762668947.699390,-38976.706564,-44241.376221,-46484.038234,-69167.010486
1762668947.687390,-39020.955563,-44276.852161,-46492.431313,-69184.176624
1762668947.691390,-39070.166647,-44319.577515,-46509.597450,-69196.388125
1762668947.700099,-39073.981345,-44332.165271,-46513.028443,-69195.620716
1762668947.704099,-39003.409445,-44274.564832,-46490.903944,-69175.787270
1762668947.738042,-38984.715939,-44266.935438,-46484.801918,-69176.927209
1762668947.742042,-39020.955563,-44293.254614,-46493.954957,-69184.556603
1762668947.738042,-39074.745029,-44340.174645,-46510.361135,-69196.768105
1762668947.742042,-39076.652378,-44353.909791,-46516.463161,-69199.055433
1762668947.746042,-39016.760886,-44308.897108,-46502.348036,-69184.176624
1762668947.750042,-38998.831064,-44276.852161,-46488.616616,-69174.259901
1762668947.748227,-39038.121700,-44297.453016,-46497.389674,-69179.601967
1762668947.752227,-39090.767503,-44354.289770,-46519.134194,-69199.435413
1762668947.756227,-39096.105844,-44368.404895,-46522.948891,-69204.777479
1762668947.760227,-39022.102952,-44303.555042,-46499.297023,-69182.649255
1762668947.748227,-38985.099643,-44257.014990,-46477.172524,-69171.972573
1762668947.752227,-39034.690708,-44298.976660,-46497.009695,-69192.573428
1762668947.768414,-39083.898067,-44339.794666,-46514.555812,-69206.304848
1762668947.772414,-39078.176022,-44338.651001,-46516.083181,-69202.110171
1762668947.778538,-39005.696774,-44273.801148,-46488.232911,-69178.074598
1762668947.782537,-38983.572274,-44259.306043,-46482.510865,-69176.547229
1762668947.786538,-39026.677608,-44277.995825,-46488.996595,-69184.176624
1762668947.790538,-39077.796042,-44321.101159,-46505.782753,-69198.295474
1762668947.778538,-39074.361324,-44328.730553,-46507.306397,-69199.435413
1762668947.782537,-39016.760886,-44285.245240,-46490.523964,-69184.176624
1762668947.788634,-38980.521262,-44243.663549,-46476.408839,-69170.445204
1762668947.792634,-39011.038840,-44260.066003,-46486.709267,-69176.167250
1762668947.788634,-39078.559726,-44319.193810,-46512.648463,-69196.000695
1762668947.792634,-39086.569101,-44337.507337,-46520.657837,-69197.908044
1762668947.820610,-39012.566209,-44274.944812,-46495.482326,-69179.981947
1762668947.824610,-38985.479623,-44238.705188,-46483.654529,-69168.917835
1762668947.826878,-39036.214352,-44287.916273,-46500.824392,-69183.416665
1762668947.830878,-39090.767503,-44333.308935,-46518.370509,-69195.620716
1762668947.834878,-39091.911167,-44340.938330,-46523.712575,-69195.240736
1762668947.838878,-39019.431919,-44287.152588,-46502.731740,-69177.694619
1762668947.838716,-39006.844163,-44279.139489,-46498.533338,-69178.834558
1762668947.842716,-39038.885385,-44303.175062,-46503.491700,-69188.758731
1762668947.838716,-39090.767503,-44351.618737,-46521.805227,-69205.157459
1762668947.842716,-39094.582200,-44358.868152,-46527.907252,-69206.304848
1762668947.848780,-39020.195603,-44300.884008,-46508.453786,-69184.944034
1762668947.852780,-38993.872702,-44266.551733,-46497.009695,-69175.019860
1762668947.858840,-39019.048214,-44282.574207,-46503.111720,-69184.176624
1762668947.862839,-39078.939706,-44335.599989,-46527.143568,-69201.342762
1762668947.868989,-39080.083370,-44340.174645,-46531.341970,-69198.675454
1762668947.872989,-39009.511471,-44281.046838,-46507.690102,-69179.601967
1762668947.868989,-38977.470249,-44244.427234,-46493.954957,-69169.297814
1762668947.872989,-39027.824998,-44292.490929,-46504.255384,-69187.231362
1762668947.879058,-39077.032357,-44329.494238,-46515.699476,-69196.768105
1762668947.883058,-39072.453976,-44329.114258,-46513.792127,-69191.426039
1762668947.879058,-39001.882076,-44268.842787,-46492.047608,-69167.010486
1762668947.883058,-38983.955979,-44252.820313,-46485.181898,-69162.055850
1762668947.900453,-39017.140865,-44271.893799,-46493.574977,-69168.917835
1762668947.904453,-39073.601365,-44316.142797,-46512.648463,-69186.851382
1762668947.909492,-39080.847055,-44330.257922,-46519.897878,-69189.898670
1762668947.913492,-39020.195603,-44287.152588,-46505.782753,-69175.407290
1762668947.917492,-38998.067379,-44257.398695,-46493.954957,-69165.870547
1762668947.921492,-39025.533944,-44283.337891,-46504.255384,-69174.639881
1762668947.909492,-39094.582200,-44346.280396,-46526.763588,-69194.860756
1762668947.913492,-39110.600948,-44360.775501,-46532.865614,-69198.675454
1762668947.929729,-39043.083787,-44308.513403,-46515.319496,-69180.361927
1762668947.933729,-39014.089853,-44273.037463,-46496.246010,-69171.592593
1762668947.929729,-39064.064622,-44321.864843,-46508.833766,-69190.278649
1762668947.933729,-39110.600948,-44364.210218,-46528.670937,-69204.777479
1762668947.939871,-39100.684226,-44360.395521,-46533.249319,-69205.157459
1762668947.943871,-39028.584957,-44293.638319,-46509.597450,-69183.796644
1762668947.960101,-39009.511471,-44274.944812,-46505.782753,-69183.416665
1762668947.964101,-39027.441293,-44288.296252,-46509.597450,-69188.758731
1762668947.960101,-39073.601365,-44329.114258,-46525.619924,-69199.055433
1762668947.964101,-39082.754403,-44338.651001,-46535.156667,-69202.870131
1762668947.970225,-39028.968662,-44286.008924,-46516.463161,-69183.796644
1762668947.974225,-38996.543735,-44253.200293,-46498.533338,-69171.205163
1762668947.970225,-39024.770260,-44272.273779,-46505.782753,-69179.601967
1762668947.974225,-39083.518088,-44330.257922,-46525.999904,-69200.202823
1762668948.000548,-39081.990719,-44335.599989,-46529.434621,-69199.055433
1762668948.004548,-39015.617222,-44273.417443,-46507.306397,-69174.639881
1762668948.000548,-38978.993893,-44235.270470,-46490.140259,-69159.381092
1762668948.004548,-39027.824998,-44280.286878,-46501.584351,-69171.592593
1762668948.010628,-39074.361324,-44317.670166,-46518.370509,-69182.269275
1762668948.014628,-39068.639278,-44318.433851,-46519.897878,-69177.314639
1762668948.010628,-38998.067379,-44263.880700,-46496.625990,-69153.659046
1762668948.014628,-38996.543735,-44255.871326,-46494.718641,-69156.713784
1762668948.020817,-39036.598057,-44278.379530,-46504.255384,-69163.963199
1762668948.024817,-39088.476449,-44321.864843,-46518.750489,-69177.314639
1762668948.020817,-39094.962180,-44342.845678,-46522.565186,-69184.556603
1762668948.024817,-39041.936398,-44306.606054,-46506.546438,-69175.407290
1762668948.030930,-39015.617222,-44278.379530,-46497.769654,-69169.297814
1762668948.034930,-39049.949497,-44302.411377,-46507.690102,-69179.221988
1762668948.030930,-39106.026292,-44364.970177,-46533.249319,-69199.815392
1762668948.034930,-39123.952389,-44373.363256,-46540.495008,-69199.815392
1762668948.051146,-39049.565792,-44308.133423,-46519.897878,-69178.454578
1762668948.055146,-39014.853537,-44264.644384,-46504.639089,-69167.777896
1762668948.061272,-39059.486240,-44305.842370,-46517.606825,-69184.176624
1762668948.065272,-39101.064205,-44343.989342,-46528.287232,-69195.240736
1762668948.069272,-39094.582200,-44343.989342,-46531.721950,-69195.240736
1762668948.073272,-39025.917649,-44282.194227,-46509.597450,-69178.074598
1762668948.081537,-39007.987827,-44266.171753,-46500.824392,-69175.407290
1762668948.085536,-39033.547044,-44284.101576,-46509.597450,-69181.129336
1762668948.081537,-39073.601365,-44321.864843,-46526.379883,-69187.231362
1762668948.085536,-39078.559726,-44326.823205,-46525.999904,-69181.889296
1762668948.101841,-39012.182504,-44274.944812,-46508.070081,-69164.343178
1762668948.105841,-38979.377598,-44240.992516,-46495.102346,-69156.713784
1762668948.101841,-39012.182504,-44260.066003,-46501.584351,-69165.103137
1762668948.105841,-39078.939706,-44328.730553,-46526.379883,-69187.991321
1762668948.109841,-39083.518088,-44340.174645,-46532.101929,-69192.573428
1762668948.113841,-39017.140865,-44282.954186,-46508.070081,-69173.499942
1762668948.112428,-38985.863328,-44242.899865,-46490.903944,-69159.761071
1762668948.116428,-39034.690708,-44293.254614,-46508.453786,-69173.879921
1762668948.122546,-39083.138108,-44334.836304,-46521.805227,-69186.851382
1762668948.126546,-39082.754403,-44337.887317,-46524.472535,-69183.416665
1762668948.122546,-39020.575583,-44287.532568,-46499.677002,-69163.575768
1762668948.126546,-39004.173130,-44284.101576,-46492.811292,-69165.103137
1762668948.142947,-39045.371115,-44313.855469,-46503.875405,-69175.019860
1762668948.146947,-39093.054831,-44356.197119,-46520.657837,-69189.138710
1762668948.153076,-39091.147482,-44367.641211,-46525.619924,-69192.953408
1762668948.157076,-39027.061313,-44314.619154,-46507.306397,-69175.407290
1762668948.161076,-38993.109018,-44276.088476,-46493.954957,-69164.723158
1762668948.165076,-39026.297629,-44289.823622,-46499.677002,-69170.445204
1762668948.153076,-39081.230760,-44343.609363,-46521.805227,-69191.806018
1762668948.157076,-39076.268673,-44342.465699,-46524.092555,-69192.953408
1762668948.163210,-39002.645761,-44276.852161,-46497.389674,-69168.157876
1762668948.167210,-38967.549801,-44235.270470,-46481.367201,-69153.279066
1762668948.204028,-39002.645761,-44273.801148,-46495.862305,-69164.723158
1762668948.208028,-39052.236825,-44315.379113,-46514.555812,-69175.787270
1762668948.204028,-39050.713181,-44314.235449,-46512.648463,-69175.407290
1762668948.208028,-38985.479623,-44257.778674,-46490.903944,-69158.621132
1762668948.212029,-38968.697190,-44240.992516,-46487.089247,-69154.806435
1762668948.216028,-39001.502097,-44263.880700,-46496.246010,-69163.575768
1762668948.214149,-39053.764194,-44308.513403,-46512.268484,-69173.112512
1762668948.218149,-39063.300937,-44324.915856,-46518.370509,-69178.454578
1762668948.222149,-39001.122117,-44274.564832,-46498.533338,-69161.288440
1762668948.226149,-38970.984519,-44244.807214,-46479.459852,-69150.224328
1762668948.214149,-38999.594748,-44266.935438,-46484.038234,-69157.853723
1762668948.218149,-39064.444602,-44337.123632,-46508.833766,-69179.981947
1762668948.224351,-39070.546627,-44350.475073,-46519.134194,-69180.741906
1762668948.228351,-39011.802524,-44299.360365,-46501.584351,-69160.908461
1762668948.224351,-38983.955979,-44270.366430,-46484.801918,-69156.713784
1762668948.228351,-39038.505405,-44319.577515,-46496.625990,-69174.639881
1762668948.244557,-39093.054831,-44358.488172,-46516.083181,-69185.324013
1762668948.248557,-39091.911167,-44357.340783,-46516.083181,-69180.741906
1762668948.254726,-39019.811898,-44289.823622,-46491.667628,-69158.241153
1762668948.258726,-38994.252682,-44271.130115,-46486.325562,-69152.519107
1762668948.262726,-39026.677608,-44286.008924,-46495.102346,-69156.713784
1762668948.266726,-39067.495614,-44316.526502,-46507.690102,-69163.575768
1762668948.254726,-39059.486240,-44320.341200,-46509.977430,-69161.288440
1762668948.258726,-38991.201669,-44260.829687,-46486.709267,-69141.454995
1762668948.285108,-38949.623704,-44221.919030,-46471.450478,-69131.150842
1762668948.289108,-38979.757577,-44241.756201,-46481.367201,-69138.780236
1762668948.285108,-39043.843746,-44306.606054,-46506.162733,-69161.668420
1762668948.289108,-39041.936398,-44313.091785,-46511.884779,-69164.343178
1762668948.293108,-38975.179195,-44249.385595,-46488.616616,-69144.502282
1762668948.297108,-38946.188986,-44215.817004,-46474.117786,-69137.260318
1762668948.305352,-38999.214768,-44266.935438,-46492.047608,-69155.566394
1762668948.309352,-39048.042148,-44307.749718,-46507.690102,-69165.103137
1762668948.315453,-39046.514779,-44311.948121,-46505.399048,-69161.288440
1762668948.319453,-38984.715939,-44258.158654,-46485.945582,-69141.454995
1762668948.315453,-38966.406137,-44244.807214,-46479.459852,-69139.927626
1762668948.319453,-39001.122117,-44275.708497,-46487.852931,-69152.131677
1762668948.315453,-39048.422128,-44318.433851,-46504.639089,-69168.537855
1762668948.319453,-39069.022983,-44339.030981,-46518.370509,-69175.787270
1762668948.335657,-39009.131491,-44293.254614,-46500.824392,-69160.148501
1762668948.339657,-38981.664926,-44264.644384,-46485.565603,-69150.991738
1762668948.345805,-39017.524570,-44281.046838,-46488.232911,-69154.039025
1762668948.349805,-39085.425436,-44348.951429,-46513.028443,-69176.167250
1762668948.353805,-39083.518088,-44351.618737,-46514.555812,-69175.787270
1762668948.357805,-39012.182504,-44281.810522,-46488.996595,-69153.279066
1762668948.345805,-38977.086544,-44244.047254,-46477.552503,-69143.742323
1762668948.349805,-39031.639695,-44284.481555,-46497.009695,-69161.668420
1762668948.366030,-39067.495614,-44315.379113,-46511.504799,-69171.972573
1762668948.370030,-39047.658443,-44306.989759,-46503.491700,-69164.343178
1762668948.376186,-38984.335959,-44248.241931,-46479.459852,-69142.214954
1762668948.380186,-38958.396763,-44231.839478,-46472.974122,-69139.547646
1762668948.376186,-38985.479623,-44255.491346,-46479.079872,-69145.649672
1762668948.380186,-39030.876011,-44292.110950,-46492.811292,-69153.659046
1762668948.376186,-39036.978036,-44304.698706,-46495.482326,-69157.473743
1762668948.380186,-38973.271847,-44257.778674,-46480.987221,-69142.982364
1762668948.396372,-38946.952671,-44227.261096,-46469.543129,-69130.770862
1762668948.400372,-38985.099643,-44249.385595,-46475.645155,-69141.834974
1762668948.396372,-39050.329477,-44314.235449,-46498.153359,-69163.195789
1762668948.400372,-39043.463767,-44316.142797,-46499.677002,-69162.055850
1762668948.406532,-38977.470249,-44255.871326,-46484.038234,-69144.122303
1762668948.410532,-38955.345750,-44227.261096,-46472.974122,-69135.732949
1762668948.426732,-39011.418819,-44276.852161,-46489.380300,-69152.519107
1762668948.430732,-39060.629904,-44321.864843,-46510.741115,-69167.010486
1762668948.436878,-39061.009884,-44323.392212,-46515.699476,-69166.250527
1762668948.440878,-38999.214768,-44276.088476,-46498.917043,-69149.464369
1762668948.444879,-38977.086544,-44260.829687,-46490.523964,-69144.122303
1762668948.448879,-39017.140865,-44284.101576,-46497.769654,-69149.844348
1762668948.436878,-39063.300937,-44321.484864,-46509.597450,-69159.001112
1762668948.440878,-39061.773568,-44330.637902,-46510.361135,-69161.288440
1762668948.446964,-39000.738412,-44271.893799,-46489.380300,-69144.889712
1762668948.450964,-38959.160447,-44231.075794,-46472.974122,-69133.445621
1762668948.457056,-38989.294320,-44245.570898,-46476.025134,-69138.400257
1762668948.461056,-39058.342576,-44315.379113,-46499.677002,-69160.528481
1762668948.477395,-39053.380489,-44311.948121,-46504.639089,-69154.806435
1762668948.481395,-38976.326585,-44252.820313,-46480.987221,-69133.825600
1762668948.477395,-38952.291012,-44222.302735,-46466.872096,-69125.048816
1762668948.481395,-38998.831064,-44269.986451,-46484.418213,-69140.307605
1762668948.485395,-39045.751095,-44311.184436,-46501.204371,-69151.371717
1762668948.489395,-39035.454392,-44304.698706,-46498.533338,-69145.649672
1762668948.487488,-38964.882493,-44247.478247,-46472.210437,-69127.723575
1762668948.491488,-38952.674717,-44233.746827,-46472.210437,-69125.428796
1762668948.501764,-38987.006992,-44256.251305,-46483.274549,-69133.445621
1762668948.505764,-39036.978036,-44293.638319,-46493.954957,-69147.177041
1762668948.501764,-39046.514779,-44311.948121,-46500.824392,-69152.131677
1762668948.505764,-38987.386972,-44268.842787,-46487.472951,-69137.260318
1762668948.507799,-38959.920406,-44237.177819,-46473.737806,-69127.723575
1762668948.511799,-38995.400071,-44255.491346,-46478.316188,-69137.640297
1762668948.517872,-39064.064622,-44327.206910,-46505.019069,-69162.055850
1762668948.521872,-39059.866220,-44329.114258,-46510.741115,-69161.668420
1762668948.528042,-38987.770677,-44269.222766,-46484.801918,-69141.075015
1762668948.532042,-38973.271847,-44245.954603,-46473.737806,-69137.260318
1762668948.538151,-39027.061313,-44297.069311,-46485.945582,-69157.473743
1762668948.542151,-39063.680917,-44330.257922,-46498.533338,-69162.055850
1762668948.548189,-39048.042148,-44320.341200,-46500.060707,-69155.186415
1762668948.552189,-38985.479623,-44263.500720,-46480.603516,-69139.167666
1762668948.568417,-38970.220834,-44243.663549,-46476.025134,-69134.965539
1762668948.572417,-39011.038840,-44271.510094,-46485.945582,-69144.122303
1762668948.568417,-39056.051522,-44305.462390,-46498.533338,-69155.186415
1762668948.572417,-39062.157273,-44327.970594,-46511.121094,-69161.288440
1762668948.568417,-38997.307420,-44276.088476,-46497.769654,-69144.889712
1762668948.572417,-38972.128183,-44244.047254,-46486.709267,-69134.965539
1762668948.568417,-39003.789425,-44259.306043,-46492.811292,-69139.927626
1762668948.572417,-39067.495614,-44328.350574,-46518.750489,-69162.815809
1762668948.588703,-39063.300937,-44329.114258,-46519.514173,-69157.853723
1762668948.592703,-38990.437984,-44256.635010,-46493.954957,-69128.483534
1762668948.588703,-38963.735104,-44220.011681,-46476.788819,-69117.039442
1762668948.592703,-39012.566209,-44270.750135,-46494.718641,-69136.492908
1762668948.601888,-39064.064622,-44313.855469,-46509.213746,-69150.224328
1762668948.605888,-39056.435227,-44314.235449,-46507.306397,-69150.611758
1762668948.608968,-38987.770677,-44255.491346,-46486.325562,-69133.445621
1762668948.612968,-38979.757577,-44250.149280,-46487.089247,-69134.585559
1762668948.619070,-39017.904550,-44275.324792,-46495.102346,-69145.269692
1762668948.623070,-39068.639278,-44315.379113,-46509.597450,-69158.621132
1762668948.619070,-39074.361324,-44332.545251,-46518.750489,-69160.528481
1762668948.623070,-39006.080478,-44284.861535,-46501.584351,-69146.029651
1762668948.629171,-38993.492723,-44257.014990,-46492.431313,-69140.307605
1762668948.633171,-39030.112326,-44282.574207,-46498.533338,-69147.557020
1762668948.629171,-39099.540561,-44353.526086,-46523.712575,-69168.917835
1762668948.633171,-39087.712765,-44353.146106,-46526.379883,-69166.250527
1762668948.659528,-39028.204978,-44293.638319,-46505.782753,-69147.937000
1762668948.663528,-39003.029466,-44257.014990,-46493.574977,-69138.400257
1762668948.659528,-39043.843746,-44294.018298,-46504.639089,-69150.224328
1762668948.663528,-39090.383798,-44334.452599,-46519.514173,-69164.343178
1762668948.659528,-39082.754403,-44331.401587,-46520.657837,-69162.815809
1762668948.663528,-39009.511471,-44273.037463,-46500.824392,-69142.982364
1762668948.679759,-38985.863328,-44246.714562,-46493.194997,-69137.260318
1762668948.683758,-39018.668234,-44268.459082,-46501.584351,-69145.649672
1762668948.679759,-39066.731930,-44306.226075,-46517.990530,-69156.333804
1762668948.683758,-39070.166647,-44323.008507,-46521.421522,-69156.713784
1762668948.689836,-38999.974728,-44267.315418,-46498.533338,-69139.927626
1762668948.693836,-38974.035531,-44239.085168,-46484.418213,-69131.150842
1762668948.689836,-39007.987827,-44260.449708,-46490.523964,-69136.872888
1762668948.693836,-39067.879319,-44326.063246,-46518.750489,-69157.473743
1762668948.709996,-39060.629904,-44324.155897,-46520.657837,-69154.039025
1762668948.713996,-38985.863328,-44260.449708,-46495.862305,-69130.010903
1762668948.709996,-38957.253098,-44226.881117,-46477.552503,-69118.186831
1762668948.713996,-39013.709873,-44272.657484,-46491.287649,-69136.872888
1762668948.720076,-39050.713181,-44312.711805,-46510.741115,-69147.557020
1762668948.724076,-39042.700082,-44308.513403,-46508.833766,-69143.362343
1762668948.720076,-38980.901241,-44255.871326,-46488.996595,-69128.103554
1762668948.724076,-38968.697190,-44242.519885,-46482.894570,-69123.908877
1762668948.750754,-39005.696774,-44272.273779,-46490.523964,-69136.872888
1762668948.754754,-39054.144174,-44318.050146,-46507.690102,-69154.039025
1762668948.750754,-39061.009884,-44335.599989,-46515.699476,-69157.093763
1762668948.754754,-39006.080478,-44285.625219,-46500.440687,-69140.307605
1762668948.750754,-38980.901241,-44259.306043,-46492.431313,-69132.298231
1762668948.754754,-39015.617222,-44281.810522,-46499.677002,-69139.927626
1762668948.770941,-39086.569101,-44355.433434,-46525.236219,-69163.195789
1762668948.774941,-39079.323411,-44356.960803,-46528.287232,-69160.528481
1762668948.778941,-39008.367807,-44290.583581,-46506.162733,-69140.307605
1762668948.782941,-38975.942880,-44258.158654,-46490.903944,-69133.058190
1762668948.781068,-39021.339267,-44307.749718,-46504.255384,-69148.316979
1762668948.785068,-39072.073996,-44342.081994,-46516.843140,-69155.566394
1762668948.781068,-39071.694016,-44337.887317,-46517.990530,-69152.899086
1762668948.785068,-39001.122117,-44283.337891,-46496.246010,-69132.298231
1762668948.802246,-38970.604539,-44253.963977,-46485.945582,-69126.576185
1762668948.806246,-39007.604122,-44277.232140,-46496.246010,-69136.112928
1762668948.813925,-39052.236825,-44310.804456,-46506.926417,-69142.982364
1762668948.817925,-39050.329477,-44321.864843,-46508.453786,-69146.029651
1762668948.821925,-38975.942880,-44258.542359,-46487.089247,-69126.196206
1762668948.825925,-38953.818381,-44227.641076,-46472.210437,-69115.892053
1762668948.813925,-38983.955979,-44250.149280,-46476.408839,-69124.668837
1762668948.817925,-39050.329477,-44318.050146,-46501.204371,-69147.557020
1762668948.832080,-39037.741721,-44318.813831,-46506.162733,-69148.316979
1762668948.836080,-38977.086544,-44261.973351,-46488.996595,-69132.678211
1762668948.833143,-38963.355124,-44239.085168,-46480.603516,-69125.428796
1762668948.837142,-39013.326168,-44288.676232,-46495.102346,-69142.982364
1762668948.847330,-39066.351950,-44326.823205,-46515.319496,-69154.426455
1762668948.851330,-39059.866220,-44320.341200,-46516.843140,-69149.084389
1762668948.861752,-38991.965353,-44269.986451,-46500.060707,-69133.825600
1762668948.865752,-38973.271847,-44253.583997,-46493.194997,-69130.770862
1762668948.869752,-39014.089853,-44276.088476,-46501.204371,-69138.400257
1762668948.873752,-39065.588266,-44315.762818,-46517.226845,-69150.224328
1762668948.863408,-39069.786668,-44332.545251,-46523.328871,-69151.751697
1762668948.867408,-39004.936814,-44278.759509,-46505.782753,-69131.150842
1762668948.876589,-38982.048631,-44246.334583,-46494.338661,-69120.094180
1762668948.880589,-39015.233517,-44264.264405,-46506.926417,-69125.816226
1762668948.877589,-39078.939706,-44327.586889,-46531.341970,-69143.742323
1762668948.881589,-39065.971971,-44322.248548,-46522.185206,-69135.352969
1762668948.894320,-38995.016366,-44257.778674,-46492.047608,-69115.512073
1762668948.898320,-38966.406137,-44227.641076,-46482.894570,-69109.410048
1762668948.906427,-39004.173130,-44269.602746,-46494.718641,-69125.816226
1762668948.910427,-39046.514779,-44304.318726,-46504.639089,-69136.872888
1762668948.908069,-39041.936398,-44303.555042,-46505.019069,-69135.352969
1762668948.912069,-38982.048631,-44250.149280,-46489.760280,-69115.892053
1762668948.921838,-38963.355124,-44226.881117,-46481.367201,-69110.170007
1762668948.925838,-38994.636387,-44255.491346,-46486.325562,-69118.946791
1762668948.922839,-39037.361741,-44293.638319,-46499.677002,-69131.150842
1762668948.926839,-39047.278464,-44314.619154,-46506.926417,-69140.307605
1762668948.929712,-38980.901241,-44259.686023,-46489.380300,-69121.614099
1762668948.933712,-38957.633078,-44233.363122,-46477.552503,-69112.844765
1762668948.940026,-38988.914341,-44258.158654,-46485.945582,-69121.234119
1762668948.944026,-39058.342576,-44321.864843,-46509.977430,-69142.594934
1762668948.950149,-39054.144174,-44318.050146,-46511.504799,-69137.260318
1762668948.954149,-38985.099643,-44254.343957,-46493.574977,-69116.659462
1762668948.950149,-38960.304111,-44222.682714,-46481.367201,-69110.557437
1762668948.954149,-39010.658860,-44271.510094,-46501.204371,-69125.816226
1762668948.960352,-39067.879319,-44312.711805,-46522.185206,-69139.547646
1762668948.964352,-39054.144174,-44304.698706,-46513.792127,-69136.492908
1762668948.960352,-38986.243308,-44249.769300,-46490.140259,-69113.604724
1762668948.964352,-38972.511888,-44236.034155,-46482.510865,-69111.697376
1762668948.991044,-39009.131491,-44265.408069,-46493.954957,-69120.854139
1762668948.995044,-39057.958871,-44303.935021,-46510.361135,-69134.965539
1762668948.997016,-39062.537253,-44321.101159,-46519.134194,-69141.454995
1762668949.001016,-38996.923715,-44263.120741,-46500.824392,-69122.381508
1762668949.005016,-38968.697190,-44236.797839,-46486.709267,-69117.039442
1762668949.009016,-38996.923715,-44258.158654,-46487.852931,-69123.908877
1762668949.011733,-39053.380489,-44319.577515,-46506.162733,-69140.307605
1762668949.015733,-39043.463767,-44314.619154,-46506.162733,-69136.112928
1762668949.013474,-38966.406137,-44248.241931,-46486.325562,-69116.659462
1762668949.017474,-38943.517953,-44227.261096,-46474.117786,-69108.650088
1762668949.018552,-38991.585374,-44265.408069,-46488.232911,-69120.094180
1762668949.022552,-39044.607431,-44308.513403,-46505.019069,-69131.538272
1762668949.018552,-39031.255990,-44304.318726,-46509.213746,-69132.298231
1762668949.022552,-38966.406137,-44249.005616,-46489.760280,-69118.186831
1762668949.038983,-38960.684091,-44233.746827,-46477.552503,-69113.224745
1762668949.042983,-39006.460458,-44263.120741,-46487.089247,-69123.141468
1762668949.049064,-39051.473141,-44301.647693,-46505.019069,-69132.678211
1762668949.053064,-39052.620530,-44319.193810,-46513.028443,-69137.640297
1762668949.057064,-38984.335959,-44259.306043,-46492.047608,-69115.512073
1762668949.061064,-38963.355124,-44235.270470,-46481.367201,-69108.262658
1762668949.049064,-38999.594748,-44256.635010,-46491.287649,-69117.799401
1762668949.053064,-39070.546627,-44320.721179,-46516.843140,-69139.167666
1762668949.079443,-39062.917233,-44316.526502,-46519.134194,-69133.445621
1762668949.083443,-38986.243308,-44249.385595,-46494.718641,-69110.557437
1762668949.079443,-38967.549801,-44225.353748,-46484.418213,-69104.835391
1762668949.083443,-39026.297629,-44277.232140,-46503.491700,-69123.908877
1762668949.079443,-39073.217660,-44318.050146,-46516.843140,-69135.732949
1762668949.083443,-39057.195187,-44308.133423,-46510.741115,-69130.770862
1762668949.102230,-38991.585374,-44261.213392,-46488.996595,-69113.984704
1762668949.106230,-38970.604539,-44247.098267,-46482.130885,-69111.317396
1762668949.110230,-39005.316794,-44269.986451,-46486.709267,-69120.094180
1762668949.114230,-39055.671543,-44307.369739,-46502.348036,-69131.918252
1762668949.102230,-39057.958871,-44323.392212,-46510.361135,-69135.732949
1762668949.106230,-38984.335959,-44262.357056,-46489.380300,-69115.512073
1762668949.109775,-38956.105709,-44232.983142,-46476.788819,-69105.595350
1762668949.113775,-38987.770677,-44253.963977,-46480.223536,-69109.790027
1762668949.130003,-39051.473141,-44318.813831,-46504.639089,-69130.010903
1762668949.134003,-39037.361741,-44304.318726,-46502.348036,-69122.381508
1762668949.130003,-38971.364498,-44240.612537,-46473.737806,-69097.965956
1762668949.134003,-38953.054696,-44222.302735,-46465.728432,-69092.623889
1762668949.140093,-39001.882076,-44260.066003,-46482.894570,-69105.595350
1762668949.144093,-39054.144174,-44297.069311,-46497.769654,-69118.566811
1762668949.140093,-39044.227451,-44289.823622,-46492.431313,-69116.659462
1762668949.144093,-38972.511888,-44238.325208,-46478.696167,-69100.633264
1762668949.160686,-38955.345750,-44220.011681,-46474.501491,-69096.058607
1762668949.164686,-38993.109018,-44242.899865,-46480.223536,-69104.067981
1762668949.160686,-39039.649069,-44279.523194,-46491.667628,-69112.077355
1762668949.164686,-39044.607431,-44297.453016,-46499.297023,-69116.659462
1762668949.180921,-38982.048631,-44240.612537,-46480.987221,-69096.818566
1762668949.184921,-38970.604539,-44217.724353,-46475.265175,-69092.243910
1762668949.180921,-39010.658860,-44244.427234,-46482.130885,-69100.633264
1762668949.184921,-39072.073996,-44314.999133,-46508.070081,-69123.141468
1762668949.190994,-39057.195187,-44310.420752,-46505.399048,-69120.094180
1762668949.194993,-38978.993893,-44246.714562,-46478.316188,-69098.345935
1762668949.190994,-38960.684091,-44228.024781,-46467.635781,-69096.058607
1762668949.194993,-39004.553109,-44272.657484,-46483.654529,-69114.372134
1762668949.202138,-39060.629904,-44312.711805,-46503.111720,-69128.103554
1762668949.206138,-39054.144174,-44305.082411,-46497.769654,-69125.048816
1762668949.208381,-38985.099643,-44257.014990,-46472.974122,-69107.502699
1762668949.212381,-38970.604539,-44239.848852,-46466.872096,-69105.595350
1762668949.224836,-39004.936814,-44264.644384,-46478.316188,-69113.984704
1762668949.228836,-39051.093161,-44300.884008,-46493.954957,-69122.761488
1762668949.229905,-39057.195187,-44320.721179,-46503.111720,-69128.103554
1762668949.233905,-38986.623287,-44257.014990,-46483.274549,-69112.464786
1762668949.237905,-38965.262473,-44232.219458,-46472.594142,-69108.262658
1762668949.241905,-39003.789425,-44257.014990,-46481.747180,-69117.039442
1762668949.250189,-39066.731930,-44320.721179,-46505.399048,-69134.205580
1762668949.254189,-39053.380489,-44311.948121,-46502.731740,-69127.723575
1762668949.250189,-38980.901241,-44248.621911,-46477.932483,-69104.447961
1762668949.254189,-38964.118809,-44230.695814,-46468.015760,-69100.633264
1762668949.270384,-39009.131491,-44265.788049,-46480.987221,-69115.892053
1762668949.274384,-39060.629904,-44310.804456,-46502.348036,-69127.723575
1762668949.280517,-39056.435227,-44311.564416,-46503.491700,-69124.288857
1762668949.284517,-38994.636387,-44260.829687,-46481.367201,-69111.317396
1762668949.288517,-38969.840854,-44237.941504,-46472.974122,-69104.447961
1762668949.292517,-39004.553109,-44265.408069,-46478.316188,-69112.077355
1762668949.280517,-39051.473141,-44303.175062,-46494.338661,-69124.668837
1762668949.284517,-39051.856846,-44325.679541,-46501.584351,-69132.298231
1762668949.290646,-38981.664926,-44261.973351,-46481.367201,-69113.604724
1762668949.294646,-38966.406137,-44237.941504,-46476.025134,-69109.030068
1762668949.290646,-39006.844163,-44268.459082,-46486.325562,-69119.326770
1762668949.294646,-39067.495614,-44331.401587,-46508.070081,-69138.020277
1762668949.320888,-39056.435227,-44327.586889,-46511.121094,-69134.585559
1762668949.324888,-38978.233933,-44260.449708,-46491.287649,-69111.317396
1762668949.320888,-38955.725729,-44239.085168,-46483.654529,-69107.882679
1762668949.324888,-39010.275155,-44288.676232,-46506.546438,-69130.390882
1762668949.328888,-39066.731930,-44330.637902,-46530.194581,-69142.982364
1762668949.332888,-39057.195187,-44324.155897,-46530.194581,-69140.307605
1762668949.341142,-38994.636387,-44276.472181,-46514.935791,-69127.336144
1762668949.345142,-38977.470249,-44256.251305,-46511.504799,-69127.336144
1762668949.349143,-39012.182504,-44277.232140,-46514.555812,-69136.492908
1762668949.353142,-39059.102535,-44313.091785,-46527.143568,-69148.316979
1762668949.341142,-39062.917233,-44335.979968,-46537.443995,-69151.751697
1762668949.345142,-38991.201669,-44281.810522,-46519.514173,-69129.630923
1762668949.351250,-38974.419236,-44252.436608,-46511.504799,-69129.630923
1762668949.355250,-39007.987827,-44274.944812,-46513.412148,-69138.780236
1762668949.371498,-39070.930332,-44342.845678,-46533.629298,-69158.241153
1762668949.375498,-39063.300937,-44340.558350,-46530.958265,-69155.946374
1762668949.371498,-38996.160030,-44285.245240,-46508.070081,-69139.547646
1762668949.375498,-38982.048631,-44271.510094,-46497.769654,-69136.492908
1762668949.381601,-39038.505405,-44313.855469,-46517.226845,-69151.751697
1762668949.385601,-39088.476449,-44359.248132,-46537.064016,-69165.483117
1762668949.381601,-39079.703391,-44358.488172,-46540.115029,-69165.103137
1762668949.385601,-39014.089853,-44311.184436,-46522.565186,-69146.797061
1762668949.402297,-39000.358433,-44298.596680,-46516.843140,-69147.177041
1762668949.406297,-39039.269090,-44323.392212,-46524.856240,-69160.148501
1762668949.402297,-39081.610739,-44358.104467,-46536.680311,-69167.777896
1762668949.406297,-39084.661752,-44372.599572,-46546.980739,-69171.205163
1762668949.412381,-39017.904550,-44314.619154,-46529.050916,-69152.519107
1762668949.416381,-38996.543735,-44286.388904,-46523.328871,-69146.797061
1762668949.422491,-39032.399654,-44304.318726,-46532.865614,-69152.131677
1762668949.426491,-39092.674851,-44367.641211,-46564.146876,-69173.112512
1762668949.442710,-39088.860154,-44359.631836,-46564.146876,-69170.445204
1762668949.446710,-39023.626596,-44293.638319,-46542.022377,-69149.844348
1762668949.442710,-39004.936814,-44274.181128,-46539.351344,-69145.269692
1762668949.446710,-39051.093161,-44313.091785,-46553.466469,-69159.001112
1762668949.450710,-39100.684226,-44355.433434,-46573.303640,-69173.879921
1762668949.454710,-39091.911167,-44348.567724,-46577.878296,-69173.112512
1762668949.458710,-39030.112326,-44295.545667,-46558.424830,-69155.946374
1762668949.462710,-39010.658860,-44275.324792,-46547.360718,-69151.371717
1762668949.462934,-39044.227451,-44309.277087,-46553.466469,-69164.723158
1762668949.466934,-39096.489549,-44338.651001,-46566.434205,-69172.732532
1762668949.473152,-39107.933640,-44365.353882,-46575.590968,-69179.221988
1762668949.477152,-39044.227451,-44318.050146,-46558.804810,-69165.483117
1762668949.481153,-39021.719247,-44294.018298,-46540.115029,-69157.853723
1762668949.485152,-39064.824581,-44329.494238,-46550.031751,-69170.825183
1762668949.483313,-39130.058140,-44400.449842,-46578.262001,-69192.185998
1762668949.487313,-39119.757712,-44395.487756,-46575.590968,-69186.083972
1762668949.493384,-39055.671543,-44340.174645,-46552.322805,-69165.103137
1762668949.497384,-39039.269090,-44324.915856,-46546.217054,-69160.528481
1762668949.503512,-39077.796042,-44358.104467,-46555.373818,-69167.777896
1762668949.507512,-39120.137691,-44395.107776,-46568.341553,-69175.407290
1762668949.503512,-39101.447910,-44380.228966,-46562.619507,-69170.065224
1762668949.507512,-39036.978036,-44328.350574,-46545.837075,-69153.279066
1762668949.513614,-39019.048214,-44304.698706,-46542.022377,-69149.464369
1762668949.517614,-39061.009884,-44327.970594,-46553.466469,-69160.528481
1762668949.513614,-39098.776877,-44359.248132,-46568.341553,-69170.825183
1762668949.517614,-39109.457284,-44372.983277,-46577.118337,-69172.732532
1762668949.533781,-39043.843746,-44311.564416,-46555.753797,-69151.371717
1762668949.537781,-39016.380906,-44281.810522,-46546.980739,-69145.649672
1762668949.533781,-39055.287838,-44308.133423,-46556.897461,-69156.713784
1762668949.537781,-39116.322994,-44365.733862,-46584.364027,-69176.547229
1762668949.554000,-39102.591574,-44352.766126,-46581.692994,-69169.297814
1762668949.558000,-39025.533944,-44289.823622,-46557.661146,-69147.177041
1762668949.564068,-39003.029466,-44270.366430,-46547.360718,-69143.742323
1762668949.568068,-39062.537253,-44315.379113,-46563.766897,-69159.761071
1762668949.572068,-39102.591574,-44352.002442,-46577.878296,-69170.445204
1762668949.576068,-39092.291147,-44339.794666,-46573.303640,-69162.435830
1762668949.564068,-39032.783359,-44300.120324,-46555.373818,-69149.464369
1762668949.568068,-39019.048214,-44288.676232,-46546.980739,-69148.316979
1762668949.574221,-39057.958871,-44316.142797,-46555.373818,-69157.093763
1762668949.578221,-39107.169956,-44355.053455,-46566.817909,-69172.352552
1762668949.574221,-39104.498923,-44376.797974,-46572.539955,-69183.416665
1762668949.578221,-39030.876011,-44320.341200,-46550.031751,-69162.435830
1762668949.594426,-39017.904550,-44298.976660,-46537.823975,-69154.806435
1762668949.598426,-39057.958871,-44329.877943,-46544.309705,-69163.963199
1762668949.607934,-39125.479758,-44395.487756,-46572.919935,-69186.851382
1762668949.611933,-39117.850363,-44390.913099,-46572.539955,-69187.991321
1762668949.607934,-39044.227451,-44326.443225,-46550.031751,-69165.483117
1762668949.611933,-39024.770260,-44308.133423,-46539.731324,-69159.001112
1762668949.626897,-39068.639278,-44343.989342,-46554.230154,-69173.879921
1762668949.630897,-39124.716073,-44386.334717,-46574.447304,-69189.138710
1762668949.627897,-39112.128317,-44376.797974,-46575.590968,-69184.944034
1762668949.631897,-39053.764194,-44330.257922,-46558.804810,-69170.445204
1762668949.648098,-39025.917649,-44303.175062,-46551.939100,-69164.343178
1762668949.652098,-39048.422128,-44323.392212,-46559.568495,-69169.685245
1762668949.652089,-39109.840989,-44358.488172,-46575.970948,-69176.927209
1762668949.656089,-39111.748338,-44372.983277,-46583.220363,-69180.361927
1762668949.660089,-39024.390280,-44301.267713,-46554.990113,-69157.853723
1762668949.664089,-39003.789425,-44273.037463,-46541.258693,-69150.224328
1762668949.652089,-39044.991136,-44304.318726,-46550.031751,-69157.853723
1762668949.656089,-39105.262607,-44370.692223,-46571.776271,-69179.981947
1762668949.669250,-39089.240134,-44361.155480,-46570.632607,-69176.167250
1762668949.673250,-39021.719247,-44298.596680,-46546.600759,-69154.426455
1762668949.669250,-39013.326168,-44289.823622,-46541.258693,-69151.371717
1762668949.673250,-39067.879319,-44334.836304,-46558.804810,-69168.537855
1762668949.691377,-39112.892002,-44375.270605,-46576.354653,-69181.889296
1762668949.695377,-39104.118943,-44371.455908,-46572.156250,-69181.129336
1762668949.702312,-39052.236825,-44339.414686,-46555.753797,-69170.065224
1762668949.706311,-39036.978036,-44327.970594,-46553.846449,-69170.065224
1762668949.710312,-39071.694016,-44356.197119,-46561.475843,-69176.927209
1762668949.714312,-39119.757712,-44397.778809,-46575.590968,-69188.371301
1762668949.702876,-39126.623422,-44416.468590,-46583.600342,-69196.388125
1762668949.706876,-39061.393589,-44350.858778,-46559.568495,-69174.259901
1762668949.716690,-39041.556418,-44320.721179,-46549.651772,-69165.870547
1762668949.720690,-39073.981345,-44348.951429,-46555.753797,-69176.927209
1762668949.740923,-39139.211178,-44409.602880,-46578.641981,-69192.953408
1762668949.744923,-39125.099778,-44394.727796,-46583.600342,-69185.324013
1762668949.740923,-39048.422128,-44323.008507,-46561.095864,-69161.668420
1762668949.744923,-39038.121700,-44300.884008,-46552.702785,-69153.279066
1762668949.740923,-39077.796042,-44334.072620,-46567.581594,-69165.103137
1762668949.744923,-39120.137691,-44371.075928,-46582.456678,-69178.454578
1762668949.740923,-39101.447910,-44356.580824,-46576.354653,-69170.445204
1762668949.744923,-39044.227451,-44313.091785,-46559.188515,-69154.426455
1762668949.761246,-39019.431919,-44292.490929,-46551.939100,-69148.704410
1762668949.765246,-39049.565792,-44311.948121,-46554.610133,-69154.806435
1762668949.761246,-39093.434811,-44349.331409,-46568.341553,-69162.055850
1762668949.765246,-39093.818516,-44366.877526,-46576.354653,-69166.250527
1762668949.786839,-39020.195603,-44304.698706,-46551.559120,-69145.649672
1762668949.790839,-39007.604122,-44286.388904,-46546.980739,-69139.927626
1762668949.791608,-39056.815207,-44321.101159,-46556.897461,-69155.566394
1762668949.795608,-39133.489132,-44393.200427,-46584.364027,-69181.129336
1762668949.799608,-39125.479758,-44400.066137,-46587.798744,-69179.221988
1762668949.803608,-39060.249925,-44347.044080,-46569.105238,-69160.908461
1762668949.791608,-39046.134800,-44338.267297,-46560.332179,-69160.148501
1762668949.795608,-39096.105844,-44380.992651,-46576.734632,-69175.407290
1762668949.802879,-39155.233651,-44424.097985,-46594.284475,-69190.278649
1762668949.806879,-39143.789560,-44413.037598,-46592.757106,-69186.463952
1762668949.807830,-39084.281772,-44365.733862,-46577.118337,-69170.445204
1762668949.811830,-39072.837681,-44340.938330,-46572.539955,-69162.815809
1762668949.818974,-39111.748338,-44361.155480,-46582.076699,-69172.732532
1762668949.822973,-39139.974862,-44389.005750,-46594.284475,-69184.944034
1762668949.841808,-39149.511606,-44402.737170,-46603.437513,-69187.991321
1762668949.845808,-39075.125009,-44329.877943,-46575.970948,-69164.723158
1762668949.845818,-39038.885385,-44296.689332,-46556.137502,-69156.333804
1762668949.849818,-39072.837681,-44324.155897,-46562.239528,-69165.870547
1762668949.853818,-39115.179330,-44371.455908,-46581.692994,-69179.601967
1762668949.857818,-39099.540561,-44361.919165,-46572.539955,-69168.537855
1762668949.845818,-39021.719247,-44294.398278,-46545.837075,-69147.557020
1762668949.849818,-39018.668234,-44284.101576,-46543.546021,-69148.704410
1762668949.876153,-39073.981345,-44329.494238,-46563.003212,-69164.343178
1762668949.880153,-39116.322994,-44367.641211,-46578.641981,-69176.547229
1762668949.876153,-39099.156857,-44358.104467,-46574.447304,-69170.825183
1762668949.880153,-39042.320102,-44323.392212,-46558.804810,-69160.148501
1762668949.876153,-39034.307003,-44307.749718,-46555.373818,-69158.621132
1762668949.880153,-39079.323411,-44339.414686,-46566.054225,-69168.917835
1762668949.876153,-39126.623422,-44381.756335,-46583.984047,-69178.074598
1762668949.880153,-39131.201804,-44399.686158,-46591.229737,-69180.741906
1762668949.896885,-39059.102535,-44344.753027,-46569.488943,-69158.621132
1762668949.900885,-39046.898484,-44328.350574,-46562.239528,-69155.946374
1762668949.907100,-39096.489549,-44374.506921,-46578.641981,-69171.972573
1762668949.911100,-39159.432054,-44441.264123,-46602.293849,-69195.620716
1762668949.915101,-39141.882211,-44429.820031,-46598.099172,-69188.371301
1762668949.919101,-39068.259299,-44361.919165,-46575.210989,-69164.343178
1762668949.907100,-39064.824581,-44339.030981,-46564.910561,-69158.621132
1762668949.911100,-39102.211595,-44366.877526,-46577.878296,-69167.777896
1762668949.927383,-39141.882211,-44397.778809,-46593.137085,-69176.927209
1762668949.931383,-39112.892002,-44368.784875,-46586.271375,-69170.065224
1762668949.935383,-39041.936398,-44318.050146,-46565.674245,-69153.279066
1762668949.939383,-39013.709873,-44291.730970,-46555.373818,-69150.224328
1762668949.937526,-39046.134800,-44316.142797,-46564.526856,-69160.528481
1762668949.941526,-39100.304246,-44353.146106,-46579.785645,-69172.352552
1762668949.947632,-39090.767503,-44360.775501,-46583.984047,-69173.112512
1762668949.951632,-39014.473557,-44295.161963,-46557.281166,-69149.464369
1762668949.957713,-38997.307420,-44270.750135,-46545.073390,-69142.982364
1762668949.961713,-39045.371115,-44303.555042,-46553.466469,-69154.426455
1762668949.967831,-39095.342159,-44357.340783,-46575.590968,-69171.592593
1762668949.971831,-39087.332785,-44350.858778,-46574.827284,-69167.390466
1762668949.977934,-39022.862911,-44289.823622,-46553.082764,-69146.029651
1762668949.981934,-39014.853537,-44282.194227,-46548.508108,-69143.742323
1762668949.985934,-39063.300937,-44331.021607,-46565.290540,-69159.381092
1762668949.989934,-39118.994027,-44379.085302,-46582.840383,-69172.352552
1762668949.988053,-39105.262607,-44372.983277,-46583.220363,-69170.445204
1762668949.992053,-39046.514779,-44340.938330,-46565.674245,-69160.908461
1762668949.998399,-39032.783359,-44327.970594,-46558.044851,-69157.853723
1762668950.002398,-39081.230760,-44369.548559,-46571.396291,-69175.019860
1762668950.003180,-39128.914475,-44416.852295,-46588.562429,-69193.713367
1762668950.007180,-39139.594883,-44433.634728,-46597.335488,-69198.295474
1762668950.021214,-39064.824581,-44365.733862,-46575.970948,-69174.259901
1762668950.025214,-39043.083787,-44334.836304,-46562.619507,-69164.343178
1762668950.021214,-39088.860154,-44364.590198,-46570.632607,-69172.732532
1762668950.025214,-39136.923850,-44414.944947,-46593.900770,-69186.463952
1762668950.029919,-39112.128317,-44391.293079,-46585.127711,-69173.499942
1762668950.033919,-39026.677608,-44315.379113,-46554.610133,-69150.224328
1762668950.029919,-39015.233517,-44297.832996,-46546.600759,-69146.797061
1762668950.033919,-39062.917233,-44332.165271,-46563.766897,-69156.333804
1762668950.040037,-39107.933640,-44362.682849,-46576.354653,-69168.157876
1762668950.044037,-39084.661752,-44344.753027,-46571.776271,-69164.723158
1762668950.040037,-39019.048214,-44299.360365,-46552.702785,-69148.704410
1762668950.044037,-39001.122117,-44277.995825,-46546.600759,-69141.075015
1762668950.070400,-39046.898484,-44307.369739,-46558.424830,-69149.844348
1762668950.074400,-39094.962180,-44345.516711,-46575.590968,-69161.288440
1762668950.070400,-39093.818516,-44357.724488,-46578.641981,-69163.963199
1762668950.074400,-39019.048214,-44292.874634,-46557.661146,-69141.454995
1762668950.070400,-39001.882076,-44271.510094,-46546.600759,-69132.678211
1762668950.074400,-39043.083787,-44306.989759,-46554.990113,-69149.464369
1762668950.090609,-39105.642587,-44367.641211,-46575.970948,-69169.297814
1762668950.094609,-39090.383798,-44363.446534,-46574.063599,-69167.010486
1762668950.090609,-39024.390280,-44302.411377,-46554.230154,-69148.316979
1762668950.094609,-39024.010301,-44304.318726,-46554.990113,-69152.899086
1762668950.110912,-39076.652378,-44350.858778,-46573.303640,-69171.205163
1762668950.114912,-39114.799351,-44395.107776,-46589.322388,-69183.796644
1762668950.121026,-39107.933640,-44387.858361,-46590.849757,-69176.167250
1762668950.125026,-39065.971971,-44348.187745,-46580.549330,-69161.668420
1762668950.129026,-39057.958871,-44330.637902,-46576.734632,-69155.566394
1762668950.133026,-39098.776877,-44356.580824,-46586.271375,-69161.668420
1762668950.123044,-39138.067514,-44386.714697,-46597.715467,-69171.205163
1762668950.127044,-39125.099778,-44387.478381,-46598.859131,-69171.972573
1762668950.131107,-39044.227451,-44313.091785,-46568.725258,-69146.029651
1762668950.135107,-39020.955563,-44282.954186,-46553.082764,-69135.732949
1762668950.131107,-39052.620530,-44311.184436,-46556.137502,-69142.214954
1762668950.135107,-39104.118943,-44366.877526,-46578.262001,-69160.908461
1762668950.161436,-39083.518088,-44344.753027,-46576.354653,-69155.566394
1762668950.165436,-39004.553109,-44273.417443,-46546.980739,-69132.678211
1762668950.161436,-39004.936814,-44270.366430,-46542.402357,-69134.205580
1762668950.165436,-39054.527879,-44311.948121,-46554.230154,-69146.797061
1762668950.169436,-39094.582200,-44351.238757,-46568.341553,-69159.001112
1762668950.173436,-39073.981345,-44338.651001,-46565.674245,-69153.279066
1762668950.161436,-39022.862911,-44302.791357,-46550.795436,-69140.307605
1762668950.165436,-39010.658860,-44284.861535,-46545.073390,-69136.872888
1762668950.181709,-39053.000510,-44316.906482,-46551.939100,-69147.557020
1762668950.185709,-39102.971554,-44359.631836,-46564.910561,-69160.908461
1762668950.191822,-39100.684226,-44381.756335,-46572.156250,-69164.343178
1762668950.195822,-39027.061313,-44318.433851,-46550.415456,-69142.594934
1762668950.191822,-39015.997201,-44303.555042,-46544.309705,-69138.780236
1762668950.195822,-39075.508714,-44347.804040,-46564.146876,-69156.333804
1762668950.212021,-39122.808725,-44399.686158,-46587.415040,-69173.112512
1762668950.216021,-39112.508297,-44394.344091,-46586.655080,-69172.732532
1762668950.222120,-39048.805833,-44331.401587,-46565.674245,-69153.659046
1762668950.226120,-39043.463767,-44323.772192,-46563.383192,-69150.611758
1762668950.230120,-39090.767503,-44363.446534,-46576.734632,-69163.963199
1762668950.234120,-39131.965488,-44397.395104,-46593.520790,-69175.019860
1762668950.222120,-39109.077305,-44374.890625,-46593.137085,-69166.250527
1762668950.226120,-39057.578892,-44329.114258,-46579.025686,-69149.844348
1762668950.232295,-39040.792733,-44304.698706,-46569.105238,-69141.834974
1762668950.236295,-39067.495614,-44325.679541,-46571.396291,-69147.557020
1762668950.242395,-39116.322994,-44364.970177,-46585.127711,-69158.621132
1762668950.246395,-39106.026292,-44370.692223,-46587.035060,-69165.483117
1762668950.262559,-39031.255990,-44308.133423,-46561.859548,-69143.742323
1762668950.266559,-39009.131491,-44283.717871,-46548.508108,-69139.547646
1762668950.262559,-39053.000510,-44313.471764,-46557.281166,-69153.279066
1762668950.266559,-39105.262607,-44368.404895,-46578.262001,-69168.917835
1762668950.270559,-39093.434811,-44355.433434,-46573.683619,-69159.761071
1762668950.274559,-39012.566209,-44287.916273,-46542.402357,-69134.585559
1762668950.272704,-39007.604122,-44283.337891,-46537.443995,-69131.918252
1762668950.276704,-39059.102535,-44328.350574,-46549.268067,-69146.029651
1762668950.282807,-39109.077305,-44373.363256,-46564.910561,-69159.001112
1762668950.286807,-39095.342159,-44366.877526,-46566.054225,-69155.186415
1762668950.282807,-39040.412754,-44332.545251,-46555.373818,-69146.029651
1762668950.286807,-39029.348642,-44316.526502,-46544.309705,-69141.075015
1762668950.303572,-39076.652378,-44352.766126,-46556.897461,-69154.039025
1762668950.307572,-39125.859737,-44398.158789,-46574.827284,-69167.010486
1762668950.313703,-39133.109152,-44414.561242,-46582.840383,-69171.205163
1762668950.317703,-39066.731930,-44348.567724,-46566.054225,-69150.224328
1762668950.313703,-39048.805833,-44321.484864,-46558.044851,-69144.122303
1762668950.317703,-39091.911167,-44353.526086,-46571.396291,-69155.566394
1762668950.323850,-39147.224277,-44402.737170,-46592.377126,-69171.972573
1762668950.327850,-39130.821824,-44393.964112,-46591.613442,-69168.157876
1762668950.323850,-39051.473141,-44322.628528,-46565.290540,-69144.122303
1762668950.327850,-39035.834372,-44309.657067,-46561.095864,-69143.362343
1762668950.344037,-39081.230760,-44340.558350,-46573.683619,-69152.519107
1762668950.348037,-39129.294455,-44376.034290,-46590.849757,-69160.528481
1762668950.344037,-39106.406271,-44356.580824,-46584.364027,-69150.224328
1762668950.348037,-39043.463767,-44316.142797,-46566.817909,-69137.640297
1762668950.358002,-39021.339267,-44292.490929,-46553.466469,-69135.352969
1762668950.362002,-39059.102535,-44317.670166,-46563.766897,-69147.177041
1762668950.358002,-39102.211595,-44356.960803,-46574.063599,-69157.853723
1762668950.362002,-39096.105844,-44374.890625,-46579.785645,-69160.528481
1762668950.374673,-39011.802524,-44302.027673,-46551.559120,-69138.780236
1762668950.378673,-39012.946188,-44276.088476,-46539.351344,-69132.298231
1762668950.374673,-39067.115635,-44318.433851,-46554.990113,-69146.409631
1762668950.378673,-39120.521396,-44375.270605,-46579.785645,-69162.435830
1762668950.397805,-39112.128317,-44367.641211,-46576.734632,-69160.148501
1762668950.401805,-39047.658443,-44305.842370,-46552.322805,-69142.594934
1762668950.403782,-39044.991136,-44306.226075,-46547.360718,-69140.687585
1762668950.407782,-39090.383798,-44345.136732,-46565.674245,-69148.704410
1762668950.411783,-39139.211178,-44392.056763,-46580.933034,-69160.908461
1762668950.415782,-39122.045040,-44385.951012,-46575.210989,-69153.659046
1762668950.403782,-39071.310312,-44352.382421,-46561.859548,-69145.269692
1762668950.407782,-39053.380489,-44339.030981,-46551.939100,-69146.029651
1762668950.412822,-39096.489549,-44372.983277,-46562.619507,-69155.946374
1762668950.416822,-39151.418954,-44411.130250,-46582.076699,-69167.010486
1762668950.443156,-39139.974862,-44411.893934,-46589.322388,-69165.870547
1762668950.447156,-39059.102535,-44337.887317,-46563.766897,-69144.122303
1762668950.443156,-39040.029049,-44310.040772,-46554.990113,-69136.872888
1762668950.447156,-39073.981345,-44339.794666,-46564.146876,-69146.409631
1762668950.451156,-39136.160165,-44385.571033,-46588.178724,-69158.621132
1762668950.455156,-39114.799351,-44372.219592,-46587.415040,-69150.224328
1762668950.453246,-39033.163339,-44298.212975,-46557.281166,-69123.908877
1762668950.457246,-39022.102952,-44291.730970,-46553.082764,-69122.761488
1762668950.463344,-39061.773568,-44327.206910,-46568.725258,-69133.825600
1762668950.467344,-39106.406271,-44363.826513,-46582.840383,-69144.122303
1762668950.463344,-39093.818516,-44351.238757,-46578.641981,-69137.640297
1762668950.467344,-39038.121700,-44315.379113,-46563.766897,-69126.956165
1762668950.473593,-39024.010301,-44286.388904,-46552.322805,-69120.094180
1762668950.477592,-39070.166647,-44314.999133,-46564.526856,-69130.770862
1762668950.473593,-39118.614048,-44362.682849,-46578.641981,-69144.502282
1762668950.477592,-39115.179330,-44372.599572,-46584.364027,-69147.557020
1762668950.503946,-39040.412754,-44305.842370,-46557.281166,-69126.956165
1762668950.507946,-39023.626596,-44282.194227,-46540.115029,-69119.706750
1762668950.503946,-39074.745029,-44324.915856,-46555.753797,-69136.872888
1762668950.507946,-39131.201804,-44385.571033,-46578.641981,-69155.946374
1762668950.511946,-39120.137691,-44376.797974,-46577.498317,-69149.464369
1762668950.515946,-39051.093161,-44314.235449,-46558.804810,-69130.390882
1762668950.503946,-39045.751095,-44305.082411,-46552.322805,-69130.770862
1762668950.507946,-39087.712765,-44338.267297,-46565.290540,-69140.687585
1762668950.534316,-39132.345468,-44381.756335,-46580.933034,-69152.131677
1762668950.538316,-39106.786251,-44363.826513,-46573.303640,-69142.982364
1762668950.534316,-39048.422128,-44319.193810,-46556.897461,-69129.630923
1762668950.538316,-39027.824998,-44298.976660,-46547.360718,-69130.010903
1762668950.542316,-39062.537253,-44329.114258,-46555.373818,-69141.454995
1762668950.546316,-39120.137691,-44365.733862,-46572.919935,-69150.991738
1762668950.554522,-39113.271981,-44370.312244,-46582.840383,-69148.316979
1762668950.558522,-39035.454392,-44302.791357,-46558.044851,-69120.854139
1762668950.554522,-39014.089853,-44281.430542,-46546.980739,-69114.372134
1762668950.558522,-39056.815207,-44315.762818,-46563.003212,-69127.723575
1762668950.564607,-39104.878902,-44361.155480,-46582.840383,-69141.454995
1762668950.568607,-39085.045457,-44350.095093,-46580.169350,-69136.492908
1762668950.564607,-39006.080478,-44277.232140,-46549.651772,-69110.557437
1762668950.568607,-38993.872702,-44267.315418,-46543.166041,-69105.975330
1762668950.584821,-39039.269090,-44300.884008,-46554.230154,-69115.892053
1762668950.588821,-39088.476449,-44340.558350,-46570.248902,-69128.103554
1762668950.584821,-39065.971971,-44323.772192,-46568.341553,-69119.706750
1762668950.588821,-39008.367807,-44287.916273,-46553.082764,-69107.122719
1762668950.594953,-38994.252682,-44268.079102,-46539.731324,-69101.400673
1762668950.598953,-39034.690708,-44297.069311,-46546.600759,-69112.464786
1762668950.594953,-39077.416062,-44338.267297,-46559.568495,-69123.521447
1762668950.598953,-39075.125009,-44347.044080,-46560.712159,-69123.141468
1762668950.625365,-38998.831064,-44276.472181,-46534.392983,-69100.633264
1762668950.629365,-38986.243308,-44259.686023,-46522.185206,-69097.585976
1762668950.625365,-39048.422128,-44303.935021,-46534.772962,-69113.224745
1762668950.629365,-39098.776877,-44359.248132,-46555.373818,-69129.630923
1762668950.625365,-39088.476449,-44347.044080,-46553.082764,-69123.521447
1762668950.629365,-39019.811898,-44281.810522,-46530.194581,-69102.540612
1762668950.625365,-39014.089853,-44276.852161,-46526.379883,-69106.355309
1762668950.629365,-39050.713181,-44306.989759,-46540.878713,-69116.279483
1762668950.645564,-39096.105844,-44350.475073,-46558.424830,-69126.576185
1762668950.649564,-39072.453976,-44335.979968,-46551.175416,-69120.474160
1762668950.655745,-39011.802524,-44294.781983,-46534.772962,-69106.742740
1762668950.659745,-38999.974728,-44271.130115,-46525.999904,-69101.780653
1762668950.655745,-39041.176438,-44302.411377,-46541.638672,-69110.557437
1762668950.659745,-39086.189121,-44348.187745,-46560.332179,-69124.288857
1762668950.675877,-39075.125009,-44349.331409,-46555.373818,-69126.576185
1762668950.679877,-39004.553109,-44283.337891,-46536.680311,-69103.308022
1762668950.686032,-38987.006992,-44261.213392,-46530.194581,-69093.391299
1762668950.690032,-39030.112326,-44302.411377,-46544.309705,-69103.688002
1762668950.694032,-39092.291147,-44355.433434,-46572.539955,-69121.234119
1762668950.698032,-39075.508714,-44335.216284,-46575.970948,-69114.752114
1762668950.686032,-39003.789425,-44263.500720,-46550.415456,-69088.429213
1762668950.690032,-38999.594748,-44263.120741,-46547.744423,-69089.576602
1762668950.706270,-39042.320102,-44297.069311,-46559.952199,-69100.633264
1762668950.710270,-39089.240134,-44335.599989,-46576.734632,-69113.604724
1762668950.706270,-39066.731930,-44310.420752,-46567.961574,-69102.540612
1762668950.710270,-39009.511471,-44266.171753,-46545.837075,-69085.374475
1762668950.726718,-38993.872702,-44250.149280,-46537.064016,-69081.179798
1762668950.730718,-39038.885385,-44286.008924,-46550.415456,-69093.391299
1762668950.726718,-39086.569101,-44330.257922,-46560.712159,-69105.595350
1762668950.730718,-39067.495614,-44338.651001,-46559.952199,-69105.595350
1762668950.726718,-38995.016366,-44271.130115,-46535.916626,-69083.087146
1762668950.730718,-38980.521262,-44244.807214,-46521.041542,-69076.985121
1762668950.737153,-39030.876011,-44293.638319,-46533.249319,-69095.678627
1762668950.741153,-39090.003818,-44352.382421,-46557.661146,-69117.419422
1762668950.747291,-39063.680917,-44339.030981,-46550.795436,-69112.844765
1762668950.751291,-38992.729038,-44275.324792,-46522.185206,-69090.716541
1762668950.747291,-38993.872702,-44274.944812,-46521.041542,-69091.096520
1762668950.751291,-39037.741721,-44305.462390,-46536.680311,-69099.493325
1762668950.767466,-39079.703391,-44341.322035,-46553.466469,-69110.170007
1762668950.771466,-39055.671543,-44324.535877,-46547.360718,-69102.540612
1762668950.777623,-39003.029466,-44288.296252,-46530.958265,-69089.189172
1762668950.781623,-38995.780051,-44270.366430,-46524.472535,-69089.576602
1762668950.777623,-39035.070688,-44300.884008,-46538.587660,-69100.633264
1762668950.781623,-39077.796042,-44342.845678,-46557.281166,-69116.279483
1762668950.787723,-39055.671543,-44337.887317,-46552.702785,-69112.844765
1762668950.791723,-38983.955979,-44271.510094,-46530.194581,-69089.189172
1762668950.797814,-38974.419236,-44249.385595,-46522.185206,-69080.039859
1762668950.801814,-39026.297629,-44297.069311,-46535.536647,-69096.438587
1762668950.818059,-39075.888693,-44343.229383,-46556.137502,-69113.604724
1762668950.822059,-39064.824581,-44331.021607,-46555.753797,-69105.975330
1762668950.818059,-38998.067379,-44264.644384,-46530.578285,-69078.892469
1762668950.822059,-38993.872702,-44262.357056,-46528.670937,-69081.559777
1762668950.826059,-39030.876011,-44294.018298,-46535.156667,-69094.151258
1762668950.830059,-39082.754403,-44334.836304,-46551.175416,-69105.595350
1762668950.828155,-39059.486240,-44314.619154,-46542.022377,-69099.113345
1762668950.832155,-38995.400071,-44276.472181,-46526.379883,-69087.281823
1762668950.839635,-38983.572274,-44254.727662,-46523.712575,-69081.559777
1762668950.843635,-39027.824998,-44281.430542,-46531.341970,-69087.281823
1762668950.839635,-39076.652378,-44326.063246,-46546.217054,-69101.020694
1762668950.843635,-39057.578892,-44325.679541,-46546.600759,-69099.493325
1762668950.848672,-38978.613913,-44257.014990,-46517.990530,-69074.697793
1762668950.852672,-38976.326585,-44244.047254,-46509.977430,-69071.643054
1762668950.848672,-39029.348642,-44290.203601,-46527.143568,-69090.336561
1762668950.852672,-39080.467075,-44341.702014,-46549.651772,-69112.464786
1762668950.868889,-39057.195187,-44325.299561,-46543.166041,-69105.595350
1762668950.872889,-38982.808590,-44261.213392,-46515.699476,-69084.234536
1762668950.868889,-38982.048631,-44263.500720,-46512.268484,-69086.521864
1762668950.872889,-39021.339267,-44295.161963,-46522.565186,-69094.911218
1762668950.878977,-39072.453976,-44339.414686,-46541.638672,-69106.355309
1762668950.882977,-39046.898484,-44321.864843,-46534.772962,-69095.298648
1762668950.909477,-38993.109018,-44278.759509,-46525.619924,-69080.799818
1762668950.913476,-38980.521262,-44253.200293,-46518.370509,-69075.077772
1762668950.909477,-39022.102952,-44282.194227,-46528.287232,-69084.234536
1762668950.913476,-39067.879319,-44326.063246,-46544.693410,-69096.438587
1762668950.917477,-39056.051522,-44321.484864,-46544.693410,-69093.771279
1762668950.921477,-38996.923715,-44262.737036,-46522.565186,-69075.077772
1762668950.909477,-38978.993893,-44239.848852,-46511.504799,-69067.448378
1762668950.913476,-39027.061313,-44280.286878,-46525.619924,-69077.745080
1762668950.929725,-39078.559726,-44325.299561,-46547.360718,-69092.243910
1762668950.933725,-39061.009884,-44310.420752,-46537.823975,-69086.901844
1762668950.929725,-38986.623287,-44242.899865,-46509.597450,-69064.393640
1762668950.933725,-38972.128183,-44241.376221,-46506.162733,-69063.633680
1762668950.939851,-39020.955563,-44271.510094,-46519.897878,-69073.550403
1762668950.943851,-39061.393589,-44310.420752,-46535.916626,-69085.374475
1762668950.939851,-39038.505405,-44295.545667,-46524.856240,-69078.512490
1762668950.943851,-38983.192295,-44260.449708,-46510.741115,-69068.208337
1762668950.960100,-38966.789842,-44238.325208,-46504.639089,-69063.633680
1762668950.964100,-39009.895176,-44269.986451,-46510.361135,-69076.225162
1762668950.960100,-39058.342576,-44321.864843,-46526.763588,-69094.531238
1762668950.964100,-39048.805833,-44325.679541,-46527.527273,-69090.716541
1762668950.970182,-38974.419236,-44264.644384,-46505.399048,-69070.503116
1762668950.974182,-38959.920406,-44245.954603,-46497.769654,-69068.975747
1762668950.970182,-39012.182504,-44295.545667,-46510.741115,-69086.141884
1762668950.974182,-39070.166647,-44356.580824,-46538.971364,-69102.928042
1762668950.990394,-39053.764194,-44338.267297,-46539.351344,-69101.400673
1762668950.994394,-38986.623287,-44269.222766,-46516.463161,-69078.512490
1762668951.000478,-38993.109018,-44276.088476,-46516.463161,-69082.707167
1762668951.004478,-39041.176438,-44308.897108,-46529.434621,-69093.771279
1762668951.004587,-39083.898067,-44345.896691,-46550.031751,-69101.020694
1762668951.008587,-39055.287838,-44322.628528,-46542.786062,-69089.576602
1762668951.020799,-38999.974728,-44278.759509,-46524.092555,-69074.697793
1762668951.024799,-38988.914341,-44259.306043,-46514.935791,-69068.595767
1762668951.020799,-39032.399654,-44287.152588,-46524.856240,-69078.512490
1762668951.024799,-39088.860154,-44328.350574,-46545.837075,-69094.151258
1762668951.030899,-39070.546627,-44324.535877,-46543.546021,-69090.716541
1762668951.034899,-38988.530636,-44256.251305,-46517.226845,-69068.595767
1762668951.051105,-38965.642452,-44232.603163,-46508.833766,-69059.818983
1762668951.055105,-39029.348642,-44277.995825,-46524.856240,-69073.550403
1762668951.051105,-39079.323411,-44323.392212,-46540.495008,-69085.761905
1762668951.055105,-39048.042148,-44306.989759,-46530.958265,-69078.892469
1762668951.061205,-38979.757577,-44246.334583,-46508.833766,-69062.106311
1762668951.065205,-38981.284946,-44248.621911,-46508.833766,-69065.921009
1762668951.069206,-39016.760886,-44278.379530,-46519.514173,-69074.697793
1762668951.073205,-39056.435227,-44318.433851,-46532.865614,-69087.669253
1762668951.061205,-39033.927023,-44302.411377,-46525.236219,-69078.132510
1762668951.065205,-38979.757577,-44271.510094,-46511.884779,-69067.828357
1762668951.081533,-38966.406137,-44248.621911,-46506.162733,-69061.726332
1762668951.085533,-39009.895176,-44278.759509,-46520.277858,-69071.263075
1762668951.081533,-39068.259299,-44329.114258,-46540.878713,-69085.374475
1762668951.085533,-39056.051522,-44330.257922,-46545.453370,-69085.374475
1762668951.091635,-38988.914341,-44262.357056,-46523.328871,-69065.541029
1762668951.095635,-38978.613913,-44242.139906,-46511.121094,-69060.966372
1762668951.101768,-39035.070688,-44292.874634,-46528.287232,-69079.272449
1762668951.105768,-39083.138108,-44340.938330,-46549.651772,-69093.771279
1762668951.111952,-39056.815207,-44323.772192,-46542.022377,-69081.559777
1762668951.115952,-38989.678025,-44261.213392,-46519.134194,-69065.541029
1762668951.111952,-38992.345333,-44265.408069,-46519.514173,-69071.263075
1762668951.115952,-39025.533944,-44302.411377,-46530.578285,-69084.234536
1762668951.125722,-39081.990719,-44342.845678,-46550.795436,-69100.253284
1762668951.129722,-39065.588266,-44323.772192,-46546.217054,-69094.531238
1762668951.142340,-39009.895176,-44277.232140,-46530.578285,-69077.365100
1762668951.146340,-38990.821689,-44251.676649,-46519.514173,-69069.355726
1762668951.142340,-39022.862911,-44282.954186,-46528.287232,-69080.799818
1762668951.146340,-39058.342576,-44323.392212,-46543.546021,-69092.623889
1762668951.162727,-39039.269090,-44313.471764,-46539.731324,-69086.141884
1762668951.166727,-38971.364498,-44255.491346,-46514.175832,-69067.068398
1762668951.162727,-38956.869394,-44232.983142,-46500.060707,-69060.578942
1762668951.166727,-39005.696774,-44279.903173,-46516.083181,-69079.652429
1762668951.170727,-39056.435227,-44329.877943,-46536.300331,-69094.911218
1762668951.174727,-39034.307003,-44315.762818,-46534.392983,-69086.141884
1762668951.172808,-38968.697190,-44253.200293,-46513.028443,-69068.595767
1762668951.176808,-38980.521262,-44264.644384,-46517.990530,-69073.170424
1762668951.182900,-39032.399654,-44305.462390,-46538.207680,-69087.281823
1762668951.186900,-39077.416062,-44348.567724,-46558.424830,-69101.020694
1762668951.193081,-39060.249925,-44334.452599,-46560.712159,-69094.531238
1762668951.197081,-39011.038840,-44299.360365,-46546.217054,-69085.374475
1762668951.201081,-39007.987827,-44281.046838,-46543.166041,-69083.854556
1762668951.205081,-39052.236825,-44315.379113,-46558.424830,-69099.493325
1762668951.193081,-39104.878902,-44366.877526,-46576.734632,-69115.892053
1762668951.197081,-39089.620113,-44369.932264,-46579.785645,-69117.039442
1762668951.213227,-39019.811898,-44307.749718,-46558.804810,-69099.493325
1762668951.217227,-39008.751512,-44290.583581,-46551.175416,-69096.818566
1762668951.213227,-39064.824581,-44337.123632,-46570.248902,-69112.077355
1762668951.217227,-39107.169956,-44380.228966,-46587.798744,-69126.196206
1762668951.223391,-39083.898067,-44361.919165,-46582.840383,-69118.186831
1762668951.227391,-39011.802524,-44293.638319,-46553.846449,-69094.911218
1762668951.233463,-39007.224143,-44297.069311,-46554.230154,-69098.345935
1762668951.237463,-39052.236825,-44331.401587,-46566.817909,-69110.557437
1762668951.243558,-39102.211595,-44367.261231,-46580.933034,-69116.659462
1762668951.247558,-39069.402963,-44338.651001,-46573.303640,-69103.308022
1762668951.253685,-39008.751512,-44292.110950,-46550.795436,-69093.391299
1762668951.257685,-38996.160030,-44273.801148,-46541.258693,-69086.521864
1762668951.263751,-39034.307003,-44307.369739,-46551.175416,-69094.151258
1762668951.267751,-39089.240134,-44355.053455,-46570.248902,-69109.030068
1762668951.284002,-39075.125009,-44346.280396,-46568.725258,-69102.160633
1762668951.288002,-39004.936814,-44287.916273,-46548.124403,-69082.707167
1762668951.284002,-38994.252682,-44270.366430,-46540.878713,-69077.365100
1762668951.288002,-39049.565792,-44318.813831,-46557.661146,-69091.863930
1762668951.292002,-39101.447910,-44362.682849,-46577.498317,-69102.928042
1762668951.296002,-39077.796042,-44346.660376,-46573.683619,-69097.585976
1762668951.284002,-39004.936814,-44279.523194,-46547.744423,-69074.697793
1762668951.288002,-39004.553109,-44284.861535,-46544.309705,-69076.985121
1762668951.305124,-39050.713181,-44315.379113,-46554.610133,-69085.761905
1762668951.309124,-39094.962180,-44350.095093,-46569.868922,-69096.058607
1762668951.305124,-39064.444602,-44331.401587,-46563.003212,-69088.809192
1762668951.309124,-39001.502097,-44290.583581,-46545.073390,-69076.225162
1762668951.314817,-38986.623287,-44276.088476,-46540.878713,-69072.023034
1762668951.318817,-39039.649069,-44304.698706,-46554.230154,-69086.141884
1762668951.314817,-39088.860154,-44352.766126,-46574.063599,-69102.160633
1762668951.318817,-39065.588266,-44344.373047,-46572.156250,-69093.391299
1762668951.345093,-38988.914341,-44272.657484,-46543.166041,-69069.355726
1762668951.349093,-38982.048631,-44251.292944,-46537.823975,-69064.013660
1762668951.345093,-39034.307003,-44298.976660,-46554.990113,-69079.652429
1762668951.349093,-39080.847055,-44343.989342,-46577.498317,-69096.438587
1762668951.353094,-39052.236825,-44326.443225,-46572.539955,-69089.576602
1762668951.357094,-38990.437984,-44263.880700,-46546.980739,-69070.115685
1762668951.345093,-38996.543735,-44275.324792,-46551.175416,-69075.837731
1762668951.349093,-39033.163339,-44303.555042,-46562.619507,-69084.234536
1762668951.375464,-39072.453976,-44340.558350,-46573.683619,-69094.531238
1762668951.379464,-39051.856846,-44325.679541,-46567.961574,-69087.669253
1762668951.375464,-38999.214768,-44294.018298,-46550.415456,-69078.892469
1762668951.379464,-38993.492723,-44279.903173,-46545.837075,-69075.837731
1762668951.375464,-39041.176438,-44311.948121,-46561.859548,-69086.901844
1762668951.379464,-39079.703391,-44355.817139,-46576.734632,-69098.725915
1762668951.395684,-39070.166647,-44351.618737,-46577.878296,-69091.096520
1762668951.399684,-39007.987827,-44290.967286,-46556.137502,-69073.930383
1762668951.395684,-38997.687399,-44269.986451,-46541.258693,-69069.735706
1762668951.399684,-39050.329477,-44323.772192,-46558.804810,-69091.096520
1762668951.405311,-39102.971554,-44365.733862,-46580.169350,-69105.975330
1762668951.409311,-39075.888693,-44343.609363,-46571.776271,-69094.151258
1762668951.405311,-38996.923715,-44276.852161,-46544.693410,-69072.023034
1762668951.409311,-39012.946188,-44286.768883,-46548.888087,-69076.985121
1762668951.425522,-39054.144174,-44316.142797,-46562.239528,-69086.901844
1762668951.429522,-39094.582200,-44352.382421,-46572.539955,-69096.438587
1762668951.435664,-39061.393589,-44327.970594,-46560.712159,-69086.901844
1762668951.439664,-38998.831064,-44283.717871,-46542.022377,-69072.023034
1762668951.443664,-38988.914341,-44266.935438,-46536.680311,-69071.263075
1762668951.447664,-39034.690708,-44298.212975,-46549.268067,-69083.087146
1762668951.435664,-39082.374424,-44343.989342,-46567.581594,-69096.438587
1762668951.439664,-39064.064622,-44337.123632,-46569.105238,-69090.716541
1762668951.455914,-38995.016366,-44271.893799,-46549.268067,-69069.735706
1762668951.459913,-38983.955979,-44254.343957,-46540.878713,-69063.633680
1762668951.455914,-39048.422128,-44309.277087,-46560.332179,-69080.419838
1762668951.459913,-39098.396897,-44352.766126,-46582.840383,-69096.818566
1762668951.476333,-39068.259299,-44339.414686,-46577.498317,-69092.243910
1762668951.480333,-39006.460458,-44279.903173,-46553.466469,-69073.930383
1762668951.486415,-39014.473557,-44294.018298,-46556.137502,-69084.234536
1762668951.490415,-39059.102535,-44328.350574,-46570.248902,-69094.911218
1762668951.494415,-39104.118943,-44369.932264,-46583.984047,-69104.067981
1762668951.498415,-39072.837681,-44347.804040,-46577.498317,-69097.585976
1762668951.496556,-39009.895176,-44303.555042,-46555.373818,-69080.039859
1762668951.500556,-38997.687399,-44284.101576,-46547.360718,-69072.023034
1762668951.496556,-39046.898484,-44318.050146,-46559.188515,-69083.854556
1762668951.500556,-39106.406271,-44370.692223,-46581.313014,-69102.928042
1762668951.516819,-39080.847055,-44358.868152,-46578.641981,-69101.780653
1762668951.520819,-39007.224143,-44287.152588,-46554.230154,-69074.697793
1762668951.516819,-39006.080478,-44268.842787,-46544.309705,-69069.735706
1762668951.520819,-39064.064622,-44323.392212,-46559.952199,-69088.049233
1762668951.526966,-39106.406271,-44360.395521,-46576.734632,-69096.818566
1762668951.530966,-39072.073996,-44333.692640,-46568.341553,-69086.521864
1762668951.526966,-38997.307420,-44262.357056,-46541.638672,-69064.013660
1762668951.530966,-39006.460458,-44273.801148,-46543.929726,-69067.448378
1762668951.537070,-39047.658443,-44308.133423,-46558.044851,-69077.365100
1762668951.541070,-39090.383798,-44343.229383,-46574.447304,-69088.429213
1762668951.547174,-39062.157273,-44326.443225,-46568.341553,-69083.467126
1762668951.551174,-39004.173130,-44283.717871,-46555.373818,-69073.170424
1762668951.567415,-39006.460458,-44270.366430,-46553.846449,-69070.115685
1762668951.571415,-39044.607431,-44298.596680,-46567.197889,-69077.745080
1762668951.567415,-39088.476449,-44348.567724,-46579.405665,-69093.391299
1762668951.571415,-39064.444602,-44339.414686,-46573.683619,-69087.669253
1762668951.567415,-38996.543735,-44276.472181,-46548.508108,-69069.355726
1762668951.571415,-38994.252682,-44258.542359,-46543.166041,-69064.781070
1762668951.577546,-39048.042148,-44311.184436,-46558.804810,-69078.132510
1762668951.581546,-39090.767503,-44355.817139,-46571.776271,-69092.623889
1762668951.587691,-39062.537253,-44333.308935,-46572.539955,-69085.374475
1762668951.591691,-38990.821689,-44267.695397,-46549.268067,-69065.161049
1762668951.605890,-39008.751512,-44282.954186,-46552.702785,-69072.023034
1762668951.609890,-39056.435227,-44310.804456,-46566.434205,-69079.652429
1762668951.607909,-39101.064205,-44343.229383,-46578.641981,-69088.429213
1762668951.611909,-39075.508714,-44327.206910,-46575.590968,-69079.652429
1762668951.628115,-39005.696774,-44275.708497,-46553.846449,-69063.633680
1762668951.632115,-38999.214768,-44265.788049,-46545.837075,-69063.253701
1762668951.636116,-39044.991136,-44297.069311,-46559.188515,-69075.457752
1762668951.640115,-39099.156857,-44352.002442,-46577.118337,-69095.298648
1762668951.628115,-39078.176022,-44348.187745,-46572.919935,-69092.243910
1762668951.632115,-39006.844163,-44285.245240,-46554.230154,-69072.023034
1762668951.628115,-39001.502097,-44268.079102,-46546.600759,-69066.688418
1762668951.632115,-39057.578892,-44322.628528,-46563.766897,-69088.049233
1762668951.658433,-39096.105844,-44363.826513,-46581.692994,-69101.400673
1762668951.662433,-39068.639278,-44344.753027,-46575.590968,-69093.771279
1762668951.658433,-38995.016366,-44282.954186,-46550.415456,-69075.457752
1762668951.662433,-39008.751512,-44292.874634,-46555.373818,-69082.327187
1762668951.666433,-39049.185812,-44321.864843,-46563.383192,-69094.151258
1762668951.670433,-39088.476449,-44360.011816,-46575.970948,-69105.215371
1762668951.658433,-39051.856846,-44340.174645,-46570.632607,-69094.911218
1762668951.662433,-38989.678025,-44294.781983,-46550.415456,-69079.272449
1762668951.678685,-38984.715939,-44278.379530,-46544.693410,-69073.170424
1762668951.682685,-39020.575583,-44303.175062,-46556.897461,-69082.707167
1762668951.678685,-39065.971971,-44350.475073,-46576.354653,-69097.205997
1762668951.682685,-39051.473141,-44339.030981,-46576.734632,-69091.863930
1762668951.688794,-38989.678025,-44273.801148,-46555.753797,-69068.208337
1762668951.692794,-38977.850229,-44256.251305,-46546.600759,-69064.013660
1762668951.688794,-39031.255990,-44310.804456,-46565.674245,-69085.374475
1762668951.692794,-39074.361324,-44343.609363,-46583.600342,-69096.058607
1762668951.709066,-39048.805833,-44321.101159,-46575.210989,-69085.374475
1762668951.713066,-38978.233933,-44257.778674,-46548.508108,-69064.013660
1762668951.719106,-38982.048631,-44269.986451,-46548.888087,-69070.115685
1762668951.723106,-39028.968662,-44302.027673,-46558.044851,-69081.947207
1762668951.719106,-39070.930332,-44343.989342,-46573.683619,-69095.678627
1762668951.723106,-39042.320102,-44331.021607,-46570.632607,-69091.096520
1762668951.739675,-38988.150656,-44282.954186,-46552.702785,-69077.745080
1762668951.743675,-38985.863328,-44271.130115,-46543.929726,-69076.225162
1762668951.739675,-39032.783359,-44304.318726,-46554.610133,-69086.901844
1762668951.743675,-39091.911167,-44361.155480,-46578.262001,-69104.067981
1762668951.759851,-39062.917233,-44349.331409,-46575.590968,-69099.113345
1762668951.763851,-38989.294320,-44288.296252,-46550.415456,-69079.652429
1762668951.769993,-38983.192295,-44274.181128,-46542.786062,-69075.077772
1762668951.773993,-39038.505405,-44328.350574,-46559.568495,-69091.483951
1762668951.777993,-39077.416062,-44366.877526,-46574.447304,-69104.835391
1762668951.781993,-39050.329477,-44344.753027,-46568.341553,-69097.965956
1762668951.769993,-38978.613913,-44274.944812,-46545.073390,-69074.697793
1762668951.773993,-38985.099643,-44281.046838,-46544.693410,-69079.652429
1762668951.780090,-39018.668234,-44306.226075,-46555.373818,-69087.669253
1762668951.784090,-39057.195187,-44343.229383,-46570.248902,-69098.725915
1762668951.780090,-39027.441293,-44320.341200,-46566.054225,-69088.809192
1762668951.784090,-38983.955979,-44268.079102,-46549.651772,-69070.883095
1762668951.800335,-38980.141282,-44249.005616,-46545.453370,-69066.688418
1762668951.804335,-39016.760886,-44280.666858,-46560.332179,-69076.985121
1762668951.800335,-39067.115635,-44331.785291,-46580.933034,-69091.483951
1762668951.804335,-39046.134800,-44321.484864,-46578.641981,-69085.374475
1762668951.810510,-38980.141282,-44257.778674,-46555.373818,-69064.013660
1762668951.814510,-38972.511888,-44241.756201,-46553.082764,-69059.818983
1762668951.810510,-39036.598057,-44299.360365,-46572.539955,-69080.039859
1762668951.814510,-39083.898067,-44342.465699,-46588.178724,-69091.483951
1762668951.830776,-39047.658443,-44330.637902,-46586.655080,-69084.234536
1762668951.834776,-38991.965353,-44273.037463,-46561.475843,-69065.161049
1762668951.852127,-39003.409445,-44284.481555,-46559.568495,-69071.263075
1762668951.856127,-39047.658443,-44322.628528,-46571.396291,-69084.994495
1762668951.852127,-39088.860154,-44363.826513,-46588.942409,-69099.113345
1762668951.856127,-39058.342576,-44352.002442,-46581.313014,-69094.151258
1762668951.860639,-39002.265781,-44300.884008,-46556.897461,-69076.985121
1762668951.864639,-38999.974728,-44290.203601,-46554.230154,-69075.077772
1762668951.860639,-39038.885385,-44318.813831,-46567.581594,-69084.994495
1762668951.864639,-39085.805416,-44368.024915,-46582.456678,-69100.633264
1762668951.870726,-39051.093161,-44348.951429,-46577.878296,-69093.771279
1762668951.874726,-38974.035531,-44279.139489,-46550.795436,-69072.023034
1762668951.870726,-38963.735104,-44260.449708,-46543.166041,-69068.975747
1762668951.874726,-39011.418819,-44308.133423,-46560.712159,-69087.669253
1762668951.890946,-39053.000510,-44341.322035,-46574.827284,-69097.585976
1762668951.894946,-39023.626596,-44318.813831,-46565.290540,-69084.994495
1762668951.906194,-38951.911032,-44257.014990,-46542.022377,-69063.633680
1762668951.910194,-38962.211460,-44264.264405,-46542.402357,-69071.643054
1762668951.914194,-39003.789425,-44292.490929,-46553.466469,-69081.179798
1762668951.918194,-39045.371115,-44332.165271,-46575.210989,-69091.483951
1762668951.922194,-39032.019675,-44318.433851,-46573.303640,-69085.761905
1762668951.926194,-38977.850229,-44276.088476,-46559.568495,-69071.263075
1762668951.921336,-38978.233933,-44266.171753,-46558.044851,-69068.975747
1762668951.925336,-39018.668234,-44295.925647,-46567.961574,-69080.799818
1762668951.941606,-39074.745029,-44356.197119,-46590.469778,-69100.633264
1762668951.945606,-39062.157273,-44350.858778,-46593.137085,-69097.965956
1762668951.952092,-38994.252682,-44295.161963,-46567.581594,-69081.947207
1762668951.956092,-38998.831064,-44286.008924,-46562.619507,-69078.512490
1762668951.952092,-39059.102535,-44346.660376,-46586.271375,-69095.678627
1762668951.956092,-39110.984653,-44396.251440,-46610.303223,-69110.170007
1762668951.962192,-39089.240134,-44375.270605,-46604.201198,-69100.633264
1762668951.966192,-39020.575583,-44313.091785,-46579.405665,-69079.272449
1762668951.970192,-39023.246616,-44310.804456,-46577.878296,-69084.614515
1762668951.974192,-39067.495614,-44340.174645,-46590.469778,-69094.531238
1762668951.962192,-39099.920541,-44365.353882,-46604.201198,-69102.160633
1762668951.966192,-39056.435227,-44339.794666,-46588.562429,-69090.716541
1762668951.972353,-38993.872702,-44297.069311,-46569.105238,-69080.039859
1762668951.976353,-38975.179195,-44273.417443,-46558.424830,-69075.837731
1762668951.982448,-39010.658860,-44297.453016,-46564.910561,-69084.994495
1762668951.986448,-39060.629904,-44343.229383,-46582.076699,-69099.113345
1762668951.992554,-39033.163339,-44327.206910,-46574.063599,-69091.096520
1762668951.996554,-38958.776742,-44256.251305,-46548.124403,-69065.921009
1762668951.992554,-38958.013058,-44240.612537,-46540.878713,-69061.726332
1762668951.996554,-39020.195603,-44302.411377,-46563.766897,-69083.467126
1762668952.006299,-39056.815207,-44343.989342,-46581.313014,-69096.438587
1762668952.010299,-39035.070688,-44325.299561,-46572.539955,-69084.994495
1762668952.012835,-38970.220834,-44263.120741,-46549.651772,-69065.541029
1762668952.016835,-38981.664926,-44276.472181,-46558.044851,-69073.930383
1762668952.033081,-39027.824998,-44317.670166,-46573.303640,-69088.429213
1762668952.037081,-39072.073996,-44353.146106,-46588.942409,-69102.160633
1762668952.033081,-39044.607431,-44340.938330,-46582.076699,-69094.531238
1762668952.037081,-38990.821689,-44300.884008,-46564.910561,-69081.559777
1762668952.033081,-38999.214768,-44289.823622,-46564.526856,-69079.272449
1762668952.037081,-39053.764194,-44326.823205,-46582.456678,-69090.716541
1762668952.043181,-39112.892002,-44390.913099,-46608.395875,-69111.697376
1762668952.047181,-39090.383798,-44382.520020,-46609.159559,-69110.170007
1762668952.053296,-39024.390280,-44324.155897,-46583.600342,-69090.716541
1762668952.057296,-39022.862911,-44307.749718,-46573.683619,-69085.374475
1762668952.053296,-39076.652378,-44358.104467,-46594.664454,-69104.447961
1762668952.057296,-39101.064205,-44378.705323,-46605.344862,-69109.410048
1762668952.063376,-39069.786668,-44350.475073,-46593.137085,-69096.438587
1762668952.067376,-38995.780051,-44278.379530,-46559.188515,-69075.077772
1762668952.083594,-38996.923715,-44280.286878,-46556.137502,-69080.039859
1762668952.087594,-39038.121700,-44307.369739,-46565.290540,-69091.096520
1762668952.083594,-39073.981345,-44343.989342,-46580.549330,-69102.540612
1762668952.087594,-39047.278464,-44330.637902,-46580.933034,-69093.391299
1762668952.093732,-38987.006992,-44279.903173,-46562.619507,-69073.170424
1762668952.097732,-38981.664926,-44268.459082,-46556.517482,-69073.550403
1762668952.093732,-39029.348642,-44300.504029,-46563.383192,-69082.707167
1762668952.097732,-39080.083370,-44349.331409,-46580.169350,-69097.965956
1762668952.114011,-39049.185812,-44331.401587,-46579.785645,-69091.096520
1762668952.118011,-38984.335959,-44274.564832,-46560.712159,-69070.503116
1762668952.114011,-38973.271847,-44260.066003,-46552.322805,-69069.355726
1762668952.118011,-39036.214352,-44324.535877,-46571.396291,-69088.809192
1762668952.129276,-39090.003818,-44366.877526,-46589.322388,-69095.298648
1762668952.133276,-39055.671543,-44342.465699,-46586.655080,-69087.669253
1762668952.144410,-38987.386972,-44281.810522,-46567.581594,-69070.115685
1762668952.148410,-38997.307420,-44295.161963,-46566.434205,-69076.225162
1762668952.152410,-39043.463767,-44324.915856,-46577.498317,-69086.521864
1762668952.156410,-39080.083370,-44356.580824,-46590.849757,-69095.678627
1762668952.144410,-39049.565792,-44339.414686,-46582.840383,-69087.669253
1762668952.148410,-38987.386972,-44296.305627,-46563.383192,-69074.317813
1762668952.154564,-38981.284946,-44284.101576,-46555.753797,-69071.263075
1762668952.158564,-39020.195603,-44312.711805,-46566.054225,-69081.559777
1762668952.154564,-39071.310312,-44364.210218,-46586.271375,-69097.205997
1762668952.158564,-39049.185812,-44343.229383,-46577.878296,-69087.281823
1762668952.174709,-38982.428610,-44277.995825,-46550.795436,-69064.013660
1762668952.178709,-38969.457150,-44255.871326,-46542.786062,-69061.346352
1762668952.182709,-39012.182504,-44313.091785,-46558.044851,-69082.327187
1762668952.186709,-39056.435227,-44347.804040,-46575.970948,-69093.771279
1762668952.184879,-39038.885385,-44324.915856,-46572.539955,-69083.087146
1762668952.188879,-38974.799216,-44268.459082,-46548.888087,-69067.068398
1762668952.206644,-38976.326585,-44281.810522,-46550.795436,-69073.550403
1762668952.210644,-39028.584957,-44312.711805,-46563.383192,-69083.087146
1762668952.206644,-39066.351950,-44350.475073,-46577.498317,-69094.531238
1762668952.210644,-39034.690708,-44333.308935,-46574.063599,-69089.576602
1762668952.225274,-38972.128183,-44282.194227,-46555.373818,-69073.170424
1762668952.229274,-38973.271847,-44273.801148,-46552.322805,-69072.410464
1762668952.225274,-39020.195603,-44302.411377,-46565.674245,-69081.559777
1762668952.229274,-39073.981345,-44352.382421,-46587.035060,-69094.531238
1762668952.235343,-39041.556418,-44332.165271,-46580.169350,-69086.141884
1762668952.239343,-38971.364498,-44273.037463,-46556.137502,-69067.828357
1762668952.235343,-38966.789842,-44261.973351,-46551.175416,-69064.781070
1762668952.239343,-39025.533944,-44318.433851,-46568.725258,-69083.087146
1762668952.245498,-39057.195187,-44346.280396,-46580.549330,-69090.336561
1762668952.249498,-39020.195603,-44318.813831,-46569.488943,-69078.132510
1762668952.245498,-38959.160447,-44257.014990,-46543.166041,-69059.439003
1762668952.249498,-38971.364498,-44266.935438,-46546.600759,-69064.013660
1762668952.275810,-39019.431919,-44298.976660,-46562.619507,-69075.457752
1762668952.279810,-39056.051522,-44333.308935,-46574.063599,-69087.281823
1762668952.275810,-39025.153965,-44317.286462,-46567.197889,-69078.892469
1762668952.279810,-38955.345750,-44268.842787,-46551.175416,-69062.486291
1762668952.283810,-38954.198360,-44258.158654,-46546.217054,-69060.578942
1762668952.287810,-39003.409445,-44288.676232,-46557.281166,-69070.503116
1762668952.296000,-39049.949497,-44347.044080,-46576.734632,-69089.189172
1762668952.300000,-39020.195603,-44328.730553,-46571.012586,-69081.559777
1762668952.304000,-38956.869394,-44264.644384,-46548.124403,-69063.633680
1762668952.308000,-38954.198360,-44251.676649,-46542.786062,-69063.253701
1762668952.296000,-39017.524570,-44311.948121,-46563.383192,-69082.327187
1762668952.300000,-39056.815207,-44353.526086,-46577.878296,-69094.911218
1762668952.306662,-39023.246616,-44328.730553,-46568.341553,-69084.994495
1762668952.310662,-38962.975144,-44269.222766,-46544.693410,-69063.633680
1762668952.326888,-38971.748203,-44282.574207,-46550.415456,-69072.023034
1762668952.330888,-39021.719247,-44313.855469,-46566.434205,-69084.234536
1762668952.326888,-39059.102535,-44345.136732,-46582.076699,-69092.623889
1762668952.330888,-39029.732347,-44323.392212,-46576.734632,-69079.652429
1762668952.337039,-38969.077170,-44265.788049,-46558.424830,-69060.578942
1762668952.341038,-38972.128183,-44264.644384,-46551.559120,-69061.346352
1762668952.337039,-39016.380906,-44300.504029,-46565.674245,-69070.883095
1762668952.341038,-39064.444602,-44351.618737,-46587.798744,-69086.521864
1762668952.347130,-39028.968662,-44326.823205,-46579.025686,-69076.605141
1762668952.351130,-38962.975144,-44262.737036,-46551.175416,-69057.151675
1762668952.367359,-38962.211460,-44252.436608,-46545.453370,-69057.531655
1762668952.371359,-39030.876011,-44317.670166,-46573.303640,-69080.039859
1762668952.367359,-39072.837681,-44355.053455,-46593.520790,-69088.809192
1762668952.371359,-39036.214352,-44328.730553,-46582.456678,-69076.985121
1762668952.367359,-38967.169821,-44266.551733,-46559.188515,-69060.198963
1762668952.371359,-38981.664926,-44280.666858,-46560.712159,-69067.448378
1762668952.377453,-39027.441293,-44316.142797,-46570.248902,-69077.365100
1762668952.381453,-39060.629904,-44352.766126,-46585.127711,-69088.049233
1762668952.387549,-39032.783359,-44338.651001,-46579.785645,-69082.707167
1762668952.391549,-38991.585374,-44295.545667,-46563.766897,-69070.115685
1762668952.407726,-38991.585374,-44285.245240,-46560.712159,-69068.208337
1762668952.411726,-39040.029049,-44316.906482,-46572.539955,-69078.512490
1762668952.407726,-39087.332785,-44371.839613,-46594.284475,-69097.205997
1762668952.411726,-39049.949497,-44345.136732,-46585.127711,-69086.141884
1762668952.417826,-38980.141282,-44281.810522,-46558.424830,-69060.578942
1762668952.421826,-38976.326585,-44271.510094,-46554.230154,-69057.151675
1762668952.428005,-39035.834372,-44323.392212,-46574.447304,-69078.132510
1762668952.432005,-39063.680917,-44352.382421,-46587.798744,-69088.429213
1762668952.428005,-39030.112326,-44321.864843,-46578.641981,-69074.317813
1762668952.432005,-38963.355124,-44258.158654,-46557.281166,-69051.429629
1762668952.438143,-38972.128183,-44265.408069,-46558.044851,-69051.429629
1762668952.442143,-39010.275155,-44294.781983,-46565.290540,-69061.346352
1762668952.448241,-39048.042148,-44321.864843,-46577.878296,-69072.790444
1762668952.452241,-39013.326168,-44302.027673,-46570.632607,-69063.253701
1762668952.468390,-38956.105709,-44259.686023,-46553.082764,-69048.754871
1762668952.472390,-38956.869394,-44250.912964,-46551.559120,-69049.522281
1762668952.468390,-38999.594748,-44279.903173,-46568.341553,-69058.671594
1762668952.472390,-39059.102535,-44342.465699,-46594.284475,-69076.605141
1762668952.468390,-39038.121700,-44323.392212,-46590.849757,-69069.735706
1762668952.472390,-38970.984519,-44264.264405,-46566.054225,-69050.662220
1762668952.468390,-38965.642452,-44255.491346,-46561.475843,-69047.227502
1762668952.472390,-39031.255990,-44315.762818,-46583.220363,-69067.828357
1762668952.488664,-39073.217660,-44350.475073,-46599.242836,-69078.892469
1762668952.492664,-39030.112326,-44321.101159,-46589.322388,-69068.975747
1762668952.488664,-38967.933506,-44266.935438,-46564.146876,-69052.569568
1762668952.492664,-38977.470249,-44278.379530,-46560.332179,-69055.244327
1762668952.508866,-39018.288255,-44303.555042,-46562.619507,-69064.013660
1762668952.512866,-39046.514779,-44329.877943,-46567.581594,-69071.643054
1762668952.518898,-39010.275155,-44308.513403,-46558.804810,-69061.726332
1762668952.522898,-38964.498788,-44268.842787,-46552.322805,-69051.429629
1762668952.526899,-38963.735104,-44262.737036,-46548.888087,-69052.189589
1762668952.530899,-38993.492723,-44287.532568,-46554.990113,-69059.818983
1762668952.518898,-39043.083787,-44342.465699,-46573.303640,-69075.077772
1762668952.522898,-39018.668234,-44325.299561,-46573.683619,-69067.828357
1762668952.529067,-38951.531053,-44260.829687,-46554.990113,-69048.754871
1762668952.533067,-38961.827755,-44255.491346,-46552.702785,-69047.614932
1762668952.549335,-39028.204978,-44323.772192,-46579.025686,-69070.115685
1762668952.553335,-39070.930332,-44361.919165,-46602.293849,-69086.901844
1762668952.549335,-39043.463767,-44337.887317,-46599.622816,-69078.512490
1762668952.553335,-38985.479623,-44287.532568,-46578.641981,-69060.578942
1762668952.559423,-38996.160030,-44295.161963,-46585.127711,-69067.828357
1762668952.563423,-39056.051522,-44340.938330,-46608.395875,-69087.669253
1762668952.559423,-39099.920541,-44377.561659,-46632.431448,-69100.253284
1762668952.563423,-39081.610739,-44365.733862,-46636.246145,-69095.298648
1762668952.579677,-39029.732347,-44316.526502,-46620.603651,-69080.419838
1762668952.583677,-39030.112326,-44313.471764,-46622.510999,-69083.087146
1762668952.579677,-39077.416062,-44347.804040,-46639.297158,-69093.003869
1762668952.583677,-39136.923850,-44399.686158,-46658.370644,-69108.262658
1762668952.599870,-39097.633213,-44369.168580,-46652.264893,-69100.633264
1762668952.603870,-39030.112326,-44310.420752,-46632.811427,-69084.994495
1762668952.599870,-39015.233517,-44293.254614,-46623.274684,-69078.892469
1762668952.603870,-39071.310312,-44353.526086,-46646.542847,-69097.585976
1762668952.610081,-39106.026292,-44385.571033,-46659.894288,-69105.595350
1762668952.614081,-39061.009884,-44350.858778,-46645.782888,-69092.243910
1762668952.610081,-38999.214768,-44298.596680,-46620.987356,-69078.892469
1762668952.614081,-39023.246616,-44319.957495,-46624.418348,-69092.623889
1762668952.620157,-39064.444602,-44354.289770,-46635.862440,-69104.447961
1762668952.624156,-39104.118943,-44390.529394,-46649.597585,-69117.419422
1762668952.620157,-39078.176022,-44376.414269,-46644.255519,-69112.464786
1762668952.624156,-39016.380906,-44328.350574,-46626.709402,-69097.965956
1762668952.650528,-39020.955563,-44323.392212,-46617.552638,-69095.298648
1762668952.654528,-39072.453976,-44354.673475,-46627.853066,-69106.742740
1762668952.650528,-39135.016501,-44418.375939,-46653.028578,-69129.630923
1762668952.654528,-39094.962180,-44391.673058,-46648.070216,-69120.474160
1762668952.658529,-39027.441293,-44332.545251,-46623.654664,-69100.253284
1762668952.662529,-39036.978036,-44329.114258,-46620.603651,-69097.965956
1762668952.670745,-39104.498923,-44391.293079,-46645.782888,-69118.566811
1762668952.674745,-39146.460593,-44424.097985,-46659.134328,-69125.816226
1762668952.670745,-39114.799351,-44396.635145,-46651.121229,-69115.512073
1762668952.674745,-39057.195187,-44346.660376,-46635.482460,-69100.253284
1762668952.690976,-39069.786668,-44353.146106,-46639.677137,-69105.215371
1762668952.694976,-39117.850363,-44387.478381,-46648.070216,-69115.892053
1762668952.690976,-39155.997336,-44415.324926,-46664.092690,-69120.854139
1762668952.694976,-39124.336094,-44398.158789,-46658.370644,-69114.372134
1762668952.701047,-39052.620530,-44340.174645,-46632.047743,-69096.438587
1762668952.705047,-39049.949497,-44323.772192,-46628.233045,-69090.336561
1762668952.701047,-39094.582200,-44354.673475,-46643.491834,-69101.780653
1762668952.705047,-39141.118526,-44409.222901,-46664.472669,-69119.706750
1762668952.711216,-39100.684226,-44372.219592,-46656.843275,-69104.067981
1762668952.715216,-39028.968662,-44306.226075,-46630.904078,-69080.039859
1762668952.711216,-39025.917649,-44295.545667,-46624.038368,-69078.892469
1762668952.715216,-39085.805416,-44357.340783,-46645.019203,-69099.493325
1762668952.731600,-39120.901376,-44390.529394,-46657.986939,-69109.410048
1762668952.735600,-39075.125009,-44360.011816,-46647.306532,-69101.020694
1762668952.731600,-39013.709873,-44306.606054,-46625.562012,-69086.141884
1762668952.735600,-39027.824998,-44324.915856,-46626.709402,-69094.911218
1762668952.741702,-39077.416062,-44365.353882,-46637.006104,-69111.317396
1762668952.745702,-39114.415646,-44403.880835,-46657.986939,-69124.668837
1762668952.741702,-39088.476449,-44398.542494,-46653.792262,-69121.234119
1762668952.745702,-39031.639695,-44351.618737,-46631.667763,-69107.502699
1762668952.761946,-39038.505405,-44352.766126,-46630.524099,-69109.410048
1762668952.765946,-39088.096470,-44395.487756,-46646.542847,-69122.001529
1762668952.761946,-39149.131626,-44461.484998,-46672.485769,-69144.889712
1762668952.765946,-39114.799351,-44432.874769,-46667.143703,-69132.678211
1762668952.782187,-39048.042148,-44374.890625,-46637.769789,-69111.317396
1762668952.786187,-39056.051522,-44366.497546,-46634.718776,-69109.030068
1762668952.782187,-39121.285081,-44425.245374,-46659.134328,-69127.336144
1762668952.786187,-39152.946323,-44451.184571,-46673.629433,-69135.732949
1762668952.792278,-39103.735238,-44410.366565,-46661.421657,-69123.908877
1762668952.796278,-39036.598057,-44351.238757,-46638.913453,-69105.595350
1762668952.807171,-39046.134800,-44345.896691,-46636.626124,-69105.215371
1762668952.811171,-39081.230760,-44374.126941,-46646.542847,-69112.077355
1762668952.808994,-39112.508297,-44397.778809,-46656.843275,-69116.279483
1762668952.812994,-39078.939706,-44379.848987,-46650.741249,-69110.557437
1762668952.821735,-39014.853537,-44319.193810,-46628.616750,-69090.716541
1762668952.825735,-39016.760886,-44305.082411,-46622.510999,-69088.429213
1762668952.825619,-39052.236825,-44335.979968,-46635.098755,-69096.438587
1762668952.829619,-39100.304246,-44394.344091,-46657.986939,-69111.697376
1762668952.830692,-39057.958871,-44360.011816,-46646.542847,-69099.113345
1762668952.834692,-38990.437984,-44296.305627,-46618.696302,-69079.652429
1762668952.851903,-38993.109018,-44292.110950,-46615.645289,-69080.419838
1762668952.855903,-39055.671543,-44356.960803,-46638.913453,-69102.928042
1762668952.859903,-39089.240134,-44389.005750,-46649.977565,-69109.790027
1762668952.863903,-39049.565792,-44356.960803,-46635.862440,-69095.298648
1762668952.852866,-38995.400071,-44308.513403,-46617.172658,-69079.272449
1762668952.856866,-39013.709873,-44328.350574,-46624.038368,-69088.429213
1762668952.864285,-39064.064622,-44368.784875,-46638.913453,-69101.020694
1762668952.868285,-39110.984653,-44405.788183,-46652.264893,-69111.697376
1762668952.864285,-39088.096470,-44393.580407,-46649.213880,-69106.355309
1762668952.868285,-39028.968662,-44345.896691,-46631.667763,-69090.716541
1762668952.881400,-39034.690708,-44344.753027,-46630.140394,-69091.483951
1762668952.885400,-39083.518088,-44382.136315,-46644.635499,-69107.502699
1762668952.881400,-39136.543870,-44440.120459,-46664.092690,-69127.723575
1762668952.885400,-39096.489549,-44406.551868,-46649.597585,-69115.892053
1762668952.897305,-39029.732347,-44344.373047,-46627.089381,-69097.965956
1762668952.901305,-39027.441293,-44331.021607,-46624.418348,-69094.151258
1762668952.911725,-39090.383798,-44384.807348,-46647.306532,-69112.844765
1762668952.915725,-39119.757712,-44403.880835,-46659.514308,-69116.659462
1762668952.915498,-39066.731930,-44364.210218,-46646.162868,-69099.113345
1762668952.919498,-39004.553109,-44311.948121,-46623.654664,-69081.179798
1762668952.919498,-39018.668234,-44316.142797,-46626.325697,-69084.234536
1762668952.923498,-39056.815207,-44353.909791,-46642.728150,-69094.911218
1762668952.919498,-39088.860154,-44384.043664,-46656.079590,-69105.595350
1762668952.923498,-39065.971971,-44366.497546,-46651.504934,-69103.308022
1762668952.939867,-39010.658860,-44317.670166,-46633.191407,-69087.669253
1762668952.943867,-39013.709873,-44318.050146,-46632.047743,-69087.669253
1762668952.939867,-39056.815207,-44353.526086,-46641.584486,-69098.725915
1762668952.943867,-39106.026292,-44407.695532,-46664.092690,-69118.946791
1762668952.949992,-39062.537253,-44376.034290,-46656.079590,-69106.355309
1762668952.953992,-39000.738412,-44319.577515,-46632.811427,-69089.576602
1762668952.949992,-39009.895176,-44317.286462,-46625.562012,-69091.863930
1762668952.953992,-39069.786668,-44376.797974,-46646.162868,-69109.410048
1762668952.974418,-39111.364633,-44406.171888,-46657.606959,-69116.659462
1762668952.978418,-39065.588266,-44373.746961,-46645.399183,-69101.400673
1762668952.980706,-39010.275155,-44320.721179,-46624.802053,-69084.994495
1762668952.984706,-39029.732347,-44335.979968,-46631.667763,-69094.151258
1762668952.988706,-39076.652378,-44376.797974,-46645.019203,-69107.122719
1762668952.992706,-39113.655686,-44406.931847,-46656.463295,-69115.892053
1762668952.980706,-39093.054831,-44391.293079,-46650.741249,-69110.557437
1762668952.984706,-39029.732347,-44338.267297,-46630.904078,-69093.003869
1762668952.997394,-39027.441293,-44327.970594,-46626.325697,-69091.096520
1762668953.001394,-39070.546627,-44356.960803,-46638.913453,-69099.493325
1762668953.003026,-39118.614048,-44408.079237,-46659.134328,-69113.604724
1762668953.007026,-39075.888693,-44376.414269,-46648.070216,-69101.780653
1762668953.019738,-39007.604122,-44313.471764,-46624.038368,-69078.512490
1762668953.023738,-39008.751512,-44311.184436,-46622.510999,-69080.039859
1762668953.032074,-39067.879319,-44366.117567,-46644.635499,-69102.160633
1762668953.036074,-39096.869528,-44392.820448,-46650.357544,-69111.697376
1762668953.033074,-39048.805833,-44361.539185,-46641.584486,-69102.928042
1762668953.037074,-39001.882076,-44308.133423,-46625.182033,-69086.521864
1762668953.046489,-39016.380906,-44314.235449,-46625.945717,-69089.189172
1762668953.050488,-39067.115635,-44357.340783,-46642.348170,-69105.595350
1762668953.046489,-39097.633213,-44389.385730,-46654.172242,-69114.752114
1762668953.050488,-39061.393589,-44376.034290,-46644.255519,-69107.502699
1762668953.066747,-38995.400071,-44319.957495,-46620.603651,-69088.809192
1762668953.070747,-39002.645761,-44313.091785,-46616.788954,-69086.521864
1762668953.076909,-39050.329477,-44344.753027,-46629.376709,-69097.585976
1762668953.080909,-39101.064205,-44401.973486,-46656.079590,-69113.984704
1762668953.084909,-39057.958871,-44366.877526,-46644.635499,-69097.965956
1762668953.088909,-39002.265781,-44311.184436,-46622.894704,-69082.327187
1762668953.076909,-39016.380906,-44312.711805,-46624.038368,-69085.761905
1762668953.080909,-39081.610739,-44372.599572,-46647.690237,-69105.595350
1762668953.087049,-39114.415646,-44398.158789,-46659.134328,-69112.844765
1762668953.091049,-39073.981345,-44360.395521,-46643.111855,-69099.873304
1762668953.087049,-39011.038840,-44306.989759,-46619.459987,-69083.087146
1762668953.091049,-39017.524570,-44311.184436,-46619.839966,-69086.521864
1762668953.097147,-39072.073996,-44348.187745,-46632.431448,-69098.725915
1762668953.101147,-39099.540561,-44377.941638,-46641.968191,-69103.308022
1762668953.107251,-39064.444602,-44361.919165,-46638.153493,-69097.585976
1762668953.111251,-39004.936814,-44306.989759,-46622.894704,-69081.947207
1762668953.117411,-39013.326168,-44308.897108,-46625.562012,-69085.374475
1762668953.121411,-39060.249925,-44353.146106,-46642.348170,-69101.400673
1762668953.135615,-39112.892002,-44414.181262,-46656.843275,-69121.234119
1762668953.139615,-39070.166647,-44381.376356,-46641.584486,-69104.835391
1762668953.143615,-39001.882076,-44323.772192,-46620.223671,-69086.141884
1762668953.147615,-39009.131491,-44318.813831,-46618.696302,-69085.761905
1762668953.157849,-39067.115635,-44372.983277,-46639.297158,-69102.160633
1762668953.161849,-39098.013192,-44398.542494,-46650.741249,-69109.790027
1762668953.157849,-39048.805833,-44358.488172,-46636.246145,-69092.243910
1762668953.161849,-38999.594748,-44305.842370,-46619.080007,-69073.170424
1762668953.157849,-39010.275155,-44304.698706,-46619.080007,-69077.745080
1762668953.161849,-39058.342576,-44341.322035,-46632.431448,-69093.003869
1762668953.157849,-39094.582200,-44374.126941,-46645.399183,-69102.160633
1762668953.161849,-39064.064622,-44366.117567,-46639.297158,-69097.965956
1762668953.178134,-39007.604122,-44311.564416,-46619.080007,-69080.039859
1762668953.182134,-39015.997201,-44304.318726,-46615.645289,-69079.272449
1762668953.178134,-39062.157273,-44337.887317,-46630.140394,-69088.809192
1762668953.182134,-39113.655686,-44397.015125,-46651.121229,-69105.595350
1762668953.188245,-39075.125009,-44361.539185,-46638.153493,-69094.151258
1762668953.192245,-39004.553109,-44301.647693,-46617.172658,-69075.837731
1762668953.188245,-39017.140865,-44307.369739,-46613.737941,-69080.799818
1762668953.192245,-39081.990719,-44373.363256,-46635.098755,-69105.595350
1762668953.219719,-39121.665061,-44407.695532,-46654.555947,-69113.604724
1762668953.223719,-39079.323411,-44372.219592,-46645.782888,-69099.873304
1762668953.226764,-39017.140865,-44329.877943,-46625.945717,-69085.761905
1762668953.230764,-39039.269090,-44348.187745,-46634.338796,-69092.243910
1762668953.234764,-39096.105844,-44392.820448,-46652.264893,-69106.355309
1762668953.238764,-39131.965488,-44423.718005,-46671.338379,-69118.186831
1762668953.227769,-39098.396897,-44408.839196,-46666.000038,-69117.419422
1762668953.231769,-39042.700082,-44350.858778,-46644.255519,-69101.780653
1762668953.240909,-39041.936398,-44339.030981,-46641.584486,-69097.205997
1762668953.244909,-39081.990719,-44363.826513,-46646.926552,-69104.447961
1762668953.251040,-39120.901376,-44417.615980,-46670.578420,-69121.234119
1762668953.255040,-39067.115635,-44377.177954,-46661.801636,-69104.447961
1762668953.251040,-38996.160030,-44310.420752,-46635.862440,-69080.799818
1762668953.255040,-39007.987827,-44307.369739,-46628.616750,-69077.745080
1762668953.271334,-39061.393589,-44352.766126,-46641.968191,-69092.623889
1762668953.275334,-39099.540561,-44387.098402,-46654.555947,-69102.540612
1762668953.271334,-39057.958871,-44352.766126,-46638.913453,-69090.336561
1762668953.275334,-39002.265781,-44306.989759,-46618.316323,-69076.985121
1762668953.281468,-39017.140865,-44319.957495,-46620.603651,-69082.707167
1762668953.285468,-39069.402963,-44359.248132,-46638.153493,-69098.345935
1762668953.281468,-39105.642587,-44389.385730,-46648.070216,-69107.882679
1762668953.285468,-39074.745029,-44377.177954,-46642.728150,-69099.873304
1762668953.301810,-39016.380906,-44319.577515,-46627.089381,-69081.179798
1762668953.305810,-39025.533944,-44316.526502,-46626.709402,-69083.467126
1762668953.301810,-39079.323411,-44360.775501,-46640.440822,-69099.493325
1762668953.305810,-39131.965488,-44421.810657,-46666.000038,-69119.326770
1762668953.311989,-39096.489549,-44382.900000,-46661.041677,-69104.447961
1762668953.315989,-39040.412754,-44330.637902,-46640.440822,-69087.669253
1762668953.311989,-39043.463767,-44332.165271,-46638.913453,-69089.576602
1762668953.315989,-39097.249508,-44388.622046,-46655.699611,-69109.790027
1762668953.322175,-39139.974862,-44412.653893,-46667.523682,-69117.039442
1762668953.326174,-39088.476449,-44374.506921,-46651.884913,-69102.160633
1762668953.332269,-39022.862911,-44324.535877,-46632.047743,-69086.901844
1762668953.336269,-39031.255990,-44326.823205,-46636.626124,-69087.281823
1762668953.352547,-39078.176022,-44360.395521,-46647.306532,-69095.678627
1762668953.356547,-39098.013192,-44381.376356,-46656.463295,-69098.345935
1762668953.352547,-39058.722556,-44360.395521,-46651.121229,-69092.243910
1762668953.356547,-38993.872702,-44306.226075,-46628.996730,-69076.605141
1762668953.352547,-38993.872702,-44300.120324,-46623.654664,-69073.550403
1762668953.356547,-39038.885385,-44332.928956,-46633.575112,-69081.947207
1762668953.372776,-39086.952806,-44389.385730,-46650.741249,-69098.725915
1762668953.376776,-39043.463767,-44352.382421,-46640.440822,-69085.761905
1762668953.372776,-38987.386972,-44292.110950,-46617.932618,-69070.503116
1762668953.376776,-38993.109018,-44297.453016,-46617.172658,-69072.023034
1762668953.392992,-39056.435227,-44350.475073,-46636.246145,-69090.716541
1762668953.396992,-39100.684226,-44386.714697,-46647.306532,-69100.253284
1762668953.403085,-39048.805833,-44349.711388,-46634.338796,-69086.141884
1762668953.407085,-38993.872702,-44306.606054,-46614.881605,-69073.550403
1762668953.411085,-39017.904550,-44324.155897,-46619.080007,-69079.272449
1762668953.415085,-39070.546627,-44368.024915,-46635.862440,-69094.531238
1762668953.407713,-39099.920541,-44393.964112,-46646.926552,-69103.308022
1762668953.411713,-39078.176022,-44380.992651,-46645.782888,-69096.818566
1762668953.413249,-39022.862911,-44325.679541,-46629.760414,-69080.039859
1762668953.417249,-39029.732347,-44324.915856,-46628.616750,-69080.039859
1762668953.423351,-39074.745029,-44361.155480,-46637.389809,-69092.623889
1762668953.427351,-39115.179330,-44411.510229,-46654.935926,-69110.557437
1762668953.443604,-39061.009884,-44371.839613,-46641.204506,-69098.725915
1762668953.447604,-38993.109018,-44311.564416,-46615.645289,-69080.799818
1762668953.443604,-38997.687399,-44309.277087,-46612.594277,-69082.327187
1762668953.447604,-39050.329477,-44362.682849,-46632.811427,-69099.113345
1762668953.451605,-39073.217660,-44389.765710,-46648.070216,-69104.447961
1762668953.455605,-39049.565792,-44355.433434,-46645.019203,-69093.391299
1762668953.443604,-38998.831064,-44312.328100,-46630.904078,-69080.799818
1762668953.447604,-39009.895176,-44324.535877,-46636.246145,-69084.614515
1762668953.463799,-39056.815207,-44360.775501,-46646.926552,-69099.873304
1762668953.467799,-39086.952806,-44387.098402,-46653.028578,-69109.030068
1762668953.463799,-39047.278464,-44368.784875,-46646.542847,-69101.020694
1762668953.467799,-38980.141282,-44314.235449,-46624.418348,-69081.947207
1762668953.474064,-38993.872702,-44311.564416,-46615.265310,-69079.652429
1762668953.478064,-39051.473141,-44347.044080,-46630.140394,-69089.956582
1762668953.494226,-39098.396897,-44395.871460,-46649.977565,-69103.688002
1762668953.498226,-39056.051522,-44355.433434,-46633.955091,-69088.809192
1762668953.494226,-38991.965353,-44298.596680,-46611.066908,-69071.263075
1762668953.498226,-39009.511471,-44304.318726,-46609.923244,-69073.930383
1762668953.507944,-39070.930332,-44356.197119,-46630.524099,-69088.429213
1762668953.511944,-39102.971554,-44387.858361,-46645.019203,-69094.911218
1762668953.507944,-39055.287838,-44350.858778,-46632.811427,-69082.327187
1762668953.511944,-39006.080478,-44310.040772,-46617.932618,-69071.263075
1762668953.534735,-39018.288255,-44314.619154,-46620.603651,-69073.170424
1762668953.538735,-39064.064622,-44351.238757,-46636.626124,-69084.234536
1762668953.534735,-39090.383798,-44378.705323,-46643.875539,-69093.771279
1762668953.538735,-39053.380489,-44358.868152,-46636.246145,-69085.374475
1762668953.542735,-38984.335959,-44298.212975,-46614.501625,-69066.300988
1762668953.546735,-38991.201669,-44297.832996,-46616.408974,-69067.448378
1762668953.534735,-39038.885385,-44331.401587,-46632.431448,-69078.512490
1762668953.538735,-39088.860154,-44385.951012,-46651.121229,-69098.345935
1762668953.554956,-39040.029049,-44347.044080,-46640.440822,-69084.234536
1762668953.558956,-38980.521262,-44287.152588,-46618.696302,-69062.106311
1762668953.554956,-38997.307420,-44289.059937,-46618.316323,-69064.013660
1762668953.558956,-39058.342576,-44352.002442,-46647.306532,-69085.761905
1762668953.565036,-39086.189121,-44377.561659,-46658.750623,-69094.531238
1762668953.569036,-39042.700082,-44336.359948,-46643.875539,-69076.985121
1762668953.565036,-38998.067379,-44298.212975,-46632.811427,-69065.541029
1762668953.569036,-39012.182504,-44312.711805,-46634.718776,-69070.503116
1762668953.585279,-39061.009884,-44352.766126,-46648.450196,-69082.707167
1762668953.589279,-39089.620113,-44376.797974,-46658.370644,-69091.483951
1762668953.595428,-39066.731930,-44364.970177,-46651.121229,-69087.281823
1762668953.599427,-39014.089853,-44312.711805,-46630.140394,-69068.975747
1762668953.603428,-39028.204978,-44320.721179,-46629.760414,-69075.457752
1762668953.607428,-39074.745029,-44359.631836,-46641.968191,-69089.956582
1762668953.614610,-39110.984653,-44411.893934,-46659.894288,-69103.688002
1762668953.618610,-39058.342576,-44372.599572,-46640.820801,-69089.189172
1762668953.614610,-38994.636387,-44314.999133,-46616.408974,-69069.355726
1762668953.618610,-39004.173130,-44319.957495,-46613.357961,-69070.115685
1762668953.630780,-39061.393589,-44366.877526,-46632.431448,-69088.049233
1762668953.634780,-39089.620113,-44393.200427,-46645.019203,-69097.585976
1762668953.638781,-39031.255990,-44344.753027,-46631.667763,-69076.225162
1762668953.642781,-38969.457150,-44292.490929,-46608.779579,-69056.764245
1762668953.642025,-38988.914341,-44295.545667,-46606.872231,-69060.578942
1762668953.646024,-39039.649069,-44333.308935,-46625.562012,-69073.930383
1762668953.648045,-39066.731930,-44357.724488,-46638.533473,-69080.799818
1762668953.652045,-39038.885385,-44340.174645,-46632.811427,-69072.790444
1762668953.658709,-38987.006992,-44283.337891,-46611.066908,-69056.384265
1762668953.662709,-38990.821689,-44280.666858,-46609.159559,-69057.531655
1762668953.658709,-39044.991136,-44320.721179,-46626.709402,-69070.115685
1762668953.662709,-39090.003818,-44377.177954,-46651.504934,-69086.141884
1762668953.675405,-39037.361741,-44335.216284,-46636.626124,-69070.115685
1762668953.679405,-38977.086544,-44282.194227,-46614.501625,-69051.429629
1762668953.675405,-39004.553109,-44295.161963,-46620.987356,-69057.151675
1762668953.679405,-39067.115635,-44350.475073,-46646.162868,-69076.985121
1762668953.691973,-39098.776877,-44380.612671,-46658.750623,-69086.901844
1762668953.695973,-39053.000510,-44337.887317,-46645.399183,-69068.975747
1762668953.692457,-38996.923715,-44294.018298,-46624.418348,-69055.244327
1762668953.696457,-38998.831064,-44308.513403,-46628.233045,-69064.393640
1762668953.706327,-39061.773568,-44350.095093,-46642.728150,-69075.457752
1762668953.710327,-39092.674851,-44374.890625,-46651.121229,-69080.799818
1762668953.708645,-39053.380489,-44356.960803,-46641.204506,-69074.697793
1762668953.712645,-38989.294320,-44295.161963,-46616.788954,-69054.476917
1762668953.727607,-38989.294320,-44288.296252,-46612.974256,-69055.244327
1762668953.731607,-39031.639695,-44320.721179,-46625.945717,-69068.595767
1762668953.736494,-39077.416062,-44369.548559,-46641.584486,-69080.799818
1762668953.740494,-39030.112326,-44328.730553,-46621.747315,-69064.013660
1762668953.736494,-38964.498788,-44270.366430,-46600.006521,-69047.227502
1762668953.740494,-38983.955979,-44281.810522,-46603.821218,-69052.569568
1762668953.746597,-39044.991136,-44332.928956,-46623.654664,-69068.595767
1762668953.750597,-39081.990719,-44368.024915,-46640.060842,-69079.652429
1762668953.746597,-39034.690708,-44323.772192,-46622.131020,-69064.013660
1762668953.750597,-38987.386972,-44286.008924,-46605.728567,-69051.809609
1762668953.764293,-39004.173130,-44297.069311,-46607.252210,-69056.384265
1762668953.768293,-39054.144174,-44335.599989,-46623.274684,-69067.828357
1762668953.764293,-39073.601365,-44361.539185,-46633.191407,-69072.790444
1762668953.768293,-39044.991136,-44350.858778,-46627.089381,-69066.688418
1762668953.781274,-38986.243308,-44287.916273,-46603.057534,-69048.374891
1762668953.785274,-38999.594748,-44287.152588,-46602.293849,-69046.847522
1762668953.782337,-39050.713181,-44329.877943,-46618.696302,-69059.059024
1762668953.786337,-39089.240134,-44382.520020,-46641.584486,-69074.697793
1762668953.792411,-39030.112326,-44342.465699,-46627.469361,-69059.818983
1762668953.796411,-38975.942880,-44293.254614,-46604.581177,-69043.032825
1762668953.797989,-39004.553109,-44302.411377,-46609.543264,-69049.522281
1762668953.801989,-39067.879319,-44359.631836,-46632.431448,-69070.115685
1762668953.817615,-39090.383798,-44385.571033,-46645.019203,-69076.225162
1762668953.821615,-39042.700082,-44339.414686,-46624.802053,-69059.059024
1762668953.819620,-38983.192295,-44293.638319,-46608.395875,-69047.994912
1762668953.823620,-38984.715939,-44293.254614,-46609.543264,-69048.754871
1762668953.827620,-39036.214352,-44326.443225,-46623.654664,-69056.004286
1762668953.831620,-39068.639278,-44347.424060,-46634.718776,-69059.818983
1762668953.819620,-39040.792733,-44333.692640,-46632.431448,-69053.336978
1762668953.823620,-38985.099643,-44282.954186,-46613.357961,-69036.170840
1762668953.840164,-39001.882076,-44290.203601,-46615.265310,-69042.272866
1762668953.844164,-39052.620530,-44325.679541,-46621.367335,-69052.189589
1762668953.861563,-39094.198495,-44375.654310,-46640.440822,-69068.595767
1762668953.865563,-39043.843746,-44332.165271,-46626.325697,-69053.336978
1762668953.861563,-38980.141282,-44279.139489,-46604.581177,-69037.690759
1762668953.865563,-38998.067379,-44290.583581,-46608.015895,-69044.180214
1762668953.870074,-39058.342576,-44343.609363,-46624.802053,-69060.966372
1762668953.874074,-39095.342159,-44373.746961,-46637.769789,-69068.208337
1762668953.870074,-39047.278464,-44331.021607,-46622.510999,-69054.096937
1762668953.874074,-38998.451084,-44296.689332,-46605.344862,-69045.707583
1762668953.880127,-39011.418819,-44309.277087,-46610.686928,-69054.856896
1762668953.884127,-39066.351950,-44356.580824,-46630.904078,-69072.410464
1762668953.880127,-39094.198495,-44386.334717,-46643.491834,-69078.512490
1762668953.884127,-39065.208286,-44369.932264,-46635.862440,-69073.170424
1762668953.910499,-39012.946188,-44315.762818,-46617.932618,-69058.671594
1762668953.914499,-39024.390280,-44317.286462,-46617.172658,-69057.911634
1762668953.910499,-39070.930332,-44357.724488,-46628.996730,-69071.643054
1762668953.914499,-39112.892002,-44408.839196,-46656.463295,-69087.281823
1762668953.910499,-39072.453976,-44368.404895,-46646.162868,-69071.263075
1762668953.914499,-39013.326168,-44312.711805,-46624.802053,-69054.856896
1762668953.910499,-39036.598057,-44323.392212,-46635.098755,-69061.726332
1762668953.914499,-39090.003818,-44378.321618,-46658.750623,-69081.947207
1762668953.930691,-39116.706699,-44403.117150,-46665.236354,-69089.189172
1762668953.934691,-39069.022983,-44356.580824,-46649.977565,-69069.355726
1762668953.930691,-39019.811898,-44313.091785,-46637.006104,-69056.764245
1762668953.934691,-39038.121700,-44325.299561,-46645.399183,-69066.300988
1762668953.940795,-39089.240134,-44368.024915,-46660.277992,-69078.132510
1762668953.944795,-39122.045040,-44390.149415,-46669.431031,-69083.854556
1762668953.940795,-39086.189121,-44374.506921,-46664.856374,-69077.365100
1762668953.944795,-39020.955563,-44314.999133,-46641.968191,-69058.291614
1762668953.961074,-39031.639695,-44313.855469,-46637.006104,-69058.671594
1762668953.965074,-39080.847055,-44359.248132,-46651.121229,-69072.410464
1762668953.971178,-39117.850363,-44409.986585,-46670.578420,-69090.716541
1762668953.975178,-39067.495614,-44368.024915,-46656.079590,-69078.132510
1762668953.971178,-39010.658860,-44312.711805,-46635.482460,-69064.013660
1762668953.975178,-39030.876011,-44329.877943,-46645.399183,-69072.410464
1762668954.003310,-39091.527462,-44384.807348,-46665.616333,-69087.669253
1762668954.007310,-39123.192430,-44411.510229,-46678.967774,-69092.243910
1762668954.003310,-39073.217660,-44365.353882,-46666.763723,-69075.837731
1762668954.007310,-39024.770260,-44328.730553,-46652.264893,-69069.735706
1762668954.011310,-39038.121700,-44341.322035,-46655.319631,-69078.512490
1762668954.015310,-39102.971554,-44387.858361,-46668.287367,-69092.243910
1762668954.003310,-39124.716073,-44409.222901,-46677.824110,-69096.438587
1762668954.007310,-39093.054831,-44402.357191,-46675.536782,-69095.298648
1762668954.021935,-39034.307003,-44353.526086,-46654.935926,-69081.947207
1762668954.025935,-39046.514779,-44358.104467,-46653.028578,-69086.521864
1762668954.022935,-39106.786251,-44400.829822,-46671.722084,-69102.160633
1762668954.026935,-39139.974862,-44444.318861,-46694.610268,-69115.892053
1762668954.030823,-39076.268673,-44393.580407,-46676.300466,-69097.965956
1762668954.034823,-39011.038840,-44333.308935,-46650.741249,-69078.892469
1762668954.030823,-39027.824998,-44344.753027,-46656.843275,-69085.374475
1762668954.034823,-39087.712765,-44395.487756,-46680.495143,-69105.215371
1762668954.051073,-39117.086679,-44417.232275,-46688.124537,-69109.790027
1762668954.055073,-39054.527879,-44365.353882,-46665.236354,-69088.049233
1762668954.061346,-39005.696774,-44329.877943,-46648.070216,-69076.985121
1762668954.065346,-39019.431919,-44336.743653,-46648.070216,-69082.707167
1762668954.069346,-39063.680917,-44374.506921,-46657.606959,-69094.531238
1762668954.073346,-39086.189121,-44392.056763,-46666.000038,-69094.531238
1762668954.081679,-39054.527879,-44368.024915,-46661.801636,-69082.327187
1762668954.085679,-38995.780051,-44306.989759,-46641.204506,-69060.578942
1762668954.081679,-39006.844163,-44310.420752,-46641.584486,-69064.393640
1762668954.085679,-39063.680917,-44355.053455,-46653.412282,-69080.419838
1762668954.091792,-39102.591574,-44395.871460,-46662.565321,-69088.809192
1762668954.095792,-39053.764194,-44355.433434,-46653.792262,-69073.550403
1762668954.091792,-38995.780051,-44297.453016,-46631.284058,-69059.818983
1762668954.095792,-39018.668234,-44317.670166,-46633.191407,-69067.828357
1762668954.108806,-39071.310312,-44374.506921,-46656.463295,-69087.281823
1762668954.112806,-39109.840989,-44403.500855,-46668.287367,-69096.058607
1762668954.112343,-39069.022983,-44361.155480,-46653.028578,-69078.132510
1762668954.116343,-39032.783359,-44333.308935,-46643.875539,-69070.503116
1762668954.122463,-39047.658443,-44351.238757,-46651.504934,-69080.039859
1762668954.126463,-39100.684226,-44390.913099,-46663.708985,-69093.391299
1762668954.122463,-39129.294455,-44413.037598,-46674.393117,-69100.253284
1762668954.126463,-39088.860154,-44394.344091,-46667.907387,-69094.151258
1762668954.139702,-39030.876011,-44342.465699,-46648.833901,-69079.272449
1762668954.143702,-39035.454392,-44346.280396,-46647.690237,-69084.234536
1762668954.142748,-39083.898067,-44390.529394,-46660.277992,-69099.113345
1762668954.146748,-39114.415646,-44433.634728,-46678.207815,-69111.697376
1762668954.152863,-39053.000510,-44380.992651,-46659.514308,-69093.391299
1762668954.156863,-38990.058005,-44317.286462,-46637.769789,-69071.643054
1762668954.152863,-39009.895176,-44326.063246,-46638.913453,-69075.457752
1762668954.156863,-39067.495614,-44372.219592,-46660.277992,-69092.623889
1762668954.163037,-39088.860154,-44393.580407,-46671.338379,-69096.058607
1762668954.167037,-39036.978036,-44341.322035,-46653.792262,-69074.697793
1762668954.163037,-38994.252682,-44302.791357,-46633.191407,-69060.578942
1762668954.167037,-39003.789425,-44311.948121,-46633.575112,-69062.486291
1762668954.193517,-39058.722556,-44351.618737,-46652.648598,-69073.170424
1762668954.197517,-39079.323411,-44376.034290,-46663.329005,-69077.365100
1762668954.193517,-39053.380489,-44356.197119,-46657.986939,-69069.735706
1762668954.197517,-38999.974728,-44305.842370,-46639.297158,-69054.476917
1762668954.193517,-39022.862911,-44314.619154,-46641.204506,-69057.911634
1762668954.197517,-39084.281772,-44364.590198,-46659.514308,-69075.837731
1762668954.213842,-39118.614048,-44404.264539,-46676.300466,-69092.623889
1762668954.217842,-39066.351950,-44366.117567,-46661.421657,-69078.132510
1762668954.213842,-39012.946188,-44317.286462,-46643.491834,-69066.300988
1762668954.217842,-39045.751095,-44343.229383,-46651.121229,-69076.985121
1762668954.223931,-39104.118943,-44401.593506,-46671.722084,-69096.058607
1762668954.227931,-39125.479758,-44429.060072,-46680.495143,-69102.160633
1762668954.223931,-39067.495614,-44376.797974,-46662.949026,-69081.947207
1762668954.227931,-39025.153965,-44334.452599,-46645.782888,-69070.503116
1762668954.244153,-39036.598057,-44341.322035,-46650.357544,-69078.132510
1762668954.248153,-39075.508714,-44377.177954,-46663.708985,-69086.141884
1762668954.244153,-39096.869528,-44395.487756,-46670.578420,-69089.956582
1762668954.248153,-39055.671543,-44374.126941,-46665.616333,-69083.087146
1762668954.254317,-38997.307420,-44313.471764,-46644.255519,-69065.161049
1762668954.258317,-39003.789425,-44308.133423,-46641.584486,-69062.486291
1762668954.254317,-39049.185812,-44345.516711,-46653.412282,-69075.457752
1762668954.258317,-39091.911167,-44384.807348,-46670.194715,-69088.049233
1762668954.274894,-39022.482932,-44333.692640,-46654.555947,-69069.355726
1762668954.278893,-38976.326585,-44279.903173,-46633.575112,-69051.429629
1762668954.285030,-39005.316794,-44300.884008,-46638.913453,-69060.198963
1762668954.289030,-39067.115635,-44353.526086,-46660.277992,-69075.837731
1762668954.293030,-39098.776877,-44384.807348,-46669.431031,-69081.179798
1762668954.297030,-39036.978036,-44334.452599,-46649.597585,-69064.781070
1762668954.285030,-38997.307420,-44304.318726,-46638.153493,-69058.291614
1762668954.289030,-39013.326168,-44314.999133,-46641.584486,-69063.633680
1762668954.305259,-39075.508714,-44364.210218,-46659.894288,-69081.179798
1762668954.309259,-39106.026292,-44393.580407,-46672.102064,-69090.336561
1762668954.315436,-39066.731930,-44379.085302,-46666.000038,-69083.467126
1762668954.319436,-39016.380906,-44327.970594,-46648.833901,-69068.208337
1762668954.315436,-39037.361741,-44340.938330,-46652.648598,-69073.930383
1762668954.319436,-39097.633213,-44392.820448,-46670.194715,-69091.483951
1762668954.335638,-39136.160165,-44436.305761,-46687.360853,-69103.688002
1762668954.339638,-39080.467075,-44396.635145,-46671.722084,-69084.614515
1762668954.345796,-39024.770260,-44342.845678,-46648.450196,-69068.595767
1762668954.349796,-39046.514779,-44357.724488,-46654.555947,-69080.039859
1762668954.353796,-39099.156857,-44407.315552,-46673.245728,-69093.003869
1762668954.357796,-39123.572409,-44425.625354,-46685.453504,-69096.818566
1762668954.345796,-39056.051522,-44366.877526,-46664.856374,-69075.837731
1762668954.349796,-39008.367807,-44327.206910,-46649.213880,-69062.486291
1762668954.364836,-39013.709873,-44326.063246,-46649.597585,-69065.541029
1762668954.368836,-39059.486240,-44361.919165,-46666.380018,-69079.272449
1762668954.364836,-39078.939706,-44381.376356,-46674.393117,-69085.374475
1762668954.368836,-39050.713181,-44357.340783,-46666.763723,-69076.225162
1762668954.381189,-38990.058005,-44294.781983,-46642.728150,-69057.911634
1762668954.385189,-39003.029466,-44299.360365,-46645.782888,-69063.253701
1762668954.381189,-39057.195187,-44345.516711,-46657.226980,-69076.605141
1762668954.385189,-39096.489549,-44392.820448,-46672.485769,-69088.809192
1762668954.392540,-39044.227451,-44346.660376,-46655.699611,-69071.643054
1762668954.396540,-38996.543735,-44293.254614,-46633.191407,-69053.716958
1762668954.397867,-39016.380906,-44313.091785,-46636.246145,-69059.059024
1762668954.401867,-39070.546627,-44370.692223,-46658.750623,-69081.559777
1762668954.408951,-39096.489549,-44398.542494,-46670.578420,-69091.863930
1762668954.412951,-39049.949497,-44352.002442,-46654.172242,-69071.263075
1762668954.408951,-39012.946188,-44322.248548,-46638.913453,-69059.439003
1762668954.412951,-39029.732347,-44333.308935,-46635.862440,-69060.578942
1762668954.423575,-39080.847055,-44379.848987,-46651.121229,-69073.930383
1762668954.427575,-39120.901376,-44409.986585,-46669.051051,-69084.234536
1762668954.433723,-39078.176022,-44395.107776,-46666.000038,-69082.327187
1762668954.437723,-39020.955563,-44342.465699,-46647.306532,-69067.828357
1762668954.453896,-39036.214352,-44343.989342,-46646.926552,-69067.828357
1762668954.457896,-39086.569101,-44387.478381,-46660.657972,-69080.039859
1762668954.474223,-39110.984653,-44416.088611,-46677.824110,-69085.761905
1762668954.478223,-39051.473141,-44363.062829,-46659.134328,-69069.355726
1762668954.474223,-38993.492723,-44299.360365,-46640.440822,-69055.244327
1762668954.478223,-39031.255990,-44316.526502,-46647.306532,-69062.486291
1762668954.484344,-39072.453976,-44353.526086,-46663.708985,-69073.930383
1762668954.488344,-39090.383798,-44374.126941,-46674.009413,-69076.985121
1762668954.492344,-39036.978036,-44324.535877,-46659.134328,-69059.818983
1762668954.496344,-38990.437984,-44285.625219,-46646.926552,-69049.134851
1762668954.500344,-39012.182504,-44286.768883,-46649.597585,-69049.134851
1762668954.504344,-39062.917233,-44327.206910,-46665.616333,-69060.198963
1762668954.484344,-39083.518088,-44346.660376,-46669.431031,-69066.688418
1762668954.488344,-39057.958871,-44342.845678,-46664.856374,-69063.633680
1762668954.494500,-39004.553109,-44288.296252,-46644.635499,-69047.994912
1762668954.498500,-39024.010301,-44298.976660,-46648.070216,-69052.189589
1762668954.494500,-39084.281772,-44353.909791,-46664.092690,-69072.023034
1762668954.498500,-39118.614048,-44400.829822,-46682.782471,-69088.429213
1762668954.524874,-39064.444602,-44355.817139,-46666.763723,-69072.790444
1762668954.528874,-39014.853537,-44306.606054,-46645.782888,-69057.531655
1762668954.524874,-39037.741721,-44335.979968,-46649.597585,-69068.595767
1762668954.528874,-39100.684226,-44394.727796,-46672.102064,-69085.761905
1762668954.532874,-39138.451219,-44427.912682,-46684.309840,-69091.483951
1762668954.536874,-39084.661752,-44376.414269,-46661.421657,-69072.790444
1762668954.524874,-39033.163339,-44343.609363,-46646.926552,-69061.346352
1762668954.528874,-39039.649069,-44343.609363,-46648.450196,-69062.106311
1762668954.545045,-39081.610739,-44380.228966,-46661.801636,-69070.883095
1762668954.549045,-39114.035666,-44401.593506,-46672.102064,-69076.225162
1762668954.565272,-39069.786668,-44368.404895,-46663.329005,-69064.393640
1762668954.569272,-39011.802524,-44305.842370,-46641.204506,-69043.032825
1762668954.575367,-39022.102952,-44305.082411,-46637.006104,-69043.412805
1762668954.579367,-39070.546627,-44352.382421,-46654.172242,-69060.198963
1762668954.583367,-39093.818516,-44380.992651,-46669.814736,-69072.023034
1762668954.587367,-39047.278464,-44335.599989,-46649.977565,-69059.818983
1762668954.575367,-38990.821689,-44282.194227,-46627.853066,-69044.940174
1762668954.579367,-39020.195603,-44305.082411,-46635.098755,-69056.384265
1762668954.585523,-39076.652378,-44353.909791,-46657.226980,-69072.410464
1762668954.589523,-39098.396897,-44377.177954,-46668.287367,-69078.132510
1762668954.585523,-39040.792733,-44321.484864,-46650.741249,-69057.911634
1762668954.589523,-39006.080478,-44292.874634,-46638.913453,-69050.282240
1762668954.609346,-39024.770260,-44305.082411,-46640.820801,-69056.764245
1762668954.613346,-39077.032357,-44356.197119,-46655.699611,-69075.457752
1762668954.615881,-39112.508297,-44386.714697,-46671.722084,-69085.374475
1762668954.619881,-39069.786668,-44363.826513,-46667.523682,-69073.550403
1762668954.615881,-39004.936814,-44308.897108,-46642.728150,-69056.004286
1762668954.619881,-39026.677608,-44316.906482,-46643.491834,-69065.161049
1762668954.636064,-39079.323411,-44365.733862,-46657.226980,-69083.087146
1762668954.640064,-39118.994027,-44409.986585,-46671.722084,-69094.531238
1762668954.644064,-39072.837681,-44368.784875,-46656.463295,-69077.365100
1762668954.648064,-39009.895176,-44318.813831,-46635.862440,-69061.346352
1762668954.636064,-39030.112326,-44345.516711,-46641.584486,-69072.023034
1762668954.640064,-39078.559726,-44391.293079,-46659.514308,-69084.614515
1762668954.646214,-39116.322994,-44409.602880,-46672.102064,-69083.467126
1762668954.650214,-39060.249925,-44352.382421,-46653.412282,-69061.726332
1762668954.646214,-39008.751512,-44314.999133,-46638.533473,-69050.662220
1762668954.650214,-39015.233517,-44317.286462,-46635.098755,-69052.189589
1762668954.666419,-39064.444602,-44354.289770,-46649.977565,-69065.921009
1762668954.670419,-39086.952806,-44375.654310,-46661.041677,-69071.263075
1762668954.676552,-39036.978036,-44347.044080,-46650.357544,-69060.578942
1762668954.680552,-38977.470249,-44287.152588,-46626.709402,-69039.985538
1762668954.676552,-38998.067379,-44294.398278,-46630.524099,-69044.940174
1762668954.680552,-39054.144174,-44341.322035,-46645.782888,-69060.578942
1762668954.709484,-39076.652378,-44371.455908,-46658.750623,-69067.448378
1762668954.713484,-39017.904550,-44326.443225,-46642.348170,-69053.336978
1762668954.709484,-38969.457150,-44276.088476,-46622.131020,-69042.652845
1762668954.713484,-39000.738412,-44306.226075,-46633.191407,-69054.096937
1762668954.717484,-39057.578892,-44354.289770,-46655.319631,-69071.263075
1762668954.721484,-39078.176022,-44378.321618,-46665.236354,-69079.272449
1762668954.717018,-39019.431919,-44327.970594,-46648.070216,-69061.346352
1762668954.721018,-38987.006992,-44304.698706,-46637.769789,-69055.624306
1762668954.725018,-39011.418819,-44316.526502,-46637.389809,-69060.578942
1762668954.729018,-39071.694016,-44356.580824,-46658.750623,-69073.930383
1762668954.727122,-39086.189121,-44379.085302,-46672.485769,-69080.419838
1762668954.731122,-39053.000510,-44357.340783,-46666.000038,-69073.930383
1762668954.737375,-39004.936814,-44311.184436,-46649.213880,-69059.059024
1762668954.741375,-39028.204978,-44323.392212,-46653.028578,-69066.688418
1762668954.737375,-39088.476449,-44379.085302,-46675.153077,-69087.669253
1762668954.741375,-39118.614048,-44416.468590,-46687.744558,-69097.965956
1762668954.757602,-39069.786668,-44369.548559,-46671.722084,-69082.707167
1762668954.761602,-39010.658860,-44314.235449,-46646.926552,-69065.161049
1762668954.767772,-39032.399654,-44334.452599,-46652.648598,-69072.023034
1762668954.771772,-39086.189121,-44384.043664,-46675.916761,-69089.956582
1762668954.775772,-39104.498923,-44407.315552,-46686.217189,-69096.438587
1762668954.779772,-39032.399654,-44345.896691,-46660.657972,-69073.550403
1762668954.767772,-39001.502097,-44318.050146,-46650.741249,-69065.541029
1762668954.771772,-39027.441293,-44331.401587,-46662.185341,-69071.263075
1762668954.777884,-39072.837681,-44366.117567,-46674.393117,-69082.707167
1762668954.781884,-39096.489549,-44384.427369,-46681.638807,-69084.614515
1762668954.798112,-39057.195187,-44357.724488,-46674.773097,-69073.930383
1762668954.802112,-38993.109018,-44300.120324,-46657.986939,-69057.151675
1762668954.798112,-39011.418819,-44307.369739,-46657.226980,-69057.911634
1762668954.802112,-39082.754403,-44364.210218,-46678.967774,-69072.790444
1762668954.809667,-39099.540561,-44392.056763,-46692.319214,-69081.947207
1762668954.813667,-39045.371115,-44338.651001,-46675.536782,-69066.300988
1762668954.818208,-38989.294320,-44285.245240,-46651.884913,-69047.994912
1762668954.822207,-39017.140865,-44315.379113,-46663.329005,-69059.059024
1762668954.828349,-39080.083370,-44366.877526,-46686.597168,-69073.170424
1762668954.832349,-39107.549936,-44393.580407,-46696.897596,-69080.419838
1762668954.828349,-39045.371115,-44343.989342,-46678.967774,-69062.486291
1762668954.832349,-39010.658860,-44319.577515,-46672.102064,-69051.809609
1762668954.848529,-39035.834372,-44330.257922,-46670.578420,-69056.004286
1762668954.852529,-39091.527462,-44375.270605,-46685.073525,-69075.077772
1762668954.861761,-39114.799351,-44402.357191,-46697.661281,-69083.854556
1762668954.865761,-39070.546627,-44375.654310,-46683.929861,-69073.930383
1762668954.869761,-39022.102952,-44325.299561,-46663.708985,-69057.911634
1762668954.873761,-39036.214352,-44332.545251,-46661.801636,-69060.198963
1762668954.862343,-39101.827890,-44389.765710,-46685.073525,-69078.132510
1762668954.866343,-39135.016501,-44426.389039,-46700.332314,-69086.901844
1762668954.871412,-39071.310312,-44372.599572,-46678.207815,-69067.448378
1762668954.875412,-39013.326168,-44314.619154,-46654.172242,-69049.902260
1762668954.871412,-39038.885385,-44337.887317,-46661.801636,-69059.818983
1762668954.875412,-39081.610739,-44379.469007,-46676.300466,-69069.735706
1762668954.899261,-39098.013192,-44394.727796,-46680.875123,-69072.410464
1762668954.903260,-39041.556418,-44339.794666,-46662.949026,-69054.476917
1762668954.899261,-39006.080478,-44310.420752,-46651.121229,-69047.227502
1762668954.903260,-39024.390280,-44316.142797,-46653.028578,-69052.189589
1762668954.899261,-39077.416062,-44356.197119,-46667.523682,-69065.161049
1762668954.903260,-39097.249508,-44383.283705,-46678.587794,-69074.317813
1762668954.919995,-39048.422128,-44350.095093,-46667.143703,-69064.781070
1762668954.923995,-38991.201669,-44298.212975,-46651.504934,-69051.042199
1762668954.919995,-39019.811898,-44311.564416,-46655.699611,-69051.809609
1762668954.923995,-39084.661752,-44364.970177,-46678.967774,-69066.300988
1762668954.940145,-39110.600948,-44395.487756,-46692.702919,-69076.985121
1762668954.944145,-39054.907858,-44346.280396,-46674.393117,-69059.059024
1762668954.940145,-38999.214768,-44295.161963,-46656.079590,-69044.560194
1762668954.944145,-39032.019675,-44330.257922,-46664.856374,-69059.439003
1762668954.950315,-39098.013192,-44382.900000,-46688.504517,-69076.985121
1762668954.954315,-39118.614048,-44403.117150,-46698.424965,-69084.234536
1762668954.950315,-39054.144174,-44351.238757,-46673.629433,-69064.781070
1762668954.954315,-39013.709873,-44322.248548,-46659.514308,-69057.911634
1762668954.960414,-39035.834372,-44330.637902,-46663.329005,-69063.253701
1762668954.964414,-39087.332785,-44376.034290,-46680.875123,-69076.985121
1762668954.960414,-39105.262607,-44400.829822,-46688.124537,-69077.365100
1762668954.964414,-39053.764194,-44362.302870,-46672.865748,-69062.873721
1762668954.990788,-39003.029466,-44303.935021,-46650.741249,-69046.087563
1762668954.994788,-39019.431919,-44311.564416,-46651.121229,-69047.994912
1762668954.990788,-39075.888693,-44364.210218,-46669.051051,-69062.873721
1762668954.994788,-39094.582200,-44391.673058,-46681.258827,-69070.503116
1762668954.990788,-39030.876011,-44332.165271,-46661.421657,-69049.134851
1762668954.994788,-38974.035531,-44273.037463,-46639.297158,-69029.681385
1762668954.990788,-39018.288255,-44311.184436,-46649.213880,-69043.800235
1762668954.994788,-39072.453976,-44355.433434,-46666.000038,-69061.346352
1762668955.011075,-39091.527462,-44375.270605,-46679.731458,-69066.688418
1762668955.015075,-39030.112326,-44324.535877,-46668.287367,-69051.042199
1762668955.021210,-39000.358433,-44304.318726,-46654.172242,-69045.707583
1762668955.025210,-39024.010301,-44312.711805,-46658.370644,-69049.134851
1762668955.021210,-39073.981345,-44356.960803,-46676.680446,-69064.393640
1762668955.025210,-39100.304246,-44384.427369,-46686.597168,-69070.503116
1762668955.041427,-39046.514779,-44347.804040,-46674.773097,-69056.764245
1762668955.045427,-39007.987827,-44303.935021,-46656.079590,-69041.892886
1762668955.051550,-39029.732347,-44320.341200,-46660.657972,-69046.087563
1762668955.055550,-39092.674851,-44385.951012,-46682.402492,-69069.735706
1762668955.059550,-39127.007127,-44424.481690,-46696.897596,-69081.947207
1762668955.063550,-39063.680917,-44371.839613,-46677.060425,-69062.486291
1762668955.051550,-39012.566209,-44317.286462,-46657.986939,-69048.374891
1762668955.055550,-39039.269090,-44338.267297,-46666.380018,-69059.818983
1762668955.071800,-39093.434811,-44381.756335,-46684.689820,-69074.317813
1762668955.075800,-39115.563035,-44394.344091,-46690.031886,-69075.077772
1762668955.081896,-39041.176438,-44329.877943,-46668.671072,-69049.522281
1762668955.085896,-39003.789425,-44300.884008,-46655.699611,-69041.125476
1762668955.089896,-39020.575583,-44306.989759,-46654.555947,-69043.412805
1762668955.093896,-39064.444602,-44347.424060,-46669.051051,-69053.336978
1762668955.081896,-39083.518088,-44369.932264,-46679.351479,-69059.818983
1762668955.085896,-39037.741721,-44339.794666,-46669.431031,-69050.282240
1762668955.092056,-38989.294320,-44288.296252,-46648.833901,-69035.403430
1762668955.096056,-38999.214768,-44294.781983,-46646.926552,-69039.598107
1762668955.102137,-39063.680917,-44349.711388,-46663.329005,-69057.151675
1762668955.106137,-39077.796042,-44376.034290,-46677.060425,-69065.541029
1762668955.112266,-39029.348642,-44326.443225,-46660.277992,-69046.847522
1762668955.116266,-38982.048631,-44275.324792,-46641.968191,-69031.968713
1762668955.112266,-39017.904550,-44316.526502,-46659.894288,-69047.614932
1762668955.116266,-39090.003818,-44369.932264,-46681.638807,-69066.300988
1762668955.132521,-39119.757712,-44395.107776,-46692.702919,-69076.605141
1762668955.136521,-39064.444602,-44353.526086,-46678.207815,-69062.486291
1762668955.142138,-39028.584957,-44331.021607,-46664.472669,-69054.096937
1762668955.146137,-39054.527879,-44343.609363,-46667.907387,-69058.671594
1762668955.142138,-39113.271981,-44393.964112,-46689.268202,-69073.550403
1762668955.146137,-39136.923850,-44423.718005,-46699.948609,-69080.799818
1762668955.152279,-39083.138108,-44384.043664,-46683.166176,-69064.781070
1762668955.156279,-39035.834372,-44339.414686,-46664.856374,-69052.189589
1762668955.162397,-39051.473141,-44342.845678,-46665.616333,-69053.336978
1762668955.166397,-39100.684226,-44391.293079,-46683.929861,-69069.355726
1762668955.172829,-39119.377732,-44410.366565,-46693.846583,-69075.077772
1762668955.176829,-39051.856846,-44350.858778,-46672.485769,-69050.282240
1762668955.172829,-38995.016366,-44286.388904,-46647.690237,-69032.356143
1762668955.176829,-39014.089853,-44306.989759,-46654.555947,-69041.505456
1762668955.183351,-39069.402963,-44349.711388,-46672.485769,-69054.096937
1762668955.187351,-39091.911167,-44369.168580,-46681.258827,-69057.151675
1762668955.183351,-39030.876011,-44322.248548,-46660.277992,-69038.838148
1762668955.187351,-39003.409445,-44301.267713,-46652.648598,-69037.310779
1762668955.203739,-39022.482932,-44311.564416,-46655.699611,-69041.505456
1762668955.207739,-39083.138108,-44353.526086,-46672.102064,-69057.911634
1762668955.203739,-39106.786251,-44375.654310,-46680.115163,-69065.161049
1762668955.207739,-39055.671543,-44349.331409,-46665.616333,-69051.429629
1762668955.224132,-39012.182504,-44302.791357,-46647.690237,-69036.550820
1762668955.228132,-39039.649069,-44311.948121,-46654.172242,-69042.652845
1762668955.234279,-39101.064205,-44377.941638,-46674.393117,-69063.253701
1762668955.238279,-39134.252816,-44414.561242,-46691.939235,-69075.457752
1762668955.242280,-39083.138108,-44370.692223,-46679.351479,-69061.346352
1762668955.246279,-39033.547044,-44322.248548,-46659.134328,-69047.994912
1762668955.234279,-39076.268673,-44360.775501,-46667.143703,-69062.486291
1762668955.238279,-39132.345468,-44407.315552,-46688.124537,-69079.652429
1762668955.244571,-39141.882211,-44423.338026,-46698.424965,-69081.179798
1762668955.248571,-39073.981345,-44366.497546,-46674.009413,-69061.346352
1762668955.264826,-39042.700082,-44342.845678,-46664.856374,-69051.429629
1762668955.268826,-39059.866220,-44352.766126,-46668.671072,-69056.004286
1762668955.274983,-39106.786251,-44388.242066,-46682.782471,-69070.503116
1762668955.278983,-39117.470384,-44400.829822,-46687.744558,-69074.317813
1762668955.285116,-39067.495614,-44354.673475,-46672.485769,-69057.911634
1762668955.289116,-39008.367807,-44301.267713,-46653.028578,-69043.032825
1762668955.295235,-39024.390280,-44307.369739,-46654.935926,-69047.614932
1762668955.299235,-39083.138108,-44355.433434,-46677.444130,-69064.013660
1762668955.303235,-39089.620113,-44379.085302,-46683.929861,-69070.883095
1762668955.307235,-39015.233517,-44329.877943,-46662.949026,-69053.336978
1762668955.295235,-38972.128183,-44277.615845,-46643.875539,-69039.598107
1762668955.299235,-39013.326168,-44312.711805,-46654.935926,-69051.809609
1762668955.310335,-39064.064622,-44361.919165,-46674.773097,-69066.300988
1762668955.314335,-39080.467075,-44384.043664,-46682.402492,-69076.225162
1762668955.325979,-39034.307003,-44337.507337,-46663.708985,-69063.633680
1762668955.329978,-39012.182504,-44322.248548,-46658.750623,-69061.726332
1762668955.333979,-39029.348642,-44334.452599,-46664.472669,-69066.300988
1762668955.337979,-39080.467075,-44377.941638,-46681.258827,-69078.132510
1762668955.325979,-39109.457284,-44402.357191,-46691.939235,-69079.652429
1762668955.329978,-39057.195187,-44362.682849,-46680.115163,-69062.106311
1762668955.336164,-39008.751512,-44311.564416,-46659.514308,-69043.412805
1762668955.340163,-39030.112326,-44318.050146,-46660.277992,-69046.087563
1762668955.336164,-39095.342159,-44372.219592,-46682.022512,-69065.921009
1762668955.340163,-39115.179330,-44397.015125,-46695.373952,-69075.077772
1762668955.366486,-39050.713181,-44343.989342,-46670.958400,-69053.716958
1762668955.370486,-38994.636387,-44290.203601,-46649.977565,-69036.930799
1762668955.366486,-39024.390280,-44321.484864,-46659.134328,-69047.994912
1762668955.370486,-39075.125009,-44361.155480,-46674.009413,-69057.151675
1762668955.374486,-39085.045457,-44375.654310,-46683.546156,-69060.578942
1762668955.378486,-39018.668234,-44316.526502,-46663.708985,-69041.505456
1762668955.386697,-38990.437984,-44292.490929,-46650.741249,-69036.930799
1762668955.390697,-39011.802524,-44306.226075,-46654.172242,-69043.800235
1762668955.386697,-39060.249925,-44345.136732,-46674.009413,-69054.856896
1762668955.390697,-39083.898067,-44371.839613,-46685.073525,-69060.578942
1762668955.410533,-39029.732347,-44332.165271,-46670.194715,-69047.994912
1762668955.414533,-38987.770677,-44287.152588,-46654.935926,-69033.116102
1762668955.410533,-39008.751512,-44299.360365,-46656.843275,-69036.930799
1762668955.414533,-39065.971971,-44356.960803,-46680.495143,-69058.291614
1762668955.418533,-39091.527462,-44379.469007,-46696.133912,-69065.921009
1762668955.422533,-39040.412754,-44334.452599,-46678.967774,-69047.994912
1762668955.417071,-38995.016366,-44284.861535,-46657.986939,-69032.736123
1762668955.421071,-39030.876011,-44321.864843,-46670.578420,-69043.412805
1762668955.427239,-39088.096470,-44367.261231,-46689.651906,-69058.671594
1762668955.431239,-39103.735238,-44387.098402,-46696.133912,-69064.781070
1762668955.427239,-39045.371115,-44334.452599,-46674.773097,-69046.087563
1762668955.431239,-39009.895176,-44316.142797,-46664.856374,-69042.272866
1762668955.437346,-39029.348642,-44326.443225,-46662.565321,-69047.994912
1762668955.441346,-39080.467075,-44369.168580,-46679.731458,-69061.346352
1762668955.457574,-39094.198495,-44387.858361,-46682.022512,-69067.068398
1762668955.461574,-39044.227451,-44347.804040,-46665.236354,-69052.949548
1762668955.457574,-38995.780051,-44296.689332,-46645.399183,-69035.403430
1762668955.461574,-39014.853537,-44307.369739,-46651.884913,-69039.598107
1762668955.457574,-39073.601365,-44361.539185,-46677.444130,-69057.531655
1762668955.461574,-39089.240134,-44380.992651,-46687.744558,-69061.346352
1762668955.467654,-39026.297629,-44331.021607,-46666.000038,-69044.180214
1762668955.471654,-38970.220834,-44272.273779,-46640.820801,-69030.061364
1762668955.477887,-39004.936814,-44312.328100,-46654.555947,-69045.707583
1762668955.481887,-39061.773568,-44358.488172,-46673.629433,-69060.578942
1762668955.488052,-39078.559726,-44374.890625,-46679.731458,-69060.966372
1762668955.492052,-39012.182504,-44325.299561,-46662.565321,-69043.800235
1762668955.498158,-38983.572274,-44300.120324,-46651.504934,-69040.745497
1762668955.502157,-39011.038840,-44310.420752,-46653.028578,-69044.940174
1762668955.498158,-39053.764194,-44348.187745,-46666.000038,-69056.004286
1762668955.502157,-39072.837681,-44371.455908,-46678.967774,-69062.873721
1762668955.518342,-39027.441293,-44328.730553,-46667.907387,-69047.227502
1762668955.522342,-38982.428610,-44286.768883,-46651.121229,-69036.930799
1762668955.518342,-39007.604122,-44297.832996,-46653.412282,-69043.032825
1762668955.522342,-39070.546627,-44358.488172,-46674.393117,-69061.726332
1762668955.528462,-39083.138108,-44379.848987,-46683.546156,-69065.161049
1762668955.532462,-39023.626596,-44332.928956,-46662.185341,-69046.847522
1762668955.528462,-38980.901241,-44292.874634,-46645.782888,-69037.310779
1762668955.532462,-39021.719247,-44334.452599,-46668.671072,-69057.531655
1762668955.548669,-39088.096470,-44382.136315,-46686.597168,-69072.410464
1762668955.552669,-39102.591574,-44397.015125,-46689.268202,-69071.263075
1762668955.548669,-39038.505405,-44343.229383,-46669.814736,-69048.374891
1762668955.552669,-39006.844163,-44317.670166,-46662.565321,-69040.745497
1762668955.558755,-39018.288255,-44318.813831,-46660.277992,-69046.467543
1762668955.562755,-39064.824581,-44360.395521,-46674.773097,-69063.633680
1762668955.558755,-39090.767503,-44388.242066,-46683.546156,-69071.263075
1762668955.562755,-39035.070688,-44347.044080,-46669.051051,-69054.476917
1762668955.578944,-38985.099643,-44301.267713,-46653.792262,-69041.125476
1762668955.582944,-39002.645761,-44308.513403,-46654.935926,-69041.505456
1762668955.578944,-39066.351950,-44371.455908,-46677.060425,-69061.346352
1762668955.582944,-39090.767503,-44396.635145,-46690.411866,-69069.355726
1762668955.599145,-39024.770260,-44336.359948,-46669.431031,-69042.652845
1762668955.603145,-38981.284946,-44282.194227,-46651.504934,-69020.524621
1762668955.599145,-39017.904550,-44314.619154,-46662.185341,-69034.263492
1762668955.603145,-39065.971971,-44353.909791,-46675.536782,-69048.754871
1762668955.610819,-39074.361324,-44370.312244,-46680.115163,-69052.949548
1762668955.614819,-39022.482932,-44319.193810,-46658.750623,-69038.838148
1762668955.619354,-39003.029466,-44295.545667,-46651.504934,-69036.930799
1762668955.623354,-39018.668234,-44308.897108,-46655.699611,-69041.125476
1762668955.619354,-39063.680917,-44359.248132,-46669.051051,-69053.336978
1762668955.623354,-39077.032357,-44383.663684,-46678.587794,-69058.671594
1762668955.649662,-39024.010301,-44334.452599,-46663.329005,-69041.892886
1762668955.653662,-38977.470249,-44286.768883,-46645.399183,-69022.431970
1762668955.649662,-38998.451084,-44301.267713,-46647.306532,-69028.921425
1762668955.653662,-39064.824581,-44366.117567,-46667.907387,-69052.569568
1762668955.657662,-39079.323411,-44385.571033,-46679.731458,-69059.818983
1762668955.661662,-39018.668234,-44334.072620,-46660.277992,-69042.272866
1762668955.649662,-38979.377598,-44293.254614,-46642.348170,-69030.828774
1762668955.653662,-39024.010301,-44336.743653,-46658.370644,-69042.652845
1762668955.669863,-39073.601365,-44374.506921,-46675.153077,-69051.042199
1762668955.673862,-39082.374424,-44382.136315,-46680.115163,-69052.569568
1762668955.669863,-39013.709873,-44327.206910,-46662.565321,-69035.783410
1762668955.673862,-38992.729038,-44303.175062,-46653.412282,-69030.828774
1762668955.690091,-39023.626596,-44318.433851,-46658.370644,-69036.170840
1762668955.694091,-39068.639278,-44355.817139,-46675.153077,-69047.994912
1762668955.700256,-39082.754403,-44377.561659,-46684.689820,-69054.096937
1762668955.704256,-39030.876011,-44334.072620,-46669.814736,-69038.838148
1762668955.708256,-38983.572274,-44281.046838,-46652.264893,-69020.144641
1762668955.712256,-39008.367807,-44289.059937,-46653.792262,-69024.339318
1762668955.700256,-39062.537253,-44350.095093,-46675.153077,-69044.180214
1762668955.704256,-39068.259299,-44363.446534,-46681.638807,-69046.847522
1762668955.710860,-39015.233517,-44313.471764,-46660.657972,-69028.541446
1762668955.714859,-38967.549801,-44270.750135,-46639.677137,-69017.857313
1762668955.741207,-39008.751512,-44316.526502,-46652.264893,-69033.116102
1762668955.745207,-39060.249925,-44363.062829,-46665.236354,-69050.282240
1762668955.741207,-39070.930332,-44378.321618,-46668.671072,-69053.716958
1762668955.745207,-39007.604122,-44333.692640,-46649.597585,-69039.598107
1762668955.751344,-38982.048631,-44311.564416,-46642.728150,-69032.736123
1762668955.755344,-39017.904550,-44333.308935,-46649.597585,-69041.505456
1762668955.761447,-39064.064622,-44378.321618,-46664.472669,-69057.911634
1762668955.765447,-39086.952806,-44402.357191,-46674.009413,-69065.541029
1762668955.769447,-39037.361741,-44364.210218,-46661.421657,-69051.429629
1762668955.773447,-38993.872702,-44322.248548,-46644.255519,-69037.310779
1762668955.761447,-39017.140865,-44327.970594,-46652.648598,-69046.847522
1762668955.765447,-39083.518088,-44385.951012,-46676.680446,-69069.355726
1762668955.781718,-39096.489549,-44404.264539,-46683.929861,-69072.023034
1762668955.785718,-39023.246616,-44341.702014,-46663.329005,-69049.902260
1762668955.791797,-38979.377598,-44297.832996,-46643.111855,-69033.496082
1762668955.795797,-39038.505405,-44337.123632,-46660.277992,-69048.374891
1762668955.799797,-39089.240134,-44373.363256,-46678.967774,-69060.578942
1762668955.803797,-39092.674851,-44379.469007,-46691.175550,-69059.059024
1762668955.791797,-39029.348642,-44324.155897,-46672.485769,-69036.550820
1762668955.795797,-38996.160030,-44296.305627,-46658.370644,-69028.921425
1762668955.801901,-39023.626596,-44308.133423,-46657.226980,-69033.496082
1762668955.805901,-39070.166647,-44347.424060,-46668.287367,-69043.800235
1762668955.801901,-39087.712765,-44369.168580,-46674.773097,-69049.134851
1762668955.805901,-39021.719247,-44326.443225,-46662.185341,-69037.310779
1762668955.822075,-38975.562900,-44281.430542,-46639.677137,-69024.339318
1762668955.826075,-39004.173130,-44296.305627,-46640.820801,-69028.541446
1762668955.822075,-39067.495614,-44360.775501,-46662.565321,-69048.754871
1762668955.826075,-39078.559726,-44382.136315,-46669.814736,-69052.949548
1762668955.832189,-39013.709873,-44332.545251,-46651.884913,-69035.023451
1762668955.836189,-38978.613913,-44292.874634,-46635.862440,-69023.199379
1762668955.842322,-39036.978036,-44339.030981,-46651.121229,-69039.985538
1762668955.846322,-39083.138108,-44378.705323,-46667.523682,-69051.809609
1762668955.852400,-39092.291147,-44392.436743,-46675.916761,-69056.004286
1762668955.856400,-39033.547044,-44341.322035,-46657.986939,-69036.930799
1762668955.863903,-39000.738412,-44311.564416,-46647.306532,-69027.014077
1762668955.867903,-39027.441293,-44333.692640,-46656.079590,-69038.458169
1762668955.863903,-39081.610739,-44373.363256,-46675.153077,-69052.949548
1762668955.867903,-39105.262607,-44397.395104,-46683.929861,-69060.198963
1762668955.883068,-39044.227451,-44346.660376,-46665.236354,-69046.847522
1762668955.887068,-38998.067379,-44300.884008,-46650.357544,-69034.643471
1762668955.893157,-39018.288255,-44311.564416,-46656.079590,-69037.310779
1762668955.897157,-39076.268673,-44367.641211,-46678.967774,-69054.096937
1762668955.901158,-39085.045457,-44376.797974,-46680.115163,-69056.004286
1762668955.905158,-39019.048214,-44319.193810,-46658.370644,-69037.690759
1762668955.893157,-38974.035531,-44272.657484,-46638.913453,-69022.431970
1762668955.897157,-39008.367807,-44308.897108,-46648.450196,-69035.783410
1762668955.910925,-39052.236825,-44347.424060,-46660.657972,-69047.227502
1762668955.914925,-39048.805833,-44360.775501,-46669.431031,-69051.042199
1762668955.910925,-38991.201669,-44310.040772,-46648.450196,-69036.930799
1762668955.914925,-38969.457150,-44291.730970,-46641.968191,-69030.448794
1762668955.923580,-38994.252682,-44306.226075,-46645.399183,-69035.023451
1762668955.927580,-39046.898484,-44345.516711,-46657.986939,-69046.087563
1762668955.934057,-39059.866220,-44371.455908,-46666.763723,-69053.336978
1762668955.938057,-39000.358433,-44328.350574,-46653.028578,-69040.365517
1762668955.942057,-38972.128183,-44289.439917,-46635.482460,-69029.681385
1762668955.946057,-38999.594748,-44302.791357,-46639.297158,-69035.403430
1762668955.934057,-39068.259299,-44374.506921,-46664.472669,-69058.671594
1762668955.938057,-39082.374424,-44388.242066,-46668.671072,-69060.966372
1762668955.954270,-39019.048214,-44328.730553,-46646.542847,-69036.170840
1762668955.958270,-38981.664926,-44293.638319,-46634.718776,-69024.726748
1762668955.974555,-39026.677608,-44335.216284,-46649.597585,-69037.690759
1762668955.978554,-39079.323411,-44374.890625,-46667.907387,-69051.429629
1762668955.984597,-39088.096470,-44384.043664,-46673.629433,-69056.764245
1762668955.988597,-39024.390280,-44329.494238,-46656.463295,-69036.170840
1762668955.992597,-38990.821689,-44300.884008,-46645.782888,-69027.774036
1762668955.996597,-39014.853537,-44321.101159,-46646.162868,-69036.930799
1762668955.994784,-39054.907858,-44353.526086,-46657.986939,-69050.662220
1762668955.998784,-39070.930332,-44374.506921,-46665.616333,-69058.671594
1762668956.002784,-39007.224143,-44328.730553,-46650.741249,-69043.800235
1762668956.006784,-38959.160447,-44289.823622,-46635.482460,-69031.968713
1762668955.994784,-38982.048631,-44308.897108,-46638.153493,-69038.078189
1762668955.998784,-39057.578892,-44375.654310,-46661.041677,-69059.818983
1762668956.025490,-39074.745029,-44384.427369,-46668.671072,-69059.818983
1762668956.029490,-38998.067379,-44323.008507,-46647.690237,-69036.930799
1762668956.025490,-38954.198360,-44279.523194,-46625.562012,-69023.199379
1762668956.029490,-39002.265781,-44320.721179,-46639.677137,-69037.690759
1762668956.033490,-39059.486240,-44363.062829,-46656.843275,-69045.707583
1762668956.037490,-39068.639278,-44372.219592,-46663.708985,-69048.374891
1762668956.025490,-39006.460458,-44314.235449,-46644.255519,-69029.301405
1762668956.029490,-38984.715939,-44287.916273,-46635.098755,-69020.524621
1762668956.045784,-39011.418819,-44302.411377,-46642.728150,-69026.246667
1762668956.049784,-39057.958871,-44341.322035,-46657.986939,-69037.310779
1762668956.045784,-39078.559726,-44368.404895,-46669.814736,-69040.745497
1762668956.049784,-39019.811898,-44320.721179,-46654.172242,-69025.486708
1762668956.055945,-38980.141282,-44280.286878,-46636.626124,-69014.802575
1762668956.059945,-39012.566209,-44295.161963,-46642.348170,-69019.764662
1762668956.076539,-39080.467075,-44363.062829,-46667.907387,-69042.652845
1762668956.080539,-39085.805416,-44376.414269,-46674.773097,-69044.940174
1762668956.084539,-39013.326168,-44317.286462,-46649.597585,-69027.774036
1762668956.088539,-38981.664926,-44277.995825,-46629.376709,-69016.709924
1762668956.086693,-39020.955563,-44318.813831,-46645.399183,-69031.588733
1762668956.090693,-39066.351950,-44359.248132,-46666.000038,-69046.847522
1762668956.086693,-39072.453976,-44373.746961,-46664.472669,-69052.569568
1762668956.090693,-39002.645761,-44324.915856,-46643.111855,-69035.783410
1762668956.106900,-38969.840854,-44297.832996,-46634.338796,-69032.736123
1762668956.110900,-39008.751512,-44317.670166,-46642.728150,-69045.320153
1762668956.117126,-39058.342576,-44359.248132,-46661.801636,-69060.966372
1762668956.121126,-39076.268673,-44387.098402,-46674.009413,-69067.448378
1762668956.117126,-39011.038840,-44339.030981,-46656.079590,-69050.282240
1762668956.121126,-38973.655552,-44296.689332,-46635.862440,-69033.116102
1762668956.117126,-39006.844163,-44308.897108,-46641.584486,-69036.550820
1762668956.121126,-39071.310312,-44373.363256,-46671.722084,-69057.531655
1762668956.127223,-39075.888693,-44373.746961,-46678.207815,-69056.764245
1762668956.131223,-39012.182504,-44319.577515,-46657.226980,-69034.263492
1762668956.137328,-38982.048631,-44276.472181,-46643.875539,-69019.004703
1762668956.141328,-39030.492306,-44320.721179,-46656.843275,-69033.496082
1762668956.157597,-39076.652378,-44361.919165,-46672.485769,-69041.505456
1762668956.161597,-39076.268673,-44369.548559,-46674.393117,-69041.125476
1762668956.157597,-39016.760886,-44317.286462,-46651.121229,-69022.051990
1762668956.161597,-38989.678025,-44290.203601,-46640.820801,-69014.042616
1762668956.165597,-39016.380906,-44303.555042,-46644.255519,-69022.819400
1762668956.169597,-39067.495614,-44345.896691,-46656.843275,-69037.310779
1762668956.167716,-39080.847055,-44367.641211,-46663.708985,-69041.505456
1762668956.171716,-39006.844163,-44316.526502,-46645.782888,-69024.339318
1762668956.177876,-38967.549801,-44276.472181,-46628.616750,-69013.662636
1762668956.181876,-39003.029466,-44285.625219,-46629.760414,-69019.764662
1762668956.177876,-39059.102535,-44356.197119,-46652.264893,-69042.272866
1762668956.181876,-39062.537253,-44372.219592,-46659.894288,-69047.614932
1762668956.187937,-39005.696774,-44316.142797,-46639.297158,-69032.736123
1762668956.191937,-38961.067796,-44274.944812,-46619.839966,-69019.764662
1762668956.210976,-38994.252682,-44314.999133,-46628.996730,-69029.681385
1762668956.214976,-39053.380489,-44364.970177,-46658.370644,-69047.614932
1762668956.218653,-39072.453976,-44379.469007,-46672.102064,-69054.476917
1762668956.222653,-38992.345333,-44316.142797,-46641.968191,-69025.486708
1762668956.226653,-38964.498788,-44285.625219,-46630.524099,-69014.042616
1762668956.230653,-39012.946188,-44315.762818,-46645.399183,-69027.774036
1762668956.218653,-39057.195187,-44355.053455,-46661.041677,-69036.170840
1762668956.222653,-39077.796042,-44377.561659,-46677.444130,-69039.985538
1762668956.239090,-39017.904550,-44327.206910,-46663.708985,-69020.912051
1762668956.243090,-38983.955979,-44290.583581,-46649.213880,-69008.320570
1762668956.239090,-39018.668234,-44312.711805,-46657.226980,-69014.422596
1762668956.243090,-39087.712765,-44381.376356,-46680.115163,-69036.550820
1762668956.249353,-39091.527462,-44390.149415,-46684.689820,-69039.985538
1762668956.253353,-39028.204978,-44338.267297,-46660.657972,-69019.384682
1762668956.249353,-38993.492723,-44303.175062,-46643.875539,-69009.467959
1762668956.253353,-39042.320102,-44349.711388,-46661.801636,-69030.061364
1762668956.270080,-39093.818516,-44390.913099,-46677.060425,-69044.560194
1762668956.274080,-39101.827890,-44397.778809,-46680.115163,-69048.374891
1762668956.270080,-39033.163339,-44340.558350,-46659.514308,-69030.448794
1762668956.274080,-38998.067379,-44314.235449,-46649.213880,-69022.431970
1762668956.280184,-39018.288255,-44328.350574,-46653.028578,-69026.634097
1762668956.284184,-39056.815207,-44358.488172,-46666.000038,-69040.365517
1762668956.280184,-39076.652378,-44377.941638,-46672.102064,-69049.134851
1762668956.284184,-39028.968662,-44329.114258,-46655.699611,-69030.061364
1762668956.300445,-38991.585374,-44292.110950,-46643.875539,-69018.237293
1762668956.304445,-39011.802524,-44302.411377,-46649.597585,-69020.524621
1762668956.311060,-39070.546627,-44363.826513,-46663.708985,-69037.310779
1762668956.315060,-39077.416062,-44371.075928,-46669.814736,-69036.930799
1762668956.319060,-39017.140865,-44317.286462,-46652.264893,-69019.004703
1762668956.323060,-38981.664926,-44279.523194,-46635.482460,-69006.033242
1762668956.331346,-39025.917649,-44320.341200,-46650.741249,-69019.764662
1762668956.335346,-39080.467075,-44367.261231,-46673.629433,-69036.550820
1762668956.331346,-39081.610739,-44374.126941,-46675.536782,-69035.783410
1762668956.335346,-39017.904550,-44321.101159,-46653.028578,-69017.097354
1762668956.351568,-38985.479623,-44292.874634,-46640.440822,-69007.173181
1762668956.355567,-39020.575583,-44320.721179,-46652.264893,-69017.857313
1762668956.361670,-39078.176022,-44366.117567,-46672.485769,-69031.208754
1762668956.365670,-39092.291147,-44392.820448,-46683.546156,-69036.930799
1762668956.369670,-39034.307003,-44350.095093,-46661.041677,-69023.959339
1762668956.373670,-39006.460458,-44317.286462,-46647.306532,-69014.422596
1762668956.361670,-39033.927023,-44337.123632,-46654.555947,-69024.339318
1762668956.365670,-39102.211595,-44406.551868,-46678.587794,-69047.227502
1762668956.371829,-39114.415646,-44410.746545,-46688.124537,-69047.227502
1762668956.375829,-39054.907858,-44357.340783,-46666.763723,-69028.154016
1762668956.371829,-39011.418819,-44318.050146,-46647.690237,-69017.857313
1762668956.375829,-39057.578892,-44352.382421,-46663.329005,-69031.588733
1762668956.381960,-39099.156857,-44389.385730,-46680.115163,-69044.180214
1762668956.385960,-39095.725864,-44390.913099,-46678.587794,-69042.652845
1762668956.392068,-39023.246616,-44332.165271,-46657.606959,-69022.819400
1762668956.396068,-38990.821689,-44305.462390,-46650.357544,-69015.190005
1762668956.402188,-39014.473557,-44321.101159,-46657.226980,-69020.524621
1762668956.406188,-39056.435227,-44358.104467,-46670.958400,-69030.828774
1762668956.402188,-39076.268673,-44384.807348,-46675.153077,-69036.930799
1762668956.406188,-39006.460458,-44328.730553,-46657.226980,-69018.237293
1762668956.412366,-38970.984519,-44287.532568,-46641.968191,-69004.885852
1762668956.416366,-39006.460458,-44302.411377,-46643.875539,-69010.987878
1762668956.422397,-39075.125009,-44365.353882,-46670.194715,-69034.643471
1762668956.426397,-39077.032357,-44379.085302,-46673.629433,-69033.496082
1762668956.442659,-39012.182504,-44323.008507,-46651.121229,-69010.987878
1762668956.446659,-38975.562900,-44285.625219,-46634.718776,-69005.265832
1762668956.442659,-39021.719247,-44334.452599,-46653.028578,-69024.339318
1762668956.446659,-39069.022983,-44374.890625,-46671.722084,-69035.783410
1762668956.452755,-39078.939706,-44380.612671,-46678.967774,-69039.985538
1762668956.456755,-39019.048214,-44333.308935,-46658.750623,-69025.106728
1762668956.462867,-38994.636387,-44305.082411,-46647.690237,-69015.949965
1762668956.466867,-39030.876011,-44328.350574,-46654.935926,-69022.819400
1762668956.462867,-39081.610739,-44371.455908,-46672.102064,-69035.023451
1762668956.466867,-39099.156857,-44400.829822,-46684.689820,-69041.892886
1762668956.473148,-39029.732347,-44343.989342,-46664.092690,-69023.199379
1762668956.477148,-38988.530636,-44306.226075,-46647.306532,-69014.042616
1762668956.473148,-39006.460458,-44319.577515,-46648.450196,-69022.051990
1762668956.477148,-39069.022983,-44384.807348,-46667.907387,-69041.505456
1762668956.493308,-39065.588266,-44381.376356,-46666.380018,-69037.310779
1762668956.497308,-38991.585374,-44318.433851,-46649.977565,-69014.802575
1762668956.511582,-38954.198360,-44283.337891,-46636.626124,-69002.218544
1762668956.515582,-39001.502097,-44322.628528,-46649.213880,-69018.617272
1762668956.519582,-39047.278464,-44361.155480,-46670.194715,-69035.023451
1762668956.523582,-39043.843746,-44363.826513,-46673.629433,-69034.263492
1762668956.511582,-38983.955979,-44312.711805,-46653.792262,-69018.237293
1762668956.515582,-38958.013058,-44286.008924,-46645.019203,-69011.375308
1762668956.523717,-38992.729038,-44308.133423,-46650.741249,-69019.004703
1762668956.527717,-39051.856846,-44349.711388,-46667.523682,-69031.208754
1762668956.533835,-39064.824581,-44372.599572,-46676.300466,-69036.170840
1762668956.537835,-38999.214768,-44322.248548,-46663.708985,-69016.329944
1762668956.533835,-38976.326585,-44291.730970,-46654.555947,-69009.467959
1762668956.537835,-39010.658860,-44313.091785,-46661.041677,-69018.617272
1762668956.554075,-39077.796042,-44382.900000,-46687.360853,-69040.745497
1762668956.558074,-39075.508714,-44389.765710,-46694.610268,-69041.125476
1762668956.554075,-39019.431919,-44334.452599,-46673.245728,-69021.292031
1762668956.558074,-38995.400071,-44303.935021,-46664.092690,-69014.042616
1762668956.564200,-39033.547044,-44341.322035,-46677.444130,-69027.394056
1762668956.568200,-39092.291147,-44389.005750,-46694.990247,-69043.800235
1762668956.564200,-39094.198495,-44389.005750,-46694.610268,-69046.087563
1762668956.568200,-39030.112326,-44339.030981,-46668.671072,-69025.866687
1762668956.594500,-38996.923715,-44312.711805,-46660.657972,-69018.617272
1762668956.598500,-39022.102952,-44327.970594,-46667.143703,-69024.726748
1762668956.594500,-39064.824581,-44359.248132,-46672.102064,-69031.968713
1762668956.598500,-39075.125009,-44382.136315,-46683.546156,-69036.930799
1762668956.602500,-39010.275155,-44324.535877,-46663.329005,-69017.477334
1762668956.606500,-38971.748203,-44284.481555,-46645.399183,-69002.978504
1762668956.594500,-38999.974728,-44297.069311,-46651.504934,-69009.080529
1762668956.598500,-39063.300937,-44368.784875,-46677.824110,-69034.263492
1762668956.614779,-39059.866220,-44366.877526,-46678.207815,-69030.061364
1762668956.618779,-38990.058005,-44305.842370,-46655.319631,-69007.173181
1762668956.614779,-38959.160447,-44278.379530,-46648.070216,-69000.691175
1762668956.618779,-39012.566209,-44323.772192,-46662.949026,-69018.237293
1762668956.635174,-39064.824581,-44366.117567,-46678.207815,-69033.876061
1762668956.639174,-39056.051522,-44363.446534,-46680.115163,-69033.496082
1762668956.645284,-38993.872702,-44309.277087,-46656.463295,-69013.282657
1762668956.649284,-38966.406137,-44288.296252,-46649.213880,-69007.560611
1762668956.653284,-39006.460458,-44319.577515,-46658.370644,-69019.384682
1762668956.657284,-39063.680917,-44358.104467,-46673.245728,-69031.588733
1762668956.645284,-39078.176022,-44383.663684,-46687.360853,-69037.690759
1762668956.649284,-39013.326168,-44335.979968,-46668.287367,-69024.726748
1762668956.655433,-38989.678025,-44306.989759,-46657.606959,-69020.144641
1762668956.659433,-39018.288255,-44328.350574,-46668.671072,-69026.634097
1762668956.675610,-39092.291147,-44395.871460,-46691.175550,-69050.282240
1762668956.679610,-39087.712765,-44395.487756,-46690.031886,-69051.042199
1762668956.685746,-39024.010301,-44337.123632,-46669.051051,-69033.496082
1762668956.689746,-38989.678025,-44303.935021,-46659.134328,-69022.051990
1762668956.693746,-39027.824998,-44337.887317,-46672.485769,-69032.736123
1762668956.697746,-39076.268673,-44377.177954,-46686.217189,-69044.560194
1762668956.685746,-39078.559726,-44377.177954,-46686.597168,-69045.707583
1762668956.689746,-39009.895176,-44331.401587,-46672.485769,-69030.061364
1762668956.706006,-38990.437984,-44312.711805,-46665.236354,-69026.246667
1762668956.710006,-39022.862911,-44334.452599,-46672.102064,-69035.023451
1762668956.706006,-39071.310312,-44369.168580,-46688.124537,-69049.134851
1762668956.710006,-39090.767503,-44392.056763,-46699.568629,-69054.096937
1762668956.726281,-39019.431919,-44332.545251,-46680.875123,-69031.588733
1762668956.730281,-38987.386972,-44300.120324,-46664.472669,-69021.292031
1762668956.726281,-39021.719247,-44323.392212,-46674.009413,-69033.116102
1762668956.730281,-39086.189121,-44391.293079,-46696.517617,-69055.624306
1762668956.736589,-39075.888693,-44389.765710,-46695.753932,-69051.429629
1762668956.740589,-39005.696774,-44334.452599,-46672.485769,-69032.356143
1762668956.736589,-38979.757577,-44310.040772,-46661.041677,-69027.774036
1762668956.740589,-39043.463767,-44358.868152,-46680.115163,-69046.467543
1762668956.746753,-39093.818516,-44404.644519,-46700.712293,-69064.393640
1762668956.750753,-39089.620113,-44406.931847,-46699.948609,-69062.873721
1762668956.746753,-39029.732347,-44361.155480,-46681.638807,-69045.707583
1762668956.750753,-39011.802524,-44341.322035,-46676.300466,-69040.365517
1762668956.766954,-39041.176438,-44357.340783,-46678.207815,-69051.809609
1762668956.770954,-39087.332785,-44396.251440,-46693.466604,-69064.393640
1762668956.766954,-39106.786251,-44421.430677,-46704.147011,-69069.735706
1762668956.770954,-39036.214352,-44360.775501,-46685.837209,-69051.429629
1762668956.777088,-38995.400071,-44320.341200,-46668.671072,-69041.125476
1762668956.781088,-39025.917649,-44332.165271,-46675.153077,-69044.940174
1762668956.787178,-39096.105844,-44405.024499,-46708.725393,-69067.828357
1762668956.791178,-39088.860154,-44400.066137,-46712.156385,-69064.781070
1762668956.797289,-39020.195603,-44334.452599,-46692.702919,-69043.032825
1762668956.801289,-38986.623287,-44308.513403,-46682.402492,-69035.023451
1762668956.823670,-39025.153965,-44338.651001,-46694.226563,-69041.125476
1762668956.827670,-39085.805416,-44378.705323,-46712.540090,-69052.569568
1762668956.828449,-39077.796042,-44372.983277,-46709.869057,-69052.569568
1762668956.832449,-39011.418819,-44325.679541,-46688.124537,-69038.078189
1762668956.836450,-38996.923715,-44312.328100,-46680.875123,-69037.690759
1762668956.840450,-39036.214352,-44338.651001,-46691.175550,-69047.227502
1762668956.837564,-39083.138108,-44379.469007,-46707.198024,-69058.671594
1762668956.841564,-39091.527462,-44404.264539,-46714.447439,-69060.966372
1762668956.845564,-39022.102952,-44347.804040,-46693.466604,-69039.598107
1762668956.849564,-39000.738412,-44319.193810,-46677.444130,-69033.496082
1762668956.842769,-39032.783359,-44343.229383,-46682.782471,-69040.745497
1762668956.846769,-39095.725864,-44410.366565,-46706.434339,-69061.346352
1762668956.853733,-39094.582200,-44408.459216,-46703.763306,-69059.059024
1762668956.857733,-39023.246616,-44347.424060,-46678.967774,-69037.690759
1762668956.853733,-39000.358433,-44322.248548,-46669.431031,-69031.208754
1762668956.857733,-39044.607431,-44364.970177,-46684.309840,-69047.614932
1762668956.872806,-39098.396897,-44408.839196,-46701.855958,-69062.486291
1762668956.876806,-39095.342159,-44409.602880,-46707.578003,-69058.291614
1762668956.873339,-39031.255990,-44360.395521,-46686.597168,-69041.892886
1762668956.877339,-39006.460458,-44334.836304,-46678.207815,-69037.690759
1762668956.887140,-39038.505405,-44351.618737,-46690.031886,-69046.847522
1762668956.891140,-39087.332785,-44384.807348,-46706.818044,-69057.911634
1762668956.887140,-39093.818516,-44401.209801,-46715.591103,-69058.671594
1762668956.891140,-39014.473557,-44335.216284,-46691.939235,-69035.023451
1762668956.909023,-38981.284946,-44297.069311,-46676.680446,-69023.579359
1762668956.913023,-39019.811898,-44318.813831,-46685.453504,-69029.681385
1762668956.914813,-39077.796042,-44383.663684,-46710.632741,-69050.282240
1762668956.918813,-39069.402963,-44384.427369,-46714.063734,-69048.754871
1762668956.914813,-39010.275155,-44325.299561,-46693.082899,-69024.339318
1762668956.918813,-38984.335959,-44303.175062,-46682.022512,-69020.524621
1762668956.932648,-39025.917649,-44335.979968,-46693.846583,-69036.930799
1762668956.936648,-39097.249508,-44390.529394,-46716.354787,-69054.096937
1762668956.942524,-39096.869528,-44394.727796,-46717.498451,-69054.476917
1762668956.946524,-39034.307003,-44349.331409,-46696.517617,-69039.218128
1762668956.950524,-39008.751512,-44324.915856,-46687.744558,-69032.356143
1762668956.954524,-39051.093161,-44351.618737,-46696.517617,-69041.125476
1762668956.962829,-39097.249508,-44389.765710,-46708.341688,-69052.569568
1762668956.966829,-39106.406271,-44412.653893,-46713.300049,-69060.966372
1762668956.976427,-39039.649069,-44356.197119,-46692.319214,-69044.180214
1762668956.980427,-39014.473557,-44328.350574,-46680.115163,-69036.170840
1762668956.976427,-39056.435227,-44355.433434,-46688.124537,-69045.707583
1762668956.980427,-39117.850363,-44415.324926,-46709.485352,-69064.013660
1762668956.976427,-39108.313620,-44408.079237,-46713.300049,-69064.393640
1762668956.980427,-39029.348642,-44337.123632,-46687.744558,-69037.310779
1762668956.991505,-38997.687399,-44306.226075,-46674.393117,-69023.959339
1762668956.995505,-39032.783359,-44334.072620,-46687.744558,-69034.643471
1762668956.999505,-39078.559726,-44371.075928,-46704.526991,-69047.614932
1762668957.003505,-39064.444602,-44362.302870,-46699.188650,-69042.652845
1762668956.992490,-39004.553109,-44316.142797,-46683.546156,-69025.486708
1762668956.996490,-38988.914341,-44306.226075,-46682.782471,-69024.726748
1762668957.002846,-39017.524570,-44321.864843,-46688.504517,-69030.061364
1762668957.006846,-39062.917233,-44358.104467,-46700.712293,-69038.078189
1762668957.002846,-39076.652378,-44385.571033,-46715.971082,-69047.227502
1762668957.006846,-39005.696774,-44324.155897,-46695.753932,-69028.154016
1762668957.013026,-38988.530636,-44299.360365,-46683.166176,-69021.292031
1762668957.017025,-39027.824998,-44330.637902,-46693.846583,-69033.116102
1762668957.033243,-39093.818516,-44395.107776,-46720.929444,-69054.476917
1762668957.037243,-39084.661752,-44401.209801,-46725.891531,-69052.569568
1762668957.033243,-39019.048214,-44348.951429,-46703.383327,-69036.170840
1762668957.037243,-39001.882076,-44330.257922,-46696.517617,-69031.968713
1762668957.053437,-39044.607431,-44368.784875,-46709.105372,-69044.940174
1762668957.057437,-39098.396897,-44418.759644,-46719.022095,-69056.004286
1762668957.063472,-39093.434811,-44418.375939,-46719.405800,-69057.151675
1762668957.067472,-39028.968662,-44372.599572,-46701.475978,-69045.707583
1762668957.071472,-39004.173130,-44346.280396,-46693.082899,-69036.930799
1762668957.075472,-39037.741721,-44369.548559,-46700.332314,-69043.032825
1762668957.063472,-39084.661752,-44397.395104,-46707.578003,-69052.949548
1762668957.067472,-39083.518088,-44406.171888,-46711.012721,-69052.189589
1762668957.073682,-39013.709873,-44337.507337,-46690.411866,-69027.774036
1762668957.077682,-38985.479623,-44303.555042,-46681.258827,-69019.384682
1762668957.073682,-39015.997201,-44326.063246,-46687.360853,-69028.921425
1762668957.077682,-39075.125009,-44388.622046,-46711.012721,-69050.662220
1762668957.104050,-39070.166647,-44385.951012,-46711.776406,-69047.227502
1762668957.108050,-38998.831064,-44321.101159,-46688.888222,-69027.394056
1762668957.112143,-38986.623287,-44297.069311,-46678.207815,-69023.199379
1762668957.116143,-39039.649069,-44341.702014,-46693.466604,-69039.218128
1762668957.120143,-39084.661752,-44379.085302,-46712.156385,-69048.374891
1762668957.124143,-39072.453976,-44369.548559,-46709.485352,-69040.745497
1762668957.112143,-39007.604122,-44321.864843,-46689.268202,-69021.672010
1762668957.116143,-38987.386972,-44302.027673,-46683.546156,-69017.097354
1762668957.124292,-39022.102952,-44331.785291,-46693.466604,-69030.828774
1762668957.128292,-39067.115635,-44373.363256,-46707.961708,-69044.180214
1762668957.124292,-39077.416062,-44398.542494,-46717.498451,-69052.189589
1762668957.128292,-39012.182504,-44345.516711,-46697.281301,-69034.263492
1762668957.134385,-38986.243308,-44323.392212,-46688.124537,-69028.921425
1762668957.138385,-39032.783359,-44356.960803,-46700.712293,-69042.652845
1762668957.154621,-39099.540561,-44425.625354,-46728.178859,-69068.208337
1762668957.158621,-39097.249508,-44426.769018,-46733.520925,-69065.161049
1762668957.154621,-39033.547044,-44368.404895,-46709.105372,-69044.180214
1762668957.158621,-39016.380906,-44351.238757,-46699.188650,-69041.125476
1762668957.164701,-39056.435227,-44386.334717,-46712.156385,-69055.624306
1762668957.168700,-39118.994027,-44427.532703,-46730.086207,-69070.883095
1762668957.164701,-39112.508297,-44420.283288,-46733.137220,-69065.921009
1762668957.168700,-39046.898484,-44372.599572,-46709.105372,-69049.522281
1762668957.195095,-39025.917649,-44341.702014,-46697.281301,-69041.505456
1762668957.199095,-39061.393589,-44363.826513,-46710.632741,-69053.336978
1762668957.198476,-39095.725864,-44397.778809,-46722.836792,-69064.781070
1762668957.202476,-39091.147482,-44413.417578,-46729.706228,-69069.355726
1762668957.206476,-39026.677608,-44348.187745,-46705.670655,-69048.374891
1762668957.210476,-39003.409445,-44321.864843,-46691.559255,-69040.745497
1762668957.198476,-39038.885385,-44349.331409,-46701.095998,-69047.227502
1762668957.202476,-39100.684226,-44415.708631,-46728.942543,-69068.975747
1762668957.215477,-39094.582200,-44409.602880,-46728.178859,-69063.633680
1762668957.219477,-39020.195603,-44339.794666,-46702.619642,-69036.550820
1762668957.215477,-39007.224143,-44326.443225,-46701.855958,-69036.930799
1762668957.219477,-39054.527879,-44369.932264,-46717.878431,-69054.856896
1762668957.231796,-39101.447910,-44409.986585,-46730.466187,-69066.688418
1762668957.235796,-39091.911167,-44405.024499,-46731.229872,-69061.346352
1762668957.242195,-39036.214352,-44368.404895,-46719.022095,-69049.902260
1762668957.246195,-39019.811898,-44349.711388,-46707.961708,-69044.940174
1762668957.250195,-39061.009884,-44380.228966,-46718.262136,-69056.764245
1762668957.254195,-39104.878902,-44426.005334,-46736.951917,-69070.115685
1762668957.242195,-39112.128317,-44447.749853,-46744.965017,-69076.605141
1762668957.246195,-39040.792733,-44380.612671,-46721.693128,-69055.624306
1762668957.252475,-39017.904550,-44350.475073,-46714.063734,-69045.707583
1762668957.256475,-39059.486240,-44380.612671,-46720.169485,-69054.856896
1762668957.282870,-39127.007127,-44434.018433,-46744.581312,-69075.077772
1762668957.286870,-39115.179330,-44421.046972,-46743.817627,-69070.115685
1762668957.282870,-39035.070688,-44353.909791,-46719.405800,-69047.994912
1762668957.286870,-39017.140865,-44328.730553,-46709.105372,-69037.690759
1762668957.290870,-39057.195187,-44362.302870,-46717.498451,-69047.994912
1762668957.294870,-39103.355259,-44405.408204,-46731.613576,-69062.486291
1762668957.292960,-39085.425436,-44393.964112,-46730.849892,-69057.911634
1762668957.296960,-39026.677608,-44347.424060,-46712.156385,-69039.218128
1762668957.303079,-39001.502097,-44323.772192,-46701.855958,-69031.968713
1762668957.307079,-39039.269090,-44348.951429,-46709.485352,-69037.310779
1762668957.303079,-39083.138108,-44389.005750,-46721.693128,-69048.374891
1762668957.307079,-39090.767503,-44410.366565,-46728.942543,-69057.151675
1762668957.312736,-39016.760886,-44343.229383,-46705.670655,-69035.023451
1762668957.316736,-38992.729038,-44318.433851,-46693.466604,-69025.866687
1762668957.322813,-39038.505405,-44354.289770,-46705.290675,-69040.745497
1762668957.326813,-39100.684226,-44422.190636,-46735.428274,-69067.448378
1762668957.332891,-39087.712765,-44413.801283,-46733.137220,-69063.253701
1762668957.336891,-39022.102952,-44353.909791,-46708.725393,-69041.125476
1762668957.343039,-39011.038840,-44348.187745,-46703.763306,-69040.745497
1762668957.347039,-39061.393589,-44394.727796,-46722.456813,-69056.764245
1762668957.351039,-39111.364633,-44434.398413,-46735.428274,-69068.595767
1762668957.355039,-39112.508297,-44430.967420,-46738.479286,-69065.161049
1762668957.353130,-39054.527879,-44390.149415,-46723.984182,-69050.662220
1762668957.357130,-39032.399654,-44366.497546,-46715.591103,-69047.614932
1762668957.363239,-39073.981345,-44392.436743,-46725.127846,-69061.346352
1762668957.367239,-39122.045040,-44433.254749,-46738.479286,-69073.550403
1762668957.383440,-39120.901376,-44447.369874,-46744.201332,-69076.605141
1762668957.387440,-39045.751095,-44373.363256,-46720.549464,-69052.189589
1762668957.391440,-39024.010301,-44337.507337,-46709.105372,-69041.505456
1762668957.395440,-39058.722556,-44362.682849,-46718.642116,-69045.707583
1762668957.393560,-39096.489549,-44408.839196,-46732.373536,-69056.384265
1762668957.397560,-39095.725864,-44407.695532,-46734.664589,-69057.151675
1762668957.393560,-39028.968662,-44343.989342,-46708.341688,-69040.745497
1762668957.397560,-39012.946188,-44326.063246,-46698.041260,-69040.745497
1762668957.403734,-39058.342576,-44366.497546,-46711.012721,-69053.716958
1762668957.407734,-39096.105844,-44405.024499,-46726.271510,-69064.393640
1762668957.413817,-39081.990719,-44394.727796,-46724.364161,-69058.671594
1762668957.417817,-39028.204978,-44354.289770,-46706.434339,-69044.560194
1762668957.423899,-39014.853537,-44336.743653,-46702.619642,-69040.745497
1762668957.427899,-39056.815207,-44368.404895,-46716.734767,-69052.949548
1762668957.434011,-39107.169956,-44409.986585,-46733.137220,-69065.541029
1762668957.438011,-39110.220969,-44428.296387,-46743.057668,-69069.355726
1762668957.442011,-39041.176438,-44363.062829,-46720.929444,-69049.134851
1762668957.446011,-39015.233517,-44336.743653,-46706.434339,-69043.800235
1762668957.434011,-39056.435227,-44367.641211,-46717.114747,-69054.096937
1762668957.438011,-39118.994027,-44428.676367,-46744.201332,-69073.930383
1762668957.454218,-39116.706699,-44424.861670,-46747.632325,-69067.448378
1762668957.458218,-39046.514779,-44365.733862,-46722.836792,-69043.800235
1762668957.454218,-39036.598057,-44357.724488,-46716.734767,-69041.892886
1762668957.458218,-39087.712765,-44396.251440,-46733.137220,-69059.439003
1762668957.464364,-39143.789560,-44444.698840,-46745.724976,-69074.317813
1762668957.468364,-39125.099778,-44437.069446,-46744.965017,-69070.115685
1762668957.484653,-39061.773568,-44394.727796,-46728.178859,-69056.384265
1762668957.488652,-39040.412754,-44370.312244,-46717.498451,-69047.994912
1762668957.492653,-39078.939706,-44392.056763,-46727.415174,-69059.439003
1762668957.496653,-39123.572409,-44422.954321,-46741.150320,-69070.115685
1762668957.494796,-39116.706699,-44431.347400,-46742.293984,-69070.115685
1762668957.498796,-39039.269090,-44361.919165,-46718.642116,-69047.994912
1762668957.494796,-39010.658860,-44335.599989,-46709.485352,-69042.272866
1762668957.498796,-39053.380489,-44369.168580,-46720.169485,-69057.911634
1762668957.525092,-39111.748338,-44423.338026,-46738.095582,-69073.170424
1762668957.529092,-39095.725864,-44415.708631,-46736.188233,-69067.448378
1762668957.525092,-39025.533944,-44353.526086,-46709.485352,-69047.614932
1762668957.529092,-39010.275155,-44343.229383,-46698.804945,-69046.467543
1762668957.535202,-39050.329477,-44376.414269,-46709.105372,-69054.476917
1762668957.539202,-39102.971554,-44417.232275,-46728.942543,-69069.355726
1762668957.535202,-39104.118943,-44423.338026,-46739.622951,-69076.225162
1762668957.539202,-39049.565792,-44383.283705,-46725.507826,-69062.873721
1762668957.545323,-39028.204978,-44357.724488,-46712.156385,-69052.569568
1762668957.549323,-39076.652378,-44390.529394,-46729.322523,-69062.873721
1762668957.545323,-39125.859737,-44433.254749,-46753.354371,-69072.023034
1762668957.549323,-39136.543870,-44450.800866,-46763.654798,-69073.170424
1762668957.555500,-39073.217660,-44386.334717,-46738.479286,-69049.902260
1762668957.559500,-39058.722556,-44365.353882,-46730.466187,-69042.272866
1762668957.575757,-39094.198495,-44391.293079,-46738.479286,-69052.569568
1762668957.579757,-39147.224277,-44442.411512,-46758.696437,-69068.975747
1762668957.583757,-39128.150791,-44430.583715,-46753.354371,-69061.726332
1762668957.587757,-39048.805833,-44360.395521,-46724.364161,-69039.598107
1762668957.575757,-39028.584957,-44341.702014,-46715.971082,-69037.310779
1762668957.579757,-39057.958871,-44374.890625,-46730.466187,-69052.189589
1762668957.585926,-39106.786251,-44415.324926,-46746.488661,-69067.828357
1762668957.589926,-39093.434811,-44397.778809,-46739.242971,-69058.671594
1762668957.585926,-39033.927023,-44350.858778,-46717.878431,-69045.707583
1762668957.589926,-39008.751512,-44322.248548,-46707.961708,-69035.403430
1762668957.615118,-39038.885385,-44349.331409,-46716.734767,-69042.652845
1762668957.619118,-39086.569101,-44387.478381,-46729.322523,-69060.578942
1762668957.620759,-39088.096470,-44403.117150,-46736.571938,-69066.688418
1762668957.624758,-39013.326168,-44340.558350,-46714.447439,-69045.707583
1762668957.650616,-38997.307420,-44318.813831,-46703.763306,-69039.218128
1762668957.654616,-39046.898484,-44357.340783,-46718.642116,-69052.189589
1762668957.658616,-39104.878902,-44419.903308,-46743.437648,-69075.077772
1762668957.662616,-39097.633213,-44415.708631,-46741.150320,-69073.170424
1762668957.654021,-39023.246616,-44351.618737,-46719.785780,-69051.042199
1762668957.658021,-39017.140865,-44350.858778,-46712.920070,-69051.042199
1762668957.661511,-39063.680917,-44395.487756,-46733.137220,-69069.355726
1762668957.665511,-39124.336094,-44439.356774,-46757.932752,-69085.374475
1762668957.677602,-39106.786251,-44430.583715,-46752.210706,-69078.892469
1762668957.681602,-39045.371115,-44385.191053,-46730.849892,-69061.726332
1762668957.685602,-39035.454392,-44360.395521,-46728.178859,-69054.476917
1762668957.689602,-39079.703391,-44386.334717,-46742.673963,-69062.106311
1762668957.683550,-39117.850363,-44409.986585,-46758.316457,-69072.023034
1762668957.687550,-39114.799351,-44424.481690,-46766.705811,-69076.225162
1762668957.691550,-39033.927023,-44358.104467,-46736.571938,-69052.189589
1762668957.695550,-39013.709873,-44330.257922,-46723.220497,-69044.180214
1762668957.697000,-39054.144174,-44364.210218,-46734.280884,-69056.004286
1762668957.701000,-39107.933640,-44419.903308,-46757.932752,-69073.170424
1762668957.705000,-39087.712765,-44404.644519,-46754.118055,-69066.688418
1762668957.709000,-39016.380906,-44337.887317,-46730.466187,-69044.560194
1762668957.699008,-39004.173130,-44325.299561,-46720.929444,-69041.505456
1762668957.703008,-39052.236825,-44363.062829,-46733.137220,-69052.949548
1762668957.720330,-39099.540561,-44407.695532,-46746.872365,-69063.633680
1762668957.724330,-39080.847055,-44391.673058,-46743.817627,-69056.004286
1762668957.723833,-39021.719247,-44352.002442,-46726.651490,-69044.940174
1762668957.727833,-39006.844163,-44333.308935,-46719.405800,-69041.125476
1762668957.723833,-39044.607431,-44362.302870,-46729.322523,-69049.902260
1762668957.727833,-39095.342159,-44408.459216,-46743.817627,-69060.966372
1762668957.753561,-39106.786251,-44427.912682,-46751.830727,-69065.161049
1762668957.757561,-39026.677608,-44359.631836,-46727.798879,-69041.505456
1762668957.753561,-39017.140865,-44338.651001,-46723.220497,-69038.458169
1762668957.757561,-39064.824581,-44377.177954,-46734.280884,-69050.282240
1762668957.753561,-39120.137691,-44427.912682,-46752.594411,-69062.873721
1762668957.757561,-39109.077305,-44424.097985,-46751.067042,-69059.439003
1762668957.753561,-39044.991136,-44364.210218,-46728.558838,-69039.985538
1762668957.757561,-39029.348642,-44354.673475,-46725.507826,-69040.745497
1762668957.771771,-39072.073996,-44392.056763,-46739.622951,-69056.764245
1762668957.775771,-39118.230343,-44431.727380,-46751.830727,-69068.208337
1762668957.772776,-39099.156857,-44415.708631,-46746.108681,-69061.726332
1762668957.776776,-39033.547044,-44371.075928,-46729.706228,-69052.189589
1762668957.786861,-39011.802524,-44350.095093,-46722.076833,-69049.522281
1762668957.790861,-39050.329477,-44374.126941,-46736.188233,-69059.439003
1762668957.792982,-39103.735238,-44410.746545,-46753.738075,-69068.595767
1762668957.796982,-39092.674851,-44417.615980,-46756.409109,-69068.975747
1762668957.806080,-39019.048214,-44350.475073,-46728.558838,-69046.087563
1762668957.810080,-39005.316794,-44325.679541,-46719.785780,-69039.218128
1762668957.817178,-39048.422128,-44361.919165,-46733.520925,-69050.662220
1762668957.821178,-39104.878902,-44423.718005,-46752.210706,-69069.735706
1762668957.825178,-39087.712765,-44413.037598,-46748.016030,-69066.688418
1762668957.829178,-39012.946188,-44344.753027,-46725.891531,-69045.320153
1762668957.818177,-39014.089853,-44336.359948,-46719.022095,-69043.032825
1762668957.822177,-39068.259299,-44378.321618,-46733.900905,-69054.856896
1762668957.826993,-39113.271981,-44421.430677,-46749.923378,-69067.448378
1762668957.830993,-39099.156857,-44410.746545,-46745.344996,-69056.764245
1762668957.833385,-39042.700082,-44370.312244,-46734.280884,-69045.707583
1762668957.837385,-39029.348642,-44348.567724,-46724.364161,-69041.505456
1762668957.862237,-39070.546627,-44385.571033,-46735.044569,-69053.336978
1762668957.866237,-39119.757712,-44436.305761,-46752.594411,-69066.688418
1762668957.863899,-39116.706699,-44448.893517,-46759.840101,-69071.263075
1762668957.867899,-39039.649069,-44382.136315,-46734.664589,-69049.902260
1762668957.876589,-39030.492306,-44361.539185,-46728.178859,-69044.560194
1762668957.880589,-39080.467075,-44398.542494,-46744.581312,-69060.966372
1762668957.884589,-39139.594883,-44450.040907,-46763.274819,-69079.272449
1762668957.888589,-39120.521396,-44433.254749,-46762.891114,-69074.317813
1762668957.878189,-39039.649069,-44354.673475,-46738.095582,-69048.754871
1762668957.882189,-39023.246616,-44347.804040,-46732.373536,-69047.994912
1762668957.894223,-39071.694016,-44383.663684,-46749.539673,-69062.106311
1762668957.898223,-39117.470384,-44421.046972,-46766.705811,-69071.643054
1762668957.904446,-39100.304246,-44403.117150,-46759.076416,-69062.873721
1762668957.908446,-39043.843746,-44355.817139,-46745.344996,-69047.227502
1762668957.904446,-39018.668234,-44330.257922,-46740.766615,-69041.505456
1762668957.908446,-39063.680917,-44363.826513,-46751.447022,-69053.336978
1762668957.914587,-39107.933640,-44402.737170,-46768.233180,-69064.393640
1762668957.918587,-39096.489549,-44405.788183,-46770.140529,-69063.633680
1762668957.922587,-39022.862911,-44344.373047,-46746.108681,-69042.272866
1762668957.926587,-39004.936814,-44320.341200,-46734.280884,-69035.783410
1762668957.914587,-39049.949497,-44354.673475,-46745.344996,-69048.754871
1762668957.918587,-39114.799351,-44427.532703,-46770.140529,-69073.930383
1762668957.944497,-39094.582200,-44413.037598,-46763.274819,-69065.921009
1762668957.948497,-39023.246616,-44348.951429,-46735.044569,-69043.800235
1762668957.944497,-39025.917649,-44352.382421,-46730.849892,-69051.809609
1762668957.948497,-39067.495614,-44396.635145,-46742.673963,-69068.208337
1762668957.952497,-39117.850363,-44444.698840,-46759.840101,-69083.467126
1762668957.956497,-39107.549936,-44433.254749,-46759.076416,-69079.652429
1762668957.953091,-39057.958871,-44397.015125,-46745.344996,-69066.300988
1762668957.957091,-39043.083787,-44370.692223,-46736.951917,-69057.911634
1762668957.964576,-39079.323411,-44397.015125,-46745.344996,-69065.161049
1762668957.968576,-39124.716073,-44434.782118,-46761.747450,-69077.745080
1762668957.986877,-39120.137691,-44442.791492,-46765.182167,-69078.892469
1762668957.990877,-39059.866220,-44373.746961,-46738.479286,-69055.624306
1762668957.986877,-39036.598057,-44345.516711,-46729.706228,-69049.522281
1762668957.990877,-39079.703391,-44388.242066,-46748.396009,-69067.068398
1762668957.995347,-39120.137691,-44434.782118,-46770.140529,-69086.521864
1762668957.999347,-39109.840989,-44425.245374,-46770.140529,-69083.467126
1762668957.997592,-39043.083787,-44356.197119,-46745.344996,-69058.671594
1762668958.001592,-39040.029049,-44352.766126,-46743.057668,-69058.291614
1762668958.009664,-39081.230760,-44384.043664,-46758.696437,-69070.115685
1762668958.013664,-39122.045040,-44422.954321,-46773.575246,-69080.419838
1762668958.013445,-39106.406271,-44410.366565,-46766.325831,-69073.930383
1762668958.017445,-39053.380489,-44372.983277,-46752.594411,-69062.486291
1762668958.032302,-39033.163339,-44351.618737,-46748.396009,-69053.716958
1762668958.036302,-39065.208286,-44377.941638,-46758.696437,-69064.393640
1762668958.034218,-39115.943015,-44421.430677,-46777.389944,-69077.745080
1762668958.038218,-39113.271981,-44431.347400,-46781.204641,-69078.132510
1762668958.041821,-39037.741721,-44363.062829,-46756.025404,-69054.856896
1762668958.045820,-39020.195603,-44340.938330,-46747.252345,-69047.227502
1762668958.041821,-39076.652378,-44385.951012,-46761.747450,-69063.253701
1762668958.045820,-39136.543870,-44445.842505,-46783.491969,-69083.854556
1762668958.051878,-39118.230343,-44432.874769,-46773.955226,-69077.745080
1762668958.055878,-39059.486240,-44368.784875,-46746.488661,-69054.096937
1762668958.051878,-39055.287838,-44366.117567,-46746.488661,-69054.856896
1762668958.055878,-39095.725864,-44403.117150,-46760.983765,-69068.208337
1762668958.064019,-39140.738547,-44443.935156,-46773.575246,-69080.419838
1762668958.068019,-39121.285081,-44427.912682,-46767.469496,-69072.790444
1762668958.073802,-39061.393589,-44382.136315,-46747.632325,-69059.818983
1762668958.077802,-39039.269090,-44360.775501,-46739.242971,-69056.004286
1762668958.088945,-39075.508714,-44390.529394,-46747.252345,-69065.541029
1762668958.092945,-39127.767086,-44427.532703,-46761.747450,-69079.272449
1762668958.094033,-39120.137691,-44438.596815,-46768.233180,-69084.234536
1762668958.098033,-39047.658443,-44370.312244,-46744.581312,-69059.818983
1762668958.102853,-39035.834372,-44346.660376,-46735.428274,-69053.336978
1762668958.106853,-39075.888693,-44382.136315,-46748.396009,-69064.013660
1762668958.113320,-39123.192430,-44421.046972,-46762.891114,-69078.512490
1762668958.117320,-39106.786251,-44406.931847,-46761.367470,-69073.170424
1762668958.117279,-39030.876011,-44346.660376,-46739.242971,-69052.189589
1762668958.121279,-39030.876011,-44346.280396,-46735.428274,-69054.476917
1762668958.133417,-39077.032357,-44384.807348,-46749.159694,-69067.068398
1762668958.137417,-39127.007127,-44428.676367,-46768.613160,-69079.272449
1762668958.133417,-39098.013192,-44416.468590,-46765.945852,-69071.263075
1762668958.137417,-39041.936398,-44375.270605,-46749.923378,-69057.151675
1762668958.143476,-39041.556418,-44360.011816,-46744.581312,-69057.531655
1762668958.147476,-39094.198495,-44397.395104,-46754.118055,-69070.115685
1762668958.143476,-39146.080613,-44442.411512,-46774.718910,-69086.521864
1762668958.147476,-39131.201804,-44448.513538,-46783.491969,-69088.049233
1762668958.158728,-39051.473141,-44381.376356,-46760.983765,-69064.013660
1762668958.162728,-39050.329477,-44360.011816,-46751.447022,-69057.151675
1762668958.158728,-39106.026292,-44403.880835,-46762.511134,-69072.410464
1762668958.162728,-39150.655270,-44451.564550,-46781.204641,-69086.521864
1762668958.176878,-39126.623422,-44434.398413,-46775.482595,-69077.365100
1762668958.180878,-39052.236825,-44365.733862,-46751.067042,-69055.624306
1762668958.176878,-39044.227451,-44359.248132,-46740.002930,-69052.189589
1762668958.180878,-39084.661752,-44398.922473,-46752.210706,-69066.300988
1762668958.186475,-39130.438119,-44438.596815,-46767.089516,-69081.947207
1762668958.190475,-39105.642587,-44414.944947,-46758.316457,-69072.410464
1762668958.206093,-39048.805833,-44378.705323,-46746.108681,-69057.911634
1762668958.210093,-39037.361741,-44358.488172,-46743.437648,-69052.569568
1762668958.206093,-39078.559726,-44390.529394,-46754.118055,-69063.633680
1762668958.210093,-39122.808725,-44432.111084,-46771.667898,-69075.837731
1762668958.225180,-39108.693600,-44429.820031,-46774.335206,-69073.930383
1762668958.229180,-39035.834372,-44368.404895,-46745.344996,-69055.624306
1762668958.235194,-39024.770260,-44351.618737,-46740.002930,-69053.336978
1762668958.239194,-39078.176022,-44399.686158,-46759.460121,-69069.735706
1762668958.243194,-39141.882211,-44463.772327,-46785.779297,-69088.429213
1762668958.247194,-39126.623422,-44446.986169,-46781.964600,-69083.854556
1762668958.235194,-39051.093161,-44372.983277,-46757.169068,-69062.106311
1762668958.239194,-39055.287838,-44382.136315,-46756.025404,-69065.541029
1762668958.245505,-39102.211595,-44420.666993,-46773.191541,-69080.039859
1762668958.249505,-39146.840572,-44456.522912,-46789.977700,-69090.716541
1762668958.245505,-39127.767086,-44439.740479,-46782.348305,-69081.559777
1762668958.249505,-39066.351950,-44395.107776,-46767.469496,-69068.208337
1762668958.268759,-39046.514779,-44368.784875,-46762.511134,-69059.818983
1762668958.272759,-39085.425436,-44396.251440,-46766.325831,-69064.781070
1762668958.268759,-39128.530771,-44436.689466,-46780.820936,-69077.365100
1762668958.272759,-39115.179330,-44436.305761,-46784.255654,-69075.837731
1762668958.278268,-39038.121700,-44363.826513,-46758.316457,-69055.624306
1762668958.282268,-39012.946188,-44334.836304,-46745.344996,-69049.134851
1762668958.278268,-39063.680917,-44379.085302,-46759.076416,-69062.873721
1762668958.282268,-39112.892002,-44429.440051,-46775.862575,-69076.605141
1762668958.296722,-39084.281772,-44410.746545,-46765.945852,-69066.300988
1762668958.300722,-39009.131491,-44339.030981,-46738.095582,-69040.745497
1762668958.296722,-39012.566209,-44338.267297,-46733.137220,-69043.412805
1762668958.300722,-39055.671543,-44375.270605,-46746.108681,-69054.856896
1762668958.323743,-39102.211595,-44420.283288,-46761.747450,-69068.595767
1762668958.327743,-39081.610739,-44403.500855,-46756.025404,-69063.253701
1762668958.323743,-39025.917649,-44368.784875,-46745.724976,-69057.151675
1762668958.327743,-39020.955563,-44356.580824,-46742.673963,-69056.004286
1762668958.327450,-39067.879319,-44392.820448,-46752.210706,-69069.355726
1762668958.331450,-39118.994027,-44445.078820,-46769.760549,-69085.761905
1762668958.337887,-39106.786251,-44447.369874,-46772.047877,-69083.854556
1762668958.341887,-39038.121700,-44383.663684,-46752.210706,-69066.300988
1762668958.337887,-39035.454392,-44368.024915,-46747.632325,-69062.873721
1762668958.341887,-39093.818516,-44416.468590,-46767.469496,-69080.039859
1762668958.352663,-39147.604257,-44471.021742,-46790.357679,-69096.058607
1762668958.356663,-39133.872837,-44462.244958,-46790.357679,-69088.429213
1762668958.359732,-39063.680917,-44395.871460,-46769.760549,-69072.410464
1762668958.363732,-39059.486240,-44393.200427,-46769.376844,-69078.892469
1762668958.370821,-39111.748338,-44428.296387,-46792.265028,-69090.336561
1762668958.374821,-39163.246751,-44465.679675,-46813.629568,-69102.540612
1762668958.382886,-39129.674435,-44443.171471,-46806.760132,-69092.243910
1762668958.386886,-39078.939706,-44404.264539,-46791.121364,-69080.419838
1762668958.390887,-39064.064622,-44382.900000,-46780.440956,-69075.457752
1762668958.394886,-39101.827890,-44412.273914,-46792.265028,-69083.467126
1762668958.387523,-39149.511606,-44456.906617,-46806.760132,-69094.531238
1762668958.391523,-39130.438119,-44453.471899,-46810.958534,-69093.771279
1762668958.408308,-39056.051522,-44379.085302,-46785.399318,-69070.503116
1762668958.412308,-39040.792733,-44359.631836,-46772.811562,-69064.013660
1762668958.414159,-39086.952806,-44407.315552,-46786.542982,-69080.419838
1762668958.418159,-39147.604257,-44459.577650,-46809.431165,-69096.818566
1762668958.422159,-39120.901376,-44438.596815,-46798.750758,-69088.049233
1762668958.426159,-39040.412754,-44368.024915,-46770.140529,-69063.633680
1762668958.417340,-39038.885385,-44374.126941,-46766.705811,-69067.828357
1762668958.421340,-39086.189121,-44417.615980,-46784.255654,-69082.327187
1762668958.428422,-39140.738547,-44465.679675,-46804.472804,-69097.205997
1762668958.432422,-39118.994027,-44447.749853,-46797.987074,-69091.096520
1762668958.441108,-39065.208286,-44409.602880,-46784.255654,-69078.892469
1762668958.445108,-39060.629904,-44392.820448,-46780.440956,-69072.023034
1762668958.441108,-39111.748338,-44427.532703,-46793.408692,-69084.234536
1762668958.445108,-39165.154099,-44473.309070,-46809.431165,-69094.911218
1762668958.464486,-39147.604257,-44469.494373,-46809.814870,-69089.956582
1762668958.468486,-39080.467075,-44405.408204,-46784.635633,-69068.975747
1762668958.464486,-39060.629904,-44387.098402,-46778.533608,-69063.253701
1762668958.468486,-39114.035666,-44436.689466,-46794.172376,-69077.365100
1762668958.476058,-39166.677743,-44485.896826,-46813.629568,-69093.003869
1762668958.480057,-39134.252816,-44458.813965,-46806.000173,-69084.234536
1762668958.476058,-39053.764194,-44382.900000,-46776.242554,-69060.966372
1762668958.480057,-39049.949497,-44383.663684,-46773.955226,-69061.346352
1762668958.489867,-39091.911167,-44416.088611,-46786.926687,-69071.263075
1762668958.493867,-39130.821824,-44450.040907,-46800.658107,-69084.234536
1762668958.489867,-39100.304246,-44430.967420,-46793.792397,-69078.892469
1762668958.493867,-39043.083787,-44386.714697,-46777.389944,-69066.300988
1762668958.506498,-39040.792733,-44368.024915,-46767.469496,-69063.253701
1762668958.510498,-39082.754403,-44404.644519,-46776.626259,-69074.317813
1762668958.520127,-39124.336094,-44449.657202,-46793.408692,-69089.576602
1762668958.524127,-39115.563035,-44446.986169,-46793.792397,-69088.809192
1762668958.528127,-39052.236825,-44379.085302,-46765.182167,-69064.393640
1762668958.532127,-39032.783359,-44360.011816,-46757.552773,-69061.346352
1762668958.523002,-39087.712765,-44413.417578,-46779.297292,-69080.799818
1762668958.527002,-39141.502231,-44464.152306,-46803.329140,-69094.531238
1762668958.530550,-39117.470384,-44445.078820,-46798.750758,-69084.994495
1762668958.534550,-39053.380489,-44381.376356,-46770.520508,-69063.633680
1762668958.530550,-39064.824581,-44395.107776,-46773.955226,-69071.263075
1762668958.534550,-39112.892002,-44435.542077,-46789.593995,-69085.761905
1762668958.552176,-39167.061448,-44480.174780,-46807.523817,-69096.818566
1762668958.556176,-39141.882211,-44457.286596,-46799.894422,-69087.281823
1762668958.560421,-39083.898067,-44411.130250,-46780.820936,-69071.263075
1762668958.564421,-39069.022983,-44390.149415,-46772.047877,-69061.346352
1762668958.568010,-39109.840989,-44419.523329,-46779.297292,-69070.115685
1762668958.572010,-39151.418954,-44459.957629,-46796.079725,-69081.559777
1762668958.581225,-39124.716073,-44445.462525,-46793.028712,-69074.317813
1762668958.585225,-39051.473141,-44379.848987,-46769.376844,-69056.384265
1762668958.581225,-39041.556418,-44360.011816,-46759.840101,-69054.856896
1762668958.585225,-39089.620113,-44406.551868,-46776.242554,-69069.735706
1762668958.601836,-39131.965488,-44459.957629,-46799.514443,-69084.234536
1762668958.605836,-39107.549936,-44437.449425,-46796.463430,-69077.365100
1762668958.601836,-39028.968662,-44362.302870,-46766.705811,-69056.384265
1762668958.605836,-39033.927023,-44367.261231,-46764.418483,-69059.059024
1762668958.609836,-39093.054831,-44404.644519,-46783.871949,-69071.643054
1762668958.613836,-39131.581783,-44441.647828,-46798.370779,-69080.039859
1762668958.612258,-39100.304246,-44416.088611,-46789.214015,-69068.975747
1762668958.616258,-39049.949497,-44375.654310,-46777.769923,-69059.059024
1762668958.622483,-39049.185812,-44367.261231,-46773.955226,-69060.198963
1762668958.626483,-39098.776877,-44401.209801,-46787.306666,-69072.790444
1762668958.622483,-39143.789560,-44451.564550,-46806.760132,-69088.049233
1762668958.626483,-39116.706699,-44455.762953,-46804.092824,-69087.281823
1762668958.643123,-39058.722556,-44393.964112,-46779.297292,-69069.735706
1762668958.647123,-39055.287838,-44379.848987,-46774.335206,-69064.393640
1762668958.643123,-39114.035666,-44432.111084,-46789.593995,-69083.467126
1762668958.647123,-39166.297764,-44485.516846,-46813.629568,-69099.873304
1762668958.652790,-39135.780185,-44463.392347,-46804.472804,-69088.049233
1762668958.656790,-39077.032357,-44391.293079,-46778.149903,-69064.013660
1762668958.652790,-39094.962180,-44403.500855,-46786.163002,-69073.170424
1762668958.656790,-39140.738547,-44437.449425,-46803.709120,-69086.141884
1762668958.663296,-39178.885520,-44471.021742,-46820.875257,-69096.058607
1762668958.667296,-39146.460593,-44451.184571,-46812.102199,-69088.429213
1762668958.696297,-39088.860154,-44413.801283,-46792.265028,-69075.837731
1762668958.700297,-39073.981345,-44397.015125,-46785.399318,-69073.550403
1762668958.704297,-39113.655686,-44420.666993,-46792.648733,-69080.419838
1762668958.708297,-39159.048349,-44464.152306,-46807.143837,-69094.911218
1762668958.700796,-39146.460593,-44456.522912,-46810.194850,-69093.003869
1762668958.704796,-39065.971971,-44395.107776,-46782.348305,-69072.790444
1762668958.700796,-39061.009884,-44382.136315,-46775.482595,-69070.503116
1762668958.704796,-39113.655686,-44427.532703,-46802.565455,-69086.901844
1762668958.714758,-39167.821407,-44476.360083,-46824.689955,-69101.020694
1762668958.718758,-39137.303829,-44455.762953,-46817.060560,-69093.391299
1762668958.714758,-39060.629904,-44387.098402,-46787.686646,-69072.410464
1762668958.718758,-39067.879319,-44395.871460,-46793.028712,-69077.365100
1762668958.740063,-39120.901376,-44432.111084,-46808.667481,-69089.189172
1762668958.744063,-39162.099361,-44467.967004,-46822.018921,-69101.780653
1762668958.740063,-39129.294455,-44450.420886,-46814.009547,-69091.096520
1762668958.744063,-39074.745029,-44411.510229,-46794.936061,-69076.225162
1762668958.745362,-39070.930332,-44397.395104,-46789.214015,-69073.170424
1762668958.749362,-39119.377732,-44434.398413,-46802.565455,-69084.614515
1762668958.745362,-39172.783494,-44481.702149,-46823.166311,-69097.965956
1762668958.749362,-39153.326303,-44475.596398,-46823.546290,-69091.863930
1762668958.755419,-39091.147482,-44413.801283,-46803.709120,-69072.023034
1762668958.759419,-39077.416062,-44395.487756,-46799.130738,-69069.355726
1762668958.755419,-39131.201804,-44443.171471,-46809.051186,-69082.707167
1762668958.759419,-39180.029184,-44482.465833,-46821.638942,-69093.391299
1762668958.785460,-39146.080613,-44455.379248,-46811.338514,-69083.854556
1762668958.789460,-39069.022983,-44384.043664,-46785.399318,-69059.059024
1762668958.785460,-39059.102535,-44390.913099,-46784.635633,-69065.921009
1762668958.789460,-39108.693600,-44422.190636,-46798.750758,-69078.512490
1762668958.788513,-39155.233651,-44456.522912,-46817.060560,-69090.336561
1762668958.792513,-39125.479758,-44432.111084,-46811.722219,-69082.707167
1762668958.805824,-39072.837681,-44395.487756,-46798.750758,-69072.023034
1762668958.809824,-39056.815207,-44378.321618,-46793.028712,-69066.300988
1762668958.805824,-39104.118943,-44415.324926,-46805.236489,-69077.745080
1762668958.809824,-39154.089987,-44461.484998,-46822.782606,-69094.531238
1762668958.820779,-39121.665061,-44446.986169,-46820.495278,-69091.483951
1762668958.824779,-39051.856846,-44389.005750,-46797.607094,-69070.503116
1762668958.825832,-39051.473141,-44376.797974,-46793.028712,-69068.595767
1762668958.829832,-39113.271981,-44433.254749,-46812.865883,-69089.956582
1762668958.835984,-39164.770395,-44482.082129,-46831.555665,-69107.122719
1762668958.839983,-39132.729173,-44460.721314,-46823.926270,-69099.873304
1762668958.837987,-39061.009884,-44396.251440,-46796.079725,-69078.892469
1762668958.841987,-39067.495614,-44411.893934,-46798.750758,-69085.761905
1762668958.846425,-39121.285081,-44450.040907,-46813.629568,-69100.253284
1762668958.850425,-39165.534079,-44488.567859,-46834.226698,-69110.170007
1762668958.852857,-39130.438119,-44467.967004,-46824.689955,-69098.725915
1762668958.856857,-39078.939706,-44427.912682,-46808.667481,-69086.521864
1762668958.867500,-39080.467075,-44413.417578,-46805.616468,-69083.087146
1762668958.871500,-39125.479758,-44446.986169,-46817.824244,-69093.391299
1762668958.872717,-39167.821407,-44488.187879,-46835.754067,-69107.122719
1762668958.876717,-39147.987962,-44479.411095,-46833.846718,-69102.160633
1762668958.882038,-39065.208286,-44413.037598,-46804.472804,-69080.039859
1762668958.886038,-39057.958871,-44398.542494,-46797.223389,-69079.652429
1762668958.882747,-39121.285081,-44447.369874,-46812.482178,-69097.965956
1762668958.886747,-39170.492440,-44487.040490,-46834.610403,-69109.030068
1762668958.889706,-39131.581783,-44462.244958,-46829.648316,-69095.678627
1762668958.893706,-39053.764194,-44390.913099,-46805.616468,-69071.643054
1762668958.897147,-39066.731930,-44400.449842,-46808.667481,-69081.179798
1762668958.901147,-39122.428745,-44438.596815,-46824.689955,-69097.585976
1762668958.907938,-39167.441428,-44477.887452,-46840.332448,-69108.262658
1762668958.911938,-39133.872837,-44453.855604,-46828.504652,-69099.493325
1762668958.926462,-39081.990719,-44413.417578,-46814.389527,-69086.901844
1762668958.930462,-39073.217660,-44398.922473,-46810.958534,-69080.799818
1762668958.939738,-39122.045040,-44438.596815,-46821.638942,-69091.096520
1762668958.943738,-39171.636105,-44482.845813,-46841.476113,-69104.447961
1762668958.947738,-39141.882211,-44467.207044,-46838.425100,-69095.298648
1762668958.951738,-39073.217660,-44409.602880,-46814.009547,-69073.550403
1762668958.943016,-39071.310312,-44398.542494,-46809.051186,-69070.883095
1762668958.947016,-39130.058140,-44455.379248,-46828.504652,-69092.623889
1762668958.956882,-39172.783494,-44497.340918,-46841.092408,-69107.122719
1762668958.960882,-39147.987962,-44474.452734,-46834.226698,-69096.058607
1762668958.957852,-39078.939706,-44408.839196,-46813.629568,-69075.457752
1762668958.961852,-39086.189121,-44419.139624,-46815.536916,-69081.559777
1762668958.977300,-39133.109152,-44454.235584,-46826.597303,-69094.531238
1762668958.981300,-39172.399789,-44490.095228,-46839.185059,-69105.215371
1762668958.984060,-39131.201804,-44465.679675,-46827.740967,-69097.205997
1762668958.988060,-39075.125009,-44419.139624,-46810.194850,-69083.854556
1762668958.992060,-39075.508714,-44401.973486,-46803.709120,-69077.365100
1762668958.996060,-39110.984653,-44434.018433,-46815.153211,-69088.049233
1762668958.987475,-39155.617356,-44481.318444,-46831.939369,-69105.595350
1762668958.991475,-39130.821824,-44471.021742,-46828.888357,-69101.020694
1762668958.997727,-39064.824581,-44403.880835,-46806.760132,-69077.365100
1762668959.001727,-39056.815207,-44385.191053,-46801.421791,-69072.790444
1762668958.997727,-39118.230343,-44438.976794,-46822.018921,-69091.483951
1762668959.001727,-39164.390415,-44481.702149,-46837.277710,-69104.447961
1762668959.018090,-39132.345468,-44458.050281,-46830.032021,-69096.818566
1762668959.022090,-39062.537253,-44392.056763,-46810.194850,-69076.225162
1762668959.031887,-39073.981345,-44405.024499,-46819.731593,-69082.327187
1762668959.035887,-39120.901376,-44440.120459,-46831.939369,-69093.003869
1762668959.032659,-39162.099361,-44478.651136,-46844.147146,-69101.020694
1762668959.036659,-39140.738547,-44459.193945,-46840.332448,-69091.863930
1762668959.045176,-39072.837681,-44405.024499,-46819.731593,-69076.605141
1762668959.049176,-39077.032357,-44400.829822,-46815.153211,-69072.790444
1762668959.045176,-39131.581783,-44443.555176,-46831.939369,-69084.614515
1762668959.049176,-39181.172848,-44496.960938,-46854.827553,-69102.928042
1762668959.068563,-39160.575718,-44486.280531,-46855.591238,-69100.633264
1762668959.072563,-39106.406271,-44426.769018,-46831.939369,-69082.327187
1762668959.068563,-39102.591574,-44409.602880,-46823.926270,-69078.132510
1762668959.072563,-39146.840572,-44459.577650,-46842.999756,-69096.058607
1762668959.072706,-39194.907993,-44500.391930,-46859.785914,-69110.170007
1762668959.076706,-39156.377316,-44470.638037,-46845.290810,-69097.965956
1762668959.072706,-39083.898067,-44402.737170,-46817.824244,-69078.512490
1762668959.076706,-39095.342159,-44419.903308,-46820.111573,-69087.281823
1762668959.090635,-39134.252816,-44448.513538,-46829.648316,-69097.205997
1762668959.094635,-39171.636105,-44477.123767,-46847.961843,-69105.595350
1762668959.092640,-39133.872837,-44451.948255,-46840.332448,-69094.531238
1762668959.096640,-39076.268673,-44406.171888,-46820.495278,-69079.652429
1762668959.113733,-39068.259299,-44393.200427,-46809.814870,-69074.317813
1762668959.117733,-39109.457284,-44427.912682,-46814.389527,-69085.761905
1762668959.128562,-39153.326303,-44474.452734,-46833.463013,-69099.493325
1762668959.132562,-39130.438119,-44461.484998,-46833.463013,-69091.096520
1762668959.136562,-39063.680917,-44396.635145,-46810.574830,-69071.643054
1762668959.140562,-39069.402963,-44385.571033,-46806.760132,-69066.688418
1762668959.128562,-39126.623422,-44445.462525,-46829.268336,-69086.141884
1762668959.132562,-39175.070822,-44491.618872,-46845.670789,-69101.400673
1762668959.135964,-39146.840572,-44466.443360,-46840.712428,-69089.576602
1762668959.139964,-39082.754403,-44404.264539,-46817.444265,-69068.208337
1762668959.160311,-39098.013192,-44422.574341,-46822.782606,-69075.077772
1762668959.164311,-39141.118526,-44456.906617,-46836.517751,-69082.327187
1762668959.166517,-39180.412889,-44493.146241,-46852.920204,-69091.863930
1762668959.170517,-39154.089987,-44476.743788,-46848.721802,-69083.854556
1762668959.174518,-39098.776877,-44429.440051,-46833.463013,-69068.975747
1762668959.178518,-39106.406271,-44426.005334,-46830.032021,-69067.068398
1762668959.168061,-39151.038975,-44461.101294,-46838.805079,-69079.652429
1762668959.172061,-39196.431637,-44503.446668,-46855.971217,-69094.151258
1762668959.181547,-39171.256125,-44483.989477,-46855.591238,-69092.243910
1762668959.185547,-39102.971554,-44418.375939,-46828.504652,-69072.790444
1762668959.181547,-39084.661752,-44400.066137,-46816.296875,-69064.781070
1762668959.185547,-39139.594883,-44454.235584,-46833.083034,-69086.901844
1762668959.191411,-39176.214486,-44490.475208,-46847.578138,-69101.400673
1762668959.195410,-39135.016501,-44459.577650,-46835.754067,-69091.096520
1762668959.191411,-39066.731930,-44390.913099,-46809.814870,-69068.595767
1762668959.195410,-39075.508714,-44402.737170,-46813.629568,-69073.170424
1762668959.211755,-39109.457284,-44429.820031,-46824.689955,-69080.799818
1762668959.215755,-39147.604257,-44467.587024,-46838.041395,-69089.956582
1762668959.211755,-39124.716073,-44441.647828,-46835.754067,-69081.947207
1762668959.215755,-39068.639278,-44393.964112,-46821.638942,-69071.643054
1762668959.222177,-39066.351950,-44384.427369,-46811.722219,-69070.115685
1762668959.226177,-39114.799351,-44422.574341,-46821.638942,-69080.799818
1762668959.222177,-39168.585092,-44476.360083,-46840.712428,-69097.965956
1762668959.226177,-39139.974862,-44461.484998,-46841.092408,-69092.623889
1762668959.240701,-39067.495614,-44397.778809,-46815.153211,-69070.503116
1762668959.244701,-39061.009884,-44384.043664,-46807.523817,-69064.013660
1762668959.246241,-39136.160165,-44450.040907,-46833.463013,-69087.281823
1762668959.250241,-39186.514914,-44502.299279,-46856.351197,-69107.502699
1762668959.257003,-39161.719382,-44488.567859,-46848.721802,-69101.020694
1762668959.261003,-39090.383798,-44426.389039,-46819.731593,-69080.799818
1762668959.263592,-39107.169956,-44446.226209,-46825.833619,-69091.096520
1762668959.267592,-39162.483066,-44488.187879,-46853.300184,-69102.540612
1762668959.263592,-39208.639413,-44520.612806,-46868.178993,-69110.557437
1762668959.267592,-39174.690843,-44491.238892,-46854.827553,-69099.873304
1762668959.286614,-39115.943015,-44438.213110,-46834.226698,-69082.707167
1762668959.290614,-39112.508297,-44423.338026,-46828.124672,-69076.985121
1762668959.287550,-39147.987962,-44450.040907,-46839.185059,-69085.761905
1762668959.291550,-39188.422263,-44493.146241,-46857.114881,-69097.585976
1762668959.299465,-39148.747921,-44464.915991,-46846.054494,-69088.049233
1762668959.303465,-39080.847055,-44397.778809,-46818.967909,-69065.921009
1762668959.299465,-39071.310312,-44380.612671,-46810.574830,-69062.486291
1762668959.303465,-39124.716073,-44434.398413,-46828.504652,-69080.799818
1762668959.315003,-39164.006710,-44473.689049,-46846.434474,-69093.771279
1762668959.319003,-39127.387106,-44445.842505,-46836.897731,-69083.467126
1762668959.315003,-39065.208286,-44382.136315,-46813.629568,-69065.161049
1762668959.319003,-39081.990719,-44400.066137,-46820.495278,-69074.317813
1762668959.324629,-39126.623422,-44438.213110,-46835.370362,-69083.087146
1762668959.328629,-39165.914059,-44467.967004,-46849.105507,-69093.771279
1762668959.324629,-39139.594883,-44447.369874,-46838.805079,-69087.669253
1762668959.328629,-39076.652378,-44404.644519,-46821.258962,-69074.317813
1762668959.347084,-39075.125009,-44394.727796,-46814.389527,-69071.263075
1762668959.351084,-39128.150791,-44434.782118,-46833.083034,-69081.947207
1762668959.355693,-39182.320237,-44493.146241,-46857.114881,-69100.253284
1762668959.359693,-39167.061448,-44481.318444,-46853.300184,-69095.298648
1762668959.355693,-39096.869528,-44421.430677,-46831.939369,-69076.225162
1762668959.359693,-39097.633213,-44412.273914,-46826.217324,-69076.605141
1762668959.363404,-39165.154099,-44470.258057,-46848.721802,-69097.965956
1762668959.367404,-39206.732064,-44505.354017,-46868.942678,-69106.742740
1762668959.376509,-39166.297764,-44473.309070,-46854.063869,-69094.911218
1762668959.380509,-39100.684226,-44405.024499,-46825.453639,-69072.410464
1762668959.394662,-39110.984653,-44418.375939,-46828.124672,-69077.365100
1762668959.398662,-39144.933224,-44444.698840,-46839.185059,-69086.901844
1762668959.405762,-39176.978171,-44473.689049,-46850.629151,-69095.678627
1762668959.409762,-39142.265916,-44445.462525,-46839.185059,-69082.707167
1762668959.413762,-39074.361324,-44387.858361,-46818.204224,-69065.541029
1762668959.417762,-39070.930332,-44380.228966,-46812.482178,-69067.448378
1762668959.405762,-39107.169956,-44412.653893,-46827.360988,-69076.985121
1762668959.409762,-39153.326303,-44460.721314,-46843.383461,-69089.189172
1762668959.418056,-39123.952389,-44436.305761,-46833.083034,-69081.179798
1762668959.422056,-39051.473141,-44368.024915,-46808.667481,-69059.818983
1762668959.418056,-39045.751095,-44356.580824,-46802.185476,-69056.004286
1762668959.422056,-39106.406271,-44421.046972,-46829.268336,-69079.272449
1762668959.445618,-39141.882211,-44460.337609,-46843.383461,-69088.049233
1762668959.449618,-39098.013192,-44430.203736,-46829.648316,-69074.317813
1762668959.451486,-39038.121700,-44370.312244,-46806.000173,-69056.764245
1762668959.455486,-39054.144174,-44397.778809,-46812.865883,-69069.735706
1762668959.459486,-39112.508297,-44437.449425,-46830.795705,-69081.179798
1762668959.463486,-39152.562618,-44471.781701,-46848.721802,-69089.576602
1762668959.466644,-39122.808725,-44452.328235,-46841.476113,-69082.707167
1762668959.470644,-39076.652378,-44414.561242,-46824.689955,-69074.697793
1762668959.484618,-39079.323411,-44406.551868,-46819.731593,-69072.790444
1762668959.488618,-39133.109152,-44440.120459,-46835.370362,-69080.419838
1762668959.486384,-39181.936532,-44484.373182,-46858.642250,-69091.096520
1762668959.490384,-39139.974862,-44456.142932,-46846.814454,-69080.799818
1762668959.496560,-39072.073996,-44394.344091,-46818.204224,-69060.198963
1762668959.500560,-39068.259299,-44387.098402,-46813.245863,-69057.531655
1762668959.504560,-39119.757712,-44436.305761,-46828.888357,-69077.365100
1762668959.508560,-39152.946323,-44467.587024,-46839.568764,-69088.049233
1762668959.512560,-39105.642587,-44436.305761,-46828.888357,-69076.985121
1762668959.516560,-39029.348642,-44357.724488,-46798.750758,-69050.282240
1762668959.506676,-39055.287838,-44386.714697,-46806.000173,-69062.486291
1762668959.510676,-39093.818516,-44416.088611,-46819.731593,-69071.263075
1762668959.506676,-39125.099778,-44443.555176,-46834.610403,-69075.837731
1762668959.510676,-39093.054831,-44415.324926,-46821.258962,-69062.873721
1762668959.524961,-39033.163339,-44363.062829,-46799.514443,-69044.560194
1762668959.528961,-39037.361741,-44361.155480,-46799.514443,-69045.707583
1762668959.527282,-39089.620113,-44397.778809,-46811.722219,-69057.911634
1762668959.531282,-39136.543870,-44450.420886,-46828.504652,-69075.077772
1762668959.539503,-39107.933640,-44431.347400,-46825.833619,-69069.355726
1762668959.543503,-39045.751095,-44372.983277,-46804.092824,-69051.429629
1762668959.539503,-39046.134800,-44366.497546,-46799.130738,-69049.134851
1762668959.543503,-39108.313620,-44435.925782,-46822.782606,-69069.355726
1762668959.548511,-39150.655270,-44476.743788,-46841.476113,-69081.559777
1762668959.552511,-39115.563035,-44448.893517,-46831.555665,-69070.883095
1762668959.548511,-39052.620530,-44393.964112,-46810.958534,-69055.624306
1762668959.552511,-39085.805416,-44421.046972,-46820.111573,-69064.781070
1762668959.570231,-39140.738547,-44463.772327,-46837.277710,-69075.837731
1762668959.574231,-39173.163474,-44495.433569,-46852.536500,-69088.429213
1762668959.576673,-39139.974862,-44463.008642,-46844.147146,-69080.039859
1762668959.580673,-39080.083370,-44410.746545,-46827.360988,-69062.486291
1762668959.587048,-39082.754403,-44397.395104,-46819.731593,-69058.671594
1762668959.591048,-39119.377732,-44423.338026,-46828.124672,-69067.068398
1762668959.587048,-39158.668369,-44467.967004,-46845.670789,-69078.892469
1762668959.591048,-39120.137691,-44432.111084,-46835.370362,-69061.726332
1762668959.599549,-39043.083787,-44364.210218,-46806.760132,-69038.838148
1762668959.603549,-39046.514779,-44354.289770,-46798.750758,-69037.310779
1762668959.602860,-39104.118943,-44419.139624,-46817.060560,-69060.578942
1762668959.606860,-39138.067514,-44453.091919,-46825.073659,-69067.068398
1762668959.614913,-39091.527462,-44414.944947,-46816.296875,-69054.856896
1762668959.618912,-39021.719247,-44358.104467,-46793.792397,-69032.356143
1762668959.630172,-39048.422128,-44376.414269,-46800.658107,-69043.412805
1762668959.634171,-39091.911167,-44404.644519,-46809.814870,-69057.151675
1762668959.630172,-39127.767086,-44436.689466,-46822.782606,-69067.448378
1762668959.634171,-39098.776877,-44420.283288,-46815.536916,-69059.439003
1762668959.646283,-39043.463767,-44375.654310,-46801.038086,-69046.087563
1762668959.650283,-39045.371115,-44377.941638,-46798.750758,-69049.522281
1762668959.646283,-39094.198495,-44414.944947,-46812.102199,-69061.346352
1762668959.650283,-39148.747921,-44469.874352,-46834.610403,-69078.132510
1762668959.661362,-39116.706699,-44451.564550,-46828.888357,-69071.263075
1762668959.665362,-39050.713181,-44388.242066,-46807.907522,-69051.809609
1762668959.661362,-39050.329477,-44377.941638,-46802.185476,-69048.754871
1762668959.665362,-39119.757712,-44443.171471,-46828.504652,-69071.643054
1762668959.675715,-39148.367941,-44475.596398,-46841.476113,-69079.652429
1762668959.679715,-39107.169956,-44438.213110,-46822.402626,-69064.013660
1762668959.675715,-39039.269090,-44371.839613,-46798.750758,-69041.892886
1762668959.679715,-39054.144174,-44386.334717,-46805.616468,-69047.227502
1762668959.691227,-39098.776877,-44419.903308,-46818.587929,-69059.439003
1762668959.695227,-39136.923850,-44450.800866,-46830.412000,-69068.975747
1762668959.691227,-39100.304246,-44426.005334,-46822.402626,-69059.059024
1762668959.695227,-39037.741721,-44377.941638,-46802.565455,-69042.272866
1762668959.701445,-39035.454392,-44366.497546,-46797.607094,-69041.505456
1762668959.705445,-39079.703391,-44398.158789,-46808.287501,-69051.042199
1762668959.708269,-39125.859737,-44446.606189,-46823.926270,-69064.781070
1762668959.712269,-39090.383798,-44419.139624,-46815.916896,-69054.476917
1762668959.726448,-39018.668234,-44356.960803,-46794.936061,-69031.588733
1762668959.730448,-39022.102952,-44347.424060,-46792.265028,-69027.774036
1762668959.726448,-39088.860154,-44407.695532,-46812.482178,-69047.994912
1762668959.730448,-39118.614048,-44437.833130,-46822.782606,-69054.096937
1762668959.732789,-39079.323411,-44401.593506,-46808.287501,-69037.690759
1762668959.736789,-39016.380906,-44343.989342,-46787.306666,-69022.051990
1762668959.752049,-39041.936398,-44368.404895,-46796.079725,-69035.783410
1762668959.756049,-39087.332785,-44400.449842,-46808.667481,-69043.032825
1762668959.752955,-39128.530771,-44433.634728,-46821.258962,-69053.716958
1762668959.756955,-39087.332785,-44414.181262,-46814.773232,-69047.614932
1762668959.776538,-39035.070688,-44369.168580,-46798.370779,-69032.356143
1762668959.780538,-39040.029049,-44364.970177,-46796.079725,-69030.448794
1762668959.778382,-39087.332785,-44400.066137,-46808.287501,-69043.412805
1762668959.782382,-39137.303829,-44454.615563,-46829.648316,-69059.818983
1762668959.786382,-39095.342159,-44427.152723,-46822.402626,-69048.374891
1762668959.790382,-39035.834372,-44367.641211,-46797.607094,-69029.301405
1762668959.782748,-39049.185812,-44362.682849,-46795.699745,-69031.588733
1762668959.786748,-39115.563035,-44425.245374,-46820.875257,-69052.189589
1762668959.796552,-39142.645895,-44454.615563,-46828.504652,-69059.059024
1762668959.800552,-39098.013192,-44421.810657,-46817.444265,-69048.754871
1762668959.796552,-39041.936398,-44364.970177,-46796.843410,-69032.356143
1762668959.800552,-39062.537253,-44384.043664,-46805.616468,-69041.125476
1762668959.813335,-39108.313620,-44418.375939,-46818.587929,-69053.716958
1762668959.817335,-39137.303829,-44449.277222,-46833.463013,-69064.781070
1762668959.823349,-39103.735238,-44422.574341,-46823.546290,-69055.624306
1762668959.827349,-39048.422128,-44371.839613,-46804.852784,-69035.023451
1762668959.831350,-39045.751095,-44361.919165,-46797.607094,-69029.301405
1762668959.835350,-39088.096470,-44389.765710,-46807.143837,-69038.078189
1762668959.823349,-39133.489132,-44438.976794,-46830.032021,-69052.949548
1762668959.827349,-39092.291147,-44408.079237,-46821.638942,-69040.365517
1762668959.841331,-39028.968662,-44351.238757,-46796.463430,-69023.579359
1762668959.845331,-39034.307003,-44348.187745,-46795.699745,-69024.339318
1762668959.841331,-39097.249508,-44413.037598,-46818.587929,-69047.994912
1762668959.845331,-39136.923850,-44444.318861,-46836.134046,-69057.531655
1762668959.863269,-39085.425436,-44409.222901,-46825.073659,-69045.320153
1762668959.867269,-39026.297629,-44354.289770,-46802.185476,-69027.394056
1762668959.867400,-39049.565792,-44374.506921,-46807.523817,-69030.828774
1762668959.871400,-39107.549936,-44415.324926,-46823.166311,-69041.505456
1762668959.872475,-39135.016501,-44443.171471,-46837.661415,-69051.429629
1762668959.876475,-39095.725864,-44418.375939,-46823.546290,-69040.365517
1762668959.901942,-39046.134800,-44373.746961,-46805.236489,-69027.394056
1762668959.905941,-39057.578892,-44379.085302,-46805.616468,-69030.448794
1762668959.901942,-39102.971554,-44415.324926,-46814.009547,-69039.985538
1762668959.905941,-39155.997336,-44466.059655,-46833.083034,-69054.476917
1762668959.908470,-39112.508297,-44433.634728,-46824.689955,-69042.272866
1762668959.912470,-39037.361741,-44370.692223,-46799.894422,-69023.959339
1762668959.916470,-39045.751095,-44364.970177,-46797.223389,-69022.819400
1762668959.920470,-39112.508297,-44421.046972,-46816.680580,-69039.598107
1762668959.916813,-39141.882211,-44451.184571,-46828.888357,-69047.614932
1762668959.920813,-39088.476449,-44409.986585,-46814.009547,-69030.828774
1762668959.924496,-39024.770260,-44340.938330,-46792.648733,-69010.227919
1762668959.928496,-39054.144174,-44371.839613,-46803.329140,-69022.819400
1762668959.932496,-39094.962180,-44403.880835,-46816.296875,-69035.403430
1762668959.936496,-39120.901376,-44425.245374,-46826.597303,-69041.892886
1762668959.924496,-39078.176022,-44394.727796,-46817.060560,-69030.828774
1762668959.928496,-39019.811898,-44350.475073,-46797.987074,-69016.709924
1762668959.954243,-39025.533944,-44346.660376,-46794.936061,-69015.949965
1762668959.958243,-39075.125009,-44386.334717,-46808.667481,-69030.061364
1762668959.961004,-39131.581783,-44443.555176,-46830.795705,-69049.134851
1762668959.965004,-39099.156857,-44412.653893,-46818.204224,-69036.930799
1762668959.969004,-39038.121700,-44355.817139,-46799.894422,-69017.857313
1762668959.973004,-39040.792733,-44353.146106,-46799.130738,-69019.004703
1762668959.975640,-39105.262607,-44419.903308,-46823.926270,-69042.652845
1762668959.979640,-39138.067514,-44450.800866,-46839.185059,-69051.429629
1762668959.975640,-39102.211595,-44421.430677,-46827.740967,-69036.550820
1762668959.979640,-39052.236825,-44376.797974,-46807.907522,-69020.912051
1762668959.990919,-39069.402963,-44388.622046,-46808.667481,-69025.866687
1762668959.994919,-39127.387106,-44429.440051,-46824.689955,-69039.598107
1762668959.996234,-39170.492440,-44462.628663,-46836.897731,-69050.282240
1762668960.000234,-39131.965488,-44438.596815,-46830.032021,-69038.458169
1762668960.006503,-39069.402963,-44387.478381,-46812.102199,-69020.144641
1762668960.010503,-39074.745029,-44379.085302,-46810.194850,-69019.004703
1762668960.008212,-39115.179330,-44410.366565,-46819.731593,-69031.968713
1762668960.012212,-39149.511606,-44453.471899,-46830.795705,-69042.652845
1762668960.021008,-39090.767503,-44411.893934,-46817.444265,-69027.394056
1762668960.025008,-39015.617222,-44346.280396,-46791.501343,-69012.135267
1762668960.023128,-39020.195603,-44341.702014,-46788.450330,-69012.895226
1762668960.027128,-39088.860154,-44408.459216,-46807.907522,-69035.403430
1762668960.034113,-39110.600948,-44430.967420,-46812.482178,-69040.365517
1762668960.038113,-39056.815207,-44391.673058,-46804.472804,-69020.524621
1762668960.044523,-39007.604122,-44334.836304,-46780.820936,-69003.358483
1762668960.048523,-39029.732347,-44349.711388,-46788.834035,-69014.422596
1762668960.050605,-39067.879319,-44384.807348,-46804.472804,-69025.866687
1762668960.054605,-39102.211595,-44414.561242,-46820.111573,-69033.116102
1762668960.052682,-39066.731930,-44394.727796,-46816.296875,-69026.634097
1762668960.056682,-39012.566209,-44351.618737,-46799.130738,-69013.662636
1762668960.066778,-39027.441293,-44351.238757,-46800.278127,-69014.802575
1762668960.070778,-39074.745029,-44387.098402,-46816.296875,-69027.774036
1762668960.066778,-39125.859737,-44443.555176,-46834.610403,-69044.560194
1762668960.070778,-39079.703391,-44408.839196,-46824.309975,-69031.208754
1762668960.079433,-39019.431919,-44354.289770,-46802.945435,-69012.515247
1762668960.083433,-39025.917649,-44353.526086,-46797.223389,-69010.987878
1762668960.096942,-39088.860154,-44420.283288,-46815.916896,-69033.876061
1762668960.100942,-39128.530771,-44454.235584,-46830.412000,-69044.560194
1762668960.096942,-39092.674851,-44417.615980,-46818.204224,-69031.588733
1762668960.100942,-39028.968662,-44364.590198,-46799.514443,-69013.662636
1762668960.106948,-39048.042148,-44372.219592,-46801.038086,-69017.857313
1762668960.110948,-39101.064205,-44408.079237,-46815.916896,-69026.246667
1762668960.113009,-39120.137691,-44429.820031,-46828.504652,-69029.681385
1762668960.117009,-39077.796042,-44400.449842,-46819.351614,-69018.237293
1762668960.120402,-39014.473557,-44345.516711,-46797.607094,-69001.451135
1762668960.124402,-39017.140865,-44337.887317,-46795.699745,-69001.838565
1762668960.127485,-39065.971971,-44373.746961,-46809.051186,-69014.042616
1762668960.131485,-39106.406271,-44422.574341,-46824.309975,-69028.154016
1762668960.140868,-39054.907858,-44384.043664,-46809.814870,-69012.895226
1762668960.144868,-39001.122117,-44325.679541,-46788.070351,-68995.729089
1762668960.155436,-39006.844163,-44323.392212,-46788.834035,-68994.969130
1762668960.159436,-39076.268673,-44390.529394,-46811.722219,-69016.329944
1762668960.163436,-39106.786251,-44416.468590,-46823.166311,-69022.431970
1762668960.167436,-39061.009884,-44377.177954,-46812.102199,-69009.847939
1762668960.155436,-39006.844163,-44324.915856,-46791.501343,-68996.496499
1762668960.159436,-39030.112326,-44345.516711,-46797.223389,-69003.745914
1762668960.170847,-39084.281772,-44394.344091,-46812.102199,-69018.237293
1762668960.174847,-39114.415646,-44421.810657,-46823.926270,-69030.061364
1762668960.172877,-39075.125009,-44398.922473,-46812.482178,-69022.819400
1762668960.176877,-39016.760886,-44352.766126,-46803.709120,-69009.080529
1762668960.187620,-39025.533944,-44352.766126,-46800.278127,-69011.375308
1762668960.191620,-39071.694016,-44390.913099,-46809.431165,-69022.431970
1762668960.201394,-39120.137691,-44440.504164,-46830.412000,-69036.170840
1762668960.205394,-39068.639278,-44402.737170,-46818.587929,-69022.051990
1762668960.209394,-39003.789425,-44343.229383,-46796.079725,-69004.505873
1762668960.213394,-39019.431919,-44337.887317,-46798.750758,-69004.125893
1762668960.215617,-39086.189121,-44403.880835,-46819.731593,-69024.339318
1762668960.219617,-39105.262607,-44427.912682,-46824.689955,-69026.246667
1762668960.215617,-39052.620530,-44384.427369,-46805.236489,-69011.755288
1762668960.219617,-38996.543735,-44334.072620,-46786.163002,-68997.636437
1762668960.238916,-39007.224143,-44343.609363,-46787.306666,-69001.071155
1762668960.242916,-39061.393589,-44385.191053,-46801.038086,-69013.282657
1762668960.244428,-39091.527462,-44411.510229,-46815.153211,-69017.477334
1762668960.248428,-39045.371115,-44382.136315,-46803.329140,-69004.505873
1762668960.252429,-38996.923715,-44338.267297,-46782.348305,-68992.681801
1762668960.256428,-39012.182504,-44339.030981,-46783.871949,-68994.969130
1762668960.244428,-39059.866220,-44372.983277,-46799.130738,-69005.265832
1762668960.248428,-39107.933640,-44427.532703,-46818.204224,-69023.199379
1762668960.259548,-39056.435227,-44386.334717,-46806.760132,-69009.080529
1762668960.263548,-38996.160030,-44333.692640,-46786.163002,-68993.821740
1762668960.259548,-39006.844163,-44337.887317,-46781.964600,-68998.403847
1762668960.263548,-39068.259299,-44400.449842,-46806.000173,-69019.384682
1762668960.276525,-39111.748338,-44424.097985,-46822.018921,-69022.431970
1762668960.280525,-39064.064622,-44381.756335,-46808.287501,-69006.033242
1762668960.281653,-38995.780051,-44330.257922,-46782.348305,-68991.914392
1762668960.285653,-39019.431919,-44349.331409,-46784.635633,-68996.496499
1762668960.289977,-39062.917233,-44385.571033,-46798.370779,-69009.847939
1762668960.293977,-39091.911167,-44411.893934,-46812.865883,-69019.004703
1762668960.289977,-39044.227451,-44386.334717,-46801.038086,-69004.505873
1762668960.293977,-38989.678025,-44333.308935,-46780.440956,-68990.774453
1762668960.305367,-39004.173130,-44336.743653,-46781.584620,-68995.349109
1762668960.309366,-39051.473141,-44372.219592,-46794.936061,-69006.033242
1762668960.305367,-39093.818516,-44422.190636,-46813.245863,-69021.292031
1762668960.309366,-39038.121700,-44380.612671,-46797.223389,-69004.125893
1762668960.330989,-38982.808590,-44328.730553,-46776.242554,-68987.339735
1762668960.334989,-38999.214768,-44335.599989,-46775.862575,-68992.301822
1762668960.336825,-39061.009884,-44397.395104,-46798.370779,-69014.042616
1762668960.340825,-39089.620113,-44419.523329,-46811.338514,-69017.477334
1762668960.336825,-39049.949497,-44384.807348,-46802.185476,-69004.505873
1762668960.340825,-39002.265781,-44341.322035,-46785.019338,-68991.914392
1762668960.351801,-39021.339267,-44357.340783,-46786.163002,-68997.636437
1762668960.355801,-39083.138108,-44402.357191,-46804.092824,-69015.190005
1762668960.351801,-39106.406271,-44429.440051,-46812.482178,-69020.524621
1762668960.355801,-39062.157273,-44403.880835,-46800.278127,-69008.700550
1762668960.361890,-39012.182504,-44358.104467,-46783.111989,-68995.729089
1762668960.365890,-39026.677608,-44364.970177,-46785.779297,-68999.543786
1762668960.361890,-39075.888693,-44401.209801,-46801.801771,-69010.607898
1762668960.365890,-39125.099778,-44452.328235,-46819.731593,-69028.154016
1762668960.380625,-39066.731930,-44403.117150,-46803.329140,-69007.940590
1762668960.384625,-39011.802524,-44345.136732,-46782.728285,-68988.099694
1762668960.382370,-39017.524570,-44343.989342,-46777.389944,-68987.719715
1762668960.386370,-39073.217660,-44401.973486,-46796.079725,-69007.173181
1762668960.392731,-39104.118943,-44423.338026,-46801.801771,-69012.135267
1762668960.396731,-39050.713181,-44375.270605,-46787.686646,-68993.061781
1762668960.392731,-38985.863328,-44321.101159,-46770.520508,-68976.275623
1762668960.396731,-39007.604122,-44336.743653,-46775.862575,-68986.192346
1762668960.411370,-39059.486240,-44376.034290,-46789.977700,-68998.783827
1762668960.415370,-39090.767503,-44398.922473,-46803.329140,-69002.978504
1762668960.411370,-39041.936398,-44372.599572,-46793.408692,-68993.441761
1762668960.415370,-38983.955979,-44326.063246,-46777.769923,-68978.950381
1762668960.423522,-38996.160030,-44328.350574,-46778.533608,-68982.377648
1762668960.427522,-39050.713181,-44365.733862,-46796.079725,-68996.116519
1762668960.431522,-39096.489549,-44420.666993,-46817.060560,-69009.467959
1762668960.435522,-39047.278464,-44383.663684,-46802.185476,-68994.209170
1762668960.441450,-38997.307420,-44336.743653,-46777.769923,-68979.710340
1762668960.445450,-39011.418819,-44339.414686,-46775.482595,-68987.339735
1762668960.456757,-39085.425436,-44410.366565,-46804.852784,-69012.515247
1762668960.460757,-39121.665061,-44440.120459,-46817.444265,-69020.524621
1762668960.456757,-39069.786668,-44400.449842,-46803.329140,-69007.940590
1762668960.460757,-39020.955563,-44356.197119,-46785.399318,-68993.821740
1762668960.472602,-39039.649069,-44366.117567,-46785.779297,-68999.163806
1762668960.476602,-39091.147482,-44408.839196,-46799.514443,-69012.895226
1762668960.484612,-39120.137691,-44429.060072,-46807.907522,-69015.569985
1762668960.488611,-39076.652378,-44398.542494,-46798.370779,-69005.265832
1762668960.492612,-39023.246616,-44354.289770,-46775.098890,-68990.007043
1762668960.496612,-39040.792733,-44362.302870,-46775.482595,-68991.914392
1762668960.484612,-39087.712765,-44398.158789,-46795.316041,-69004.125893
1762668960.488611,-39129.294455,-44443.171471,-46812.865883,-69021.672010
1762668960.500857,-39065.588266,-44393.580407,-46791.121364,-69004.125893
1762668960.504857,-39001.502097,-44337.507337,-46772.427857,-68986.579776
1762668960.500857,-39033.163339,-44342.465699,-46776.242554,-68991.914392
1762668960.504857,-39087.712765,-44400.829822,-46796.463430,-69009.847939
1762668960.525857,-39107.549936,-44421.046972,-46804.472804,-69015.949965
1762668960.529857,-39051.473141,-44374.126941,-46788.450330,-68998.403847
1762668960.525857,-39004.936814,-44326.823205,-46770.904213,-68984.672427
1762668960.529857,-39026.677608,-44345.516711,-46777.769923,-68991.914392
1762668960.525857,-39077.416062,-44384.427369,-46793.028712,-69002.218544
1762668960.529857,-39107.169956,-44408.459216,-46802.945435,-69008.700550
1762668960.532569,-39055.671543,-44374.126941,-46791.885048,-68995.729089
1762668960.536569,-38990.058005,-44326.823205,-46774.335206,-68981.237710
1762668960.545973,-39015.233517,-44335.216284,-46776.242554,-68986.192346
1762668960.549973,-39063.680917,-44368.784875,-46785.779297,-68998.023868
1762668960.545973,-39096.489549,-44415.324926,-46801.801771,-69012.515247
1762668960.549973,-39043.083787,-44371.839613,-46788.070351,-68994.969130
1762668960.565506,-38989.678025,-44321.101159,-46765.182167,-68977.043033
1762668960.569506,-39003.029466,-44327.970594,-46765.945852,-68981.237710
1762668960.576547,-39068.639278,-44393.964112,-46788.450330,-69004.125893
1762668960.580547,-39093.054831,-44417.995960,-46796.843410,-69006.033242
1762668960.576547,-39041.556418,-44371.455908,-46779.677272,-68988.487124
1762668960.580547,-38986.623287,-44318.433851,-46763.654798,-68973.228335
1762668960.587289,-39004.936814,-44330.637902,-46769.760549,-68979.710340
1762668960.591289,-39054.144174,-44368.404895,-46776.242554,-68990.007043
1762668960.587289,-39083.138108,-44395.107776,-46787.686646,-68997.256458
1762668960.591289,-39039.269090,-44368.024915,-46781.204641,-68988.099694
1762668960.596760,-38971.364498,-44313.091785,-46757.169068,-68969.026208
1762668960.600760,-38986.623287,-44318.813831,-46757.552773,-68967.886269
1762668960.610948,-39043.843746,-44353.526086,-46772.811562,-68977.802992
1762668960.614948,-39088.476449,-44403.880835,-46791.501343,-68996.116519
1762668960.621936,-39037.361741,-44355.433434,-46777.006239,-68982.377648
1762668960.625936,-38976.706564,-44301.647693,-46757.169068,-68965.598941
1762668960.632901,-38989.294320,-44311.564416,-46757.169068,-68967.886269
1762668960.636901,-39052.620530,-44374.506921,-46780.820936,-68986.959755
1762668960.640901,-39074.361324,-44394.344091,-46790.357679,-68990.007043
1762668960.644901,-39021.339267,-44340.558350,-46778.533608,-68967.118859
1762668960.632901,-38970.220834,-44294.018298,-46762.511134,-68952.627480
1762668960.636901,-38987.770677,-44313.091785,-46767.853200,-68963.691592
1762668960.657530,-39034.690708,-44356.197119,-46780.820936,-68978.562951
1762668960.661530,-39062.157273,-44382.520020,-46791.885048,-68987.719715
1762668960.657530,-39021.339267,-44360.775501,-46784.635633,-68979.330361
1762668960.661530,-38967.933506,-44320.341200,-46769.760549,-68966.358900
1762668960.665467,-38980.901241,-44325.299561,-46770.520508,-68971.700966
1762668960.669466,-39025.917649,-44361.919165,-46781.584620,-68985.812366
1762668960.667657,-39069.786668,-44408.839196,-46800.658107,-68999.931216
1762668960.671657,-39018.288255,-44360.395521,-46785.779297,-68980.090320
1762668960.678791,-38962.211460,-44302.411377,-46761.747450,-68962.544203
1762668960.682791,-38982.428610,-44312.711805,-46762.891114,-68967.506289
1762668960.688977,-39049.949497,-44379.848987,-46787.686646,-68989.247084
1762668960.692976,-39072.073996,-44401.973486,-46795.699745,-68996.496499
1762668960.688977,-39013.326168,-44354.673475,-46778.913587,-68981.997669
1762668960.692976,-38958.776742,-44308.133423,-46759.076416,-68967.118859
1762668960.710370,-38985.479623,-44314.619154,-46761.367470,-68970.553577
1762668960.714370,-39033.927023,-44361.539185,-46776.242554,-68985.052407
1762668960.719637,-39063.300937,-44382.136315,-46785.399318,-68988.487124
1762668960.723637,-39015.997201,-44351.238757,-46772.047877,-68976.275623
1762668960.727638,-38964.498788,-44305.462390,-46755.261719,-68961.016834
1762668960.731637,-38979.377598,-44308.513403,-46759.460121,-68962.544203
1762668960.719637,-39027.824998,-44347.044080,-46772.427857,-68972.460926
1762668960.723637,-39065.588266,-44398.542494,-46790.741384,-68990.774453
1762668960.750728,-39013.709873,-44351.618737,-46773.191541,-68976.275623
1762668960.754728,-38954.962045,-44297.453016,-46754.118055,-68959.489465
1762668960.750728,-38972.128183,-44306.606054,-46758.316457,-68962.924182
1762668960.754728,-39035.070688,-44367.641211,-46777.769923,-68981.617689
1762668960.756667,-39057.958871,-44391.673058,-46786.926687,-68985.812366
1762668960.760667,-39006.080478,-44343.989342,-46773.575246,-68973.228335
1762668960.756667,-38960.684091,-44304.698706,-46759.840101,-68965.211511
1762668960.760667,-38982.048631,-44325.679541,-46767.853200,-68971.320987
1762668960.771304,-39033.927023,-44368.784875,-46782.348305,-68982.377648
1762668960.775304,-39057.578892,-44387.098402,-46793.408692,-68985.052407
1762668960.772320,-39022.862911,-44363.826513,-46785.779297,-68977.423012
1762668960.776320,-38975.562900,-44318.813831,-46770.140529,-68964.071572
1762668960.786602,-38993.492723,-44325.679541,-46772.427857,-68964.071572
1762668960.790602,-39043.463767,-44363.826513,-46785.019338,-68972.080946
1762668960.802018,-39083.518088,-44403.500855,-46798.750758,-68987.719715
1762668960.806018,-39019.431919,-44348.951429,-46781.204641,-68967.506289
1762668960.802018,-38964.882493,-44294.781983,-46761.367470,-68951.860070
1762668960.806018,-38981.284946,-44306.989759,-46760.223806,-68960.256875
1762668960.816694,-39046.514779,-44367.641211,-46783.491969,-68978.950381
1762668960.820694,-39070.930332,-44395.487756,-46794.556081,-68988.099694
1762668960.817794,-39004.553109,-44345.896691,-46772.427857,-68972.460926
1762668960.821794,-38948.860019,-44308.897108,-46751.447022,-68958.349526
1762668960.831098,-38977.470249,-44324.155897,-46751.830727,-68963.691592
1762668960.835098,-39033.927023,-44361.919165,-46767.469496,-68975.135684
1762668960.832447,-39057.958871,-44382.900000,-46776.626259,-68979.330361
1762668960.836447,-39010.658860,-44357.724488,-46765.945852,-68966.738880
1762668960.850303,-38946.188986,-44304.318726,-46747.632325,-68949.952722
1762668960.854303,-38966.789842,-44310.040772,-46750.687063,-68953.387439
1762668960.861447,-39018.668234,-44349.711388,-46761.747450,-68968.266249
1762668960.865447,-39064.064622,-44397.395104,-46783.111989,-68984.672427
1762668960.869447,-39008.367807,-44352.382421,-46768.996865,-68968.646228
1762668960.873447,-38960.684091,-44299.740344,-46749.539673,-68952.627480
1762668960.862935,-38978.613913,-44308.897108,-46752.974391,-68955.294788
1762668960.866935,-39044.991136,-44377.941638,-46780.057251,-68976.275623
1762668960.876920,-39073.981345,-44403.880835,-46792.648733,-68984.672427
1762668960.880920,-39019.048214,-44361.539185,-46777.769923,-68970.173597
1762668960.877234,-38981.664926,-44329.877943,-46766.325831,-68961.396813
1762668960.881234,-39011.038840,-44350.475073,-46776.626259,-68966.738880
1762668960.896666,-39066.731930,-44391.293079,-46793.792397,-68980.090320
1762668960.900666,-39088.860154,-44411.893934,-46807.143837,-68987.339735
1762668960.897176,-39044.227451,-44387.478381,-46799.514443,-68980.090320
1762668960.901176,-38993.872702,-44337.507337,-46783.111989,-68965.978920
1762668960.907130,-39017.524570,-44339.794666,-46782.728285,-68966.738880
1762668960.911130,-39060.629904,-44373.363256,-46790.741384,-68975.895643
1762668960.921606,-39090.383798,-44415.324926,-46802.945435,-68990.394473
1762668960.925606,-39025.153965,-44361.539185,-46781.964600,-68970.553577
1762668960.921606,-38963.735104,-44305.462390,-46760.223806,-68949.192762
1762668960.925606,-38980.901241,-44316.906482,-46757.552773,-68953.767419
1762668960.941865,-39034.307003,-44369.932264,-46776.242554,-68974.748254
1762668960.945865,-39054.527879,-44388.242066,-46786.926687,-68980.470300
1762668960.951440,-38992.345333,-44334.072620,-46760.603786,-68961.784244
1762668960.955440,-38943.901658,-44290.967286,-46740.766615,-68944.998085
1762668960.959440,-38970.220834,-44307.369739,-46749.539673,-68949.572742
1762668960.963440,-39020.195603,-44348.567724,-46765.182167,-68962.924182
1762668960.952865,-39046.134800,-44371.839613,-46773.191541,-68969.026208
1762668960.956865,-39000.358433,-44348.567724,-46762.511134,-68959.876895
1762668960.965733,-38953.054696,-44297.832996,-46745.724976,-68942.710757
1762668960.969733,-38974.799216,-44310.804456,-46751.447022,-68948.432803
1762668960.967129,-39033.163339,-44358.488172,-46771.284193,-68965.978920
1762668960.971129,-39074.361324,-44406.551868,-46786.926687,-68983.145058
1762668960.985493,-39020.195603,-44362.302870,-46770.140529,-68964.831531
1762668960.989493,-38974.035531,-44314.999133,-46756.025404,-68948.812783
1762668960.996194,-39001.882076,-44333.308935,-46764.038503,-68956.062198
1762668961.000194,-39065.208286,-44397.395104,-46788.070351,-68976.655602
1762668961.004194,-39098.396897,-44426.005334,-46804.472804,-68983.525038
1762668961.008194,-39053.764194,-44383.663684,-46789.977700,-68967.886269
1762668960.998291,-39012.566209,-44351.618737,-46774.335206,-68959.109485
1762668961.002291,-39035.070688,-44365.733862,-46780.057251,-68969.413638
1762668961.012040,-39089.620113,-44402.357191,-46797.607094,-68982.377648
1762668961.016040,-39102.591574,-44413.037598,-46807.143837,-68984.672427
1762668961.012040,-39046.514779,-44380.228966,-46791.501343,-68973.608315
1762668961.016040,-38985.863328,-44328.350574,-46766.705811,-68960.636854
1762668961.028120,-38992.729038,-44331.401587,-46764.038503,-68965.978920
1762668961.032120,-39035.070688,-44358.488172,-46776.242554,-68972.840905
1762668961.031762,-39067.879319,-44398.922473,-46793.792397,-68983.145058
1762668961.035762,-38999.214768,-44346.660376,-46770.904213,-68964.831531
1762668961.041989,-38940.846920,-44291.730970,-46743.437648,-68949.952722
1762668961.045989,-38958.396763,-44301.267713,-46747.632325,-68956.442177
1762668961.052435,-39014.089853,-44356.960803,-46769.376844,-68976.655602
1762668961.056435,-39040.412754,-44383.283705,-46773.575246,-68983.145058
1762668961.052435,-38990.058005,-44331.021607,-46757.932752,-68963.691592
1762668961.056435,-38952.291012,-44303.175062,-46742.673963,-68957.202137
1762668961.065486,-38971.748203,-44321.101159,-46745.724976,-68963.691592
1762668961.069486,-39024.770260,-44362.682849,-46764.418483,-68976.275623
1762668961.065486,-39054.527879,-44387.098402,-46774.335206,-68982.377648
1762668961.069486,-39011.418819,-44364.970177,-46765.562147,-68971.320987
1762668961.083514,-38973.271847,-44322.248548,-46749.923378,-68958.349526
1762668961.087514,-38999.974728,-44337.123632,-46754.118055,-68968.266249
1762668961.083514,-39052.236825,-44381.376356,-46769.376844,-68982.377648
1762668961.087514,-39091.911167,-44428.296387,-46792.265028,-68994.589150
1762668961.099638,-39033.547044,-44382.900000,-46775.482595,-68978.950381
1762668961.103638,-38979.757577,-44337.507337,-46755.261719,-68964.451551
1762668961.102753,-39018.288255,-44353.909791,-46763.274819,-68969.413638
1762668961.106753,-39083.518088,-44411.510229,-46786.926687,-68987.339735
1762668961.116769,-39104.118943,-44426.389039,-46796.843410,-68992.301822
1762668961.120769,-39041.176438,-44369.932264,-46778.149903,-68970.933557
1762668961.126622,-38987.770677,-44324.535877,-46763.654798,-68957.969546
1762668961.130622,-39001.502097,-44333.308935,-46767.469496,-68959.876895
1762668961.131968,-39034.690708,-44364.590198,-46780.820936,-68971.700966
1762668961.135968,-39042.320102,-44368.784875,-46782.728285,-68972.080946
1762668961.132801,-38992.729038,-44338.267297,-46767.089516,-68959.489465
1762668961.136801,-38932.457566,-44281.046838,-46745.344996,-68941.563368
1762668961.144970,-38939.323276,-44290.967286,-46745.344996,-68945.758045
1762668961.148970,-38988.914341,-44335.979968,-46759.076416,-68961.016834
1762668961.154437,-39032.783359,-44386.714697,-46781.204641,-68977.043033
1762668961.158437,-38981.664926,-44334.452599,-46762.131155,-68959.876895
1762668961.154437,-38930.166513,-44289.439917,-46742.673963,-68947.665393
1762668961.158437,-38959.540427,-44314.999133,-46747.252345,-68956.442177
1762668961.174280,-39017.524570,-44374.506921,-46768.613160,-68976.275623
1762668961.178280,-39048.042148,-44399.302453,-46777.006239,-68984.672427
1762668961.174280,-38987.386972,-44343.229383,-46754.881740,-68965.978920
1762668961.178280,-38941.994309,-44312.711805,-46735.428274,-68956.442177
1762668961.184771,-38974.799216,-44335.599989,-46745.724976,-68964.451551
1762668961.188771,-39030.492306,-44383.283705,-46763.654798,-68979.330361
1762668961.184771,-39047.278464,-44404.644519,-46772.811562,-68983.905017
1762668961.188771,-39001.882076,-44377.177954,-46762.131155,-68970.933557
1762668961.206129,-38951.531053,-44324.915856,-46744.965017,-68956.062198
1762668961.210129,-38975.179195,-44334.072620,-46748.396009,-68961.784244
1762668961.208143,-39029.732347,-44372.599572,-46769.376844,-68973.988295
1762668961.212143,-39066.731930,-44402.357191,-46789.593995,-68983.145058
1762668961.232532,-39001.122117,-44345.896691,-46765.945852,-68961.784244
1762668961.236532,-38945.425302,-44289.823622,-46741.910279,-68944.998085
1762668961.232532,-38959.540427,-44294.398278,-46744.965017,-68947.285414
1762668961.236532,-39009.511471,-44345.136732,-46766.705811,-68963.304162
1762668961.232532,-39022.482932,-44358.868152,-46771.667898,-68967.506289
1762668961.236532,-38958.776742,-44303.935021,-46754.118055,-68947.285414
1762668961.239789,-38917.578757,-44268.079102,-46740.386635,-68937.368691
1762668961.243789,-38935.888559,-44280.286878,-46741.530299,-68941.943347
1762668961.244906,-38985.863328,-44320.341200,-46756.409109,-68953.767419
1762668961.248906,-39010.658860,-44337.887317,-46772.811562,-68961.016834
1762668961.252839,-38974.799216,-44322.248548,-46770.904213,-68956.062198
1762668961.256839,-38928.642869,-44282.194227,-46757.169068,-68942.323327
1762668961.266772,-38954.582065,-44294.398278,-46761.747450,-68943.850696
1762668961.270772,-39014.853537,-44345.136732,-46780.820936,-68958.729506
1762668961.274955,-39053.380489,-44393.580407,-46799.514443,-68974.748254
1762668961.278955,-38994.252682,-44347.804040,-46779.677272,-68959.109485
1762668961.283002,-38954.962045,-44307.749718,-46759.840101,-68947.285414
1762668961.287002,-38982.048631,-44332.165271,-46767.853200,-68959.109485
1762668961.295706,-39043.463767,-44387.858361,-46790.741384,-68980.090320
1762668961.299706,-39063.680917,-44415.324926,-46799.514443,-68986.192346
1762668961.295706,-39004.173130,-44359.631836,-46780.057251,-68965.598941
1762668961.299706,-38972.891867,-44325.299561,-46769.760549,-68957.582116
1762668961.318429,-39002.645761,-44341.702014,-46776.626259,-68963.304162
1762668961.322428,-39054.527879,-44384.427369,-46795.316041,-68974.748254
1762668961.318429,-39064.824581,-44390.913099,-46802.565455,-68973.988295
1762668961.322428,-39008.751512,-44352.766126,-46784.635633,-68960.256875
1762668961.324414,-38950.003684,-44298.596680,-46760.983765,-68943.470716
1762668961.328414,-38963.735104,-44303.935021,-46763.654798,-68946.905434
1762668961.324414,-39028.204978,-44346.660376,-46781.964600,-68960.636854
1762668961.328414,-39052.236825,-44383.283705,-46791.885048,-68971.320987
1762668961.340453,-38980.901241,-44324.535877,-46769.760549,-68949.572742
1762668961.344453,-38925.971836,-44268.459082,-46748.779714,-68932.406604
1762668961.342462,-38952.674717,-44289.439917,-46753.738075,-68939.656019
1762668961.346462,-39010.275155,-44347.044080,-46774.335206,-68957.202137
1762668961.368150,-39029.732347,-44362.682849,-46785.019338,-68961.784244
1762668961.372150,-38970.604539,-44304.318726,-46769.760549,-68940.415978
1762668961.368150,-38935.124874,-44274.181128,-46757.169068,-68929.359317
1762668961.372150,-38959.160447,-44296.689332,-46765.562147,-68937.748671
1762668961.368150,-39010.275155,-44344.753027,-46780.820936,-68955.674767
1762668961.372150,-39030.492306,-44360.395521,-46787.686646,-68959.489465
1762668961.368150,-38991.201669,-44341.322035,-46779.677272,-68952.247500
1762668961.372150,-38947.716355,-44302.027673,-46766.325831,-68941.563368
1762668961.385296,-38977.850229,-44324.535877,-46772.427857,-68951.480091
1762668961.389296,-39037.741721,-44374.890625,-46788.450330,-68966.358900
1762668961.408556,-39069.022983,-44426.389039,-46808.667481,-68982.765079
1762668961.412555,-39013.326168,-44379.085302,-46791.121364,-68969.413638
1762668961.408556,-38976.326585,-44334.836304,-46775.482595,-68959.876895
1762668961.412555,-39001.122117,-44353.526086,-46781.964600,-68969.413638
1762668961.416054,-39053.380489,-44395.871460,-46798.750758,-68981.237710
1762668961.420054,-39059.102535,-44405.024499,-46802.565455,-68981.997669
1762668961.416054,-38990.058005,-44341.322035,-46780.057251,-68958.349526
1762668961.420054,-38957.633078,-44303.555042,-46763.274819,-68945.758045
1762668961.426924,-38981.284946,-44317.286462,-46764.798462,-68949.952722
1762668961.430923,-39030.112326,-44353.526086,-46780.057251,-68962.164223
1762668961.426924,-39041.556418,-44364.970177,-46787.686646,-68966.738880
1762668961.430923,-38990.058005,-44331.785291,-46778.913587,-68954.914808
1762668961.449487,-38929.022849,-44281.046838,-46757.552773,-68940.035999
1762668961.453487,-38955.345750,-44294.018298,-46762.891114,-68948.432803
1762668961.455807,-39009.131491,-44336.743653,-46783.111989,-68962.544203
1762668961.459807,-39045.371115,-44375.270605,-46800.658107,-68972.080946
1762668961.461529,-38984.715939,-44321.864843,-46781.964600,-68950.340152
1762668961.465528,-38930.550218,-44270.366430,-46761.747450,-68933.174014
1762668961.476909,-38960.684091,-44299.360365,-46768.233180,-68944.998085
1762668961.480909,-39028.204978,-44359.248132,-46791.121364,-68966.358900
1762668961.484909,-39041.556418,-44376.034290,-46802.185476,-68967.118859
1762668961.488909,-38977.086544,-44323.008507,-46781.964600,-68947.665393
1762668961.476909,-38949.239999,-44308.513403,-46773.575246,-68948.045373
1762668961.480909,-38988.530636,-44339.794666,-46784.635633,-68960.636854
1762668961.490713,-39042.700082,-44389.005750,-46801.801771,-68975.895643
1762668961.494713,-39065.588266,-44410.366565,-46814.389527,-68978.950381
1762668961.490713,-39024.390280,-44386.334717,-46807.143837,-68969.793618
1762668961.494713,-38981.284946,-44350.095093,-46790.741384,-68954.914808
1762668961.511257,-39004.553109,-44364.970177,-46794.936061,-68964.071572
1762668961.515257,-39062.537253,-44401.593506,-46812.482178,-68979.330361
1762668961.518878,-39094.962180,-44434.018433,-46826.981008,-68986.579776
1762668961.522878,-39022.482932,-44366.877526,-46803.709120,-68962.164223
1762668961.518878,-38974.419236,-44307.749718,-46781.964600,-68947.665393
1762668961.522878,-38990.821689,-44327.970594,-46783.871949,-68962.164223
1762668961.528756,-39048.042148,-44377.941638,-46803.709120,-68977.043033
1762668961.532756,-39055.287838,-44390.149415,-46813.629568,-68978.182971
1762668961.538175,-38987.386972,-44331.785291,-46787.686646,-68957.582116
1762668961.542175,-38950.383663,-44302.027673,-46773.575246,-68946.525455
1762668961.550411,-38962.975144,-44312.711805,-46777.006239,-68950.720131
1762668961.554411,-39013.709873,-44352.382421,-46789.977700,-68965.978920
1762668961.559557,-39024.770260,-44362.682849,-46796.843410,-68968.266249
1762668961.563557,-38987.006992,-44337.123632,-46783.491969,-68958.349526
1762668961.567557,-38943.517953,-44288.676232,-46769.376844,-68944.998085
1762668961.571557,-38959.160447,-44297.832996,-46773.575246,-68948.045373
1762668961.579189,-39015.617222,-44345.136732,-46787.306666,-68962.164223
1762668961.583189,-39049.949497,-44384.427369,-46804.852784,-68973.228335
1762668961.579189,-38986.623287,-44328.730553,-46788.834035,-68951.100111
1762668961.583189,-38945.425302,-44289.823622,-46772.427857,-68938.128650
1762668961.583415,-38980.901241,-44321.101159,-46781.964600,-68952.627480
1762668961.587415,-39043.463767,-44381.756335,-46806.760132,-68974.748254
1762668961.599931,-39068.639278,-44410.366565,-46814.389527,-68983.905017
1762668961.603931,-39016.380906,-44366.497546,-46795.316041,-68967.506289
1762668961.612159,-38988.530636,-44348.187745,-46787.306666,-68963.691592
1762668961.616159,-39018.288255,-44369.932264,-46799.514443,-68973.228335
1762668961.620159,-39075.508714,-44416.468590,-46817.824244,-68985.812366
1762668961.624159,-39090.383798,-44433.634728,-46822.402626,-68987.719715
1762668961.626970,-39046.898484,-44401.209801,-46813.245863,-68974.368274
1762668961.630970,-39006.460458,-44351.618737,-46795.699745,-68959.489465
1762668961.626970,-39033.163339,-44365.353882,-46795.316041,-68964.071572
1762668961.630970,-39081.230760,-44411.130250,-46816.296875,-68981.997669
1762668961.642468,-39099.156857,-44432.111084,-46826.981008,-68987.719715
1762668961.646468,-39024.010301,-44366.497546,-46801.801771,-68965.978920
1762668961.656160,-38962.211460,-44310.804456,-46776.626259,-68950.340152
1762668961.660160,-38987.386972,-44328.350574,-46780.057251,-68958.349526
1762668961.664160,-39035.070688,-44373.746961,-46796.463430,-68973.228335
1762668961.668160,-39047.658443,-44382.136315,-46794.936061,-68970.933557
1762668961.657160,-38978.993893,-44319.957495,-46775.862575,-68945.378065
1762668961.661160,-38946.568966,-44290.203601,-46766.705811,-68939.656019
1762668961.671508,-38974.799216,-44308.897108,-46778.149903,-68949.572742
1762668961.675508,-39027.824998,-44352.766126,-46794.556081,-68964.071572
1762668961.671508,-39039.649069,-44367.261231,-46796.079725,-68965.978920
1762668961.675508,-38993.872702,-44341.702014,-46787.686646,-68956.442177
1762668961.682649,-38949.623704,-44298.596680,-46769.760549,-68941.183388
1762668961.686649,-38970.984519,-44313.855469,-46773.955226,-68946.525455
1762668961.689322,-39029.732347,-44370.692223,-46792.265028,-68964.831531
1762668961.693322,-39068.639278,-44415.324926,-46810.574830,-68978.950381
1762668961.701493,-39007.224143,-44363.062829,-46799.894422,-68962.164223
1762668961.705492,-38967.933506,-44323.772192,-46785.779297,-68951.860070
1762668961.702643,-38998.451084,-44353.526086,-46797.223389,-68962.544203
1762668961.706643,-39058.722556,-44410.746545,-46817.824244,-68979.710340
1762668961.716612,-39073.981345,-44427.532703,-46820.875257,-68982.377648
1762668961.720612,-39008.751512,-44366.497546,-46800.658107,-68956.822157
1762668961.716612,-38978.613913,-44341.322035,-46789.593995,-68948.432803
1762668961.720612,-39007.987827,-44355.053455,-46798.750758,-68958.349526
1762668961.731400,-39057.958871,-44388.242066,-46810.958534,-68970.173597
1762668961.735400,-39064.444602,-44394.727796,-46812.865883,-68967.506289
1762668961.744605,-39005.696774,-44361.539185,-46797.223389,-68956.822157
1762668961.748605,-38956.489414,-44312.711805,-46777.769923,-68945.378065
1762668961.744605,-38974.419236,-44326.823205,-46782.348305,-68953.007460
1762668961.748605,-39014.089853,-44368.404895,-46793.028712,-68967.506289
1762668961.760467,-39031.639695,-44386.714697,-46799.514443,-68969.413638
1762668961.764467,-38972.511888,-44334.072620,-46779.677272,-68950.720131
1762668961.760467,-38915.291429,-44280.286878,-46762.891114,-68933.553994
1762668961.764467,-38945.425302,-44306.606054,-46767.469496,-68943.850696
1762668961.777164,-38998.451084,-44362.682849,-46783.871949,-68963.691592
1762668961.781164,-39019.431919,-44376.797974,-46789.593995,-68961.784244
1762668961.777164,-38959.160447,-44314.619154,-46769.760549,-68941.943347
1762668961.781164,-38933.981210,-44296.305627,-46765.182167,-68938.896060
1762668961.794270,-38969.077170,-44321.864843,-46774.335206,-68945.758045
1762668961.798270,-39022.482932,-44368.404895,-46789.593995,-68959.489465
1762668961.806078,-39036.598057,-44385.951012,-46797.607094,-68966.358900
1762668961.810078,-38990.821689,-44358.488172,-46788.834035,-68954.914808
1762668961.814078,-38953.438401,-44321.484864,-46775.482595,-68943.850696
1762668961.818078,-38983.192295,-44347.804040,-46783.111989,-68954.914808
1762668961.808355,-39044.607431,-44400.066137,-46801.038086,-68973.228335
1762668961.812355,-39080.467075,-44434.782118,-46821.258962,-68983.145058
1762668961.817302,-39022.862911,-44384.043664,-46804.852784,-68963.691592
1762668961.821302,-38978.613913,-44337.507337,-46782.728285,-68948.432803
1762668961.817302,-39015.233517,-44366.877526,-46795.316041,-68960.256875
1762668961.821302,-39072.453976,-44421.430677,-46817.444265,-68977.423012
1762668961.835886,-39076.652378,-44429.060072,-46823.166311,-68975.515664
1762668961.839886,-39003.409445,-44362.682849,-46799.130738,-68952.247500
1762668961.835886,-38971.748203,-44334.452599,-46786.542982,-68945.758045
1762668961.839886,-38993.872702,-44345.136732,-46789.977700,-68948.432803
1762668961.846295,-39033.163339,-44381.376356,-46801.421791,-68959.109485
1762668961.850295,-39033.547044,-44381.376356,-46801.421791,-68961.016834
1762668961.866847,-38983.572274,-44343.989342,-46789.593995,-68946.905434
1762668961.870847,-38933.217525,-44295.161963,-46773.575246,-68935.081363
1762668961.883069,-38949.623704,-44310.040772,-46776.242554,-68941.563368
1762668961.887069,-39008.367807,-44361.539185,-46791.885048,-68956.822157
1762668961.891069,-39033.547044,-44382.900000,-46802.945435,-68963.691592
1762668961.895069,-38969.840854,-44325.679541,-46783.871949,-68944.230676
1762668961.888770,-38921.773434,-44282.194227,-46762.891114,-68931.266665
1762668961.892770,-38959.540427,-44316.526502,-46770.140529,-68943.850696
1762668961.896770,-39020.575583,-44371.455908,-46792.265028,-68961.016834
1762668961.900770,-39035.834372,-44389.005750,-46800.278127,-68963.691592
1762668961.897479,-38967.169821,-44333.308935,-46779.677272,-68942.323327
1762668961.901479,-38950.767368,-44317.286462,-46771.667898,-68939.656019
1762668961.907498,-38990.821689,-44342.465699,-46783.871949,-68952.247500
1762668961.911498,-39049.185812,-44394.727796,-46807.143837,-68969.026208
1762668961.907498,-39061.009884,-44414.561242,-46816.296875,-68974.368274
1762668961.911498,-39014.089853,-44385.191053,-46804.092824,-68963.304162
1762668961.927018,-38975.562900,-44340.174645,-46787.686646,-68949.192762
1762668961.931018,-39002.645761,-44358.104467,-46794.556081,-68956.442177
1762668961.927018,-39059.866220,-44411.510229,-46813.629568,-68971.700966
1762668961.931018,-39080.847055,-44440.504164,-46825.073659,-68981.237710
1762668961.938310,-39008.751512,-44373.746961,-46802.185476,-68958.349526
1762668961.942310,-38965.642452,-44326.443225,-46777.006239,-68941.943347
1762668961.938310,-39008.751512,-44356.580824,-46789.214015,-68951.860070
1762668961.942310,-39068.259299,-44413.801283,-46812.482178,-68969.413638
1762668961.950305,-39070.930332,-44425.245374,-46817.060560,-68969.026208
1762668961.954305,-38995.400071,-44362.302870,-46791.121364,-68947.665393
1762668961.982440,-38965.642452,-44344.373047,-46780.820936,-68943.850696
1762668961.986440,-38987.770677,-44359.631836,-46785.779297,-68948.812783
1762668961.982440,-39035.834372,-44398.158789,-46797.607094,-68958.349526
1762668961.986440,-39035.070688,-44407.695532,-46800.658107,-68959.489465
1762668961.999424,-38967.933506,-44356.197119,-46781.584620,-68942.710757
1762668962.003424,-38928.642869,-44311.184436,-46763.654798,-68929.359317
1762668961.999424,-38964.882493,-44328.730553,-46771.667898,-68935.841322
1762668962.003424,-39014.473557,-44373.363256,-46788.834035,-68950.340152
1762668961.999424,-39030.112326,-44390.913099,-46799.514443,-68956.062198
1762668962.003424,-38971.748203,-44334.072620,-46783.491969,-68936.601281
1762668962.005041,-38935.124874,-44300.504029,-46767.853200,-68924.777210
1762668962.009041,-38981.664926,-44338.267297,-46780.820936,-68940.803409
1762668962.021466,-39044.607431,-44395.871460,-46804.472804,-68961.016834
1762668962.025466,-39060.629904,-44416.088611,-46812.102199,-68969.026208
1762668962.031360,-38988.914341,-44353.526086,-46789.593995,-68947.665393
1762668962.035360,-38974.419236,-44341.322035,-46785.019338,-68944.230676
1762668962.039360,-39003.409445,-44366.877526,-46793.792397,-68951.100111
1762668962.043360,-39041.176438,-44405.788183,-46810.194850,-68962.164223
1762668962.032686,-39059.486240,-44419.903308,-46815.153211,-68963.691592
1762668962.036686,-39009.895176,-44379.848987,-46803.709120,-68949.952722
1762668962.041510,-38966.789842,-44329.877943,-46786.163002,-68935.841322
1762668962.045510,-38989.294320,-44341.702014,-46790.357679,-68943.850696
1762668962.041510,-39049.565792,-44389.385730,-46805.616468,-68962.544203
1762668962.045510,-39069.022983,-44414.944947,-46815.536916,-68973.228335
1762668962.052011,-39000.358433,-44351.238757,-46796.463430,-68953.007460
1762668962.056011,-38956.489414,-44305.462390,-46777.006239,-68937.748671
1762668962.067447,-38987.006992,-44336.743653,-46783.491969,-68947.285414
1762668962.071447,-39044.991136,-44387.098402,-46804.472804,-68961.784244
1762668962.078264,-39048.042148,-44392.056763,-46804.852784,-68962.924182
1762668962.082263,-38972.891867,-44327.970594,-46779.297292,-68938.508630
1762668962.078264,-38944.661617,-44312.328100,-46775.098890,-68935.841322
1762668962.082263,-38967.549801,-44324.915856,-46778.533608,-68943.090737
1762668962.082559,-39014.853537,-44363.826513,-46793.408692,-68954.154849
1762668962.086559,-39025.153965,-44372.983277,-46799.514443,-68954.914808
1762668962.116977,-38972.128183,-44337.507337,-46785.779297,-68942.323327
1762668962.120977,-38940.086961,-44301.647693,-46770.904213,-68932.026625
1762668962.116977,-38981.664926,-44323.772192,-46780.440956,-68941.563368
1762668962.120977,-39044.607431,-44385.191053,-46802.945435,-68961.016834
1762668962.124978,-39060.249925,-44411.510229,-46812.865883,-68966.358900
1762668962.128978,-38996.160030,-44360.395521,-46791.885048,-68951.860070
1762668962.116977,-38960.684091,-44327.586889,-46780.440956,-68944.618106
1762668962.120977,-39016.760886,-44373.363256,-46800.658107,-68961.396813
1762668962.133606,-39077.796042,-44425.625354,-46822.782606,-68977.423012
1762668962.137606,-39078.939706,-44432.491064,-46822.018921,-68977.423012
1762668962.133606,-39008.367807,-44366.877526,-46796.463430,-68954.534829
1762668962.137606,-38990.437984,-44346.280396,-46791.885048,-68947.665393
1762668962.150536,-39017.904550,-44360.775501,-46795.316041,-68953.387439
1762668962.154536,-39075.125009,-44404.264539,-46808.287501,-68967.506289
1762668962.156088,-39076.268673,-44411.510229,-46810.958534,-68968.646228
1762668962.160088,-39020.955563,-44369.548559,-46795.699745,-68954.534829
1762668962.166540,-38969.840854,-44317.670166,-46778.913587,-68941.183388
1762668962.170540,-38991.201669,-44332.928956,-46780.440956,-68946.138024
1762668962.166540,-39034.690708,-44380.612671,-46793.408692,-68959.489465
1762668962.170540,-39050.713181,-44408.079237,-46805.616468,-68966.738880
1762668962.181069,-38984.715939,-44347.804040,-46785.019338,-68943.850696
1762668962.185069,-38938.559592,-44300.120324,-46764.798462,-68929.359317
1762668962.181069,-38972.128183,-44331.021607,-46775.862575,-68940.803409
1762668962.185069,-39027.824998,-44380.992651,-46793.408692,-68957.582116
1762668962.205664,-39041.936398,-44391.293079,-46799.130738,-68959.109485
1762668962.209664,-38973.271847,-44329.877943,-46776.626259,-68936.221302
1762668962.205664,-38945.425302,-44315.379113,-46768.613160,-68933.553994
1762668962.209664,-38979.377598,-44333.692640,-46774.718910,-68943.850696
1762668962.211095,-39038.505405,-44379.469007,-46794.936061,-68957.969546
1762668962.215095,-39051.856846,-44395.487756,-46803.709120,-68962.164223
1762668962.226296,-39004.936814,-44361.539185,-46791.885048,-68951.480091
1762668962.230296,-38961.827755,-44320.341200,-46778.149903,-68940.035999
1762668962.227915,-39001.882076,-44345.136732,-46789.593995,-68948.432803
1762668962.231915,-39073.981345,-44403.880835,-46815.916896,-68967.506289
1762668962.241650,-39084.661752,-44428.296387,-46822.782606,-68973.608315
1762668962.245650,-39018.668234,-44371.075928,-46802.185476,-68956.062198
1762668962.241650,-38980.901241,-44326.443225,-46789.214015,-68943.090737
1762668962.245650,-39022.482932,-44363.062829,-46803.329140,-68957.969546
1762668962.257340,-39072.837681,-44414.561242,-46822.402626,-68975.895643
1762668962.261340,-39077.416062,-44423.338026,-46825.833619,-68979.330361
1762668962.266646,-39011.418819,-44361.155480,-46805.236489,-68961.016834
1762668962.270646,-38990.437984,-44344.373047,-46797.223389,-68956.822157
1762668962.274647,-39013.326168,-44358.488172,-46797.607094,-68960.256875
1762668962.278646,-39056.051522,-44391.673058,-46808.667481,-68966.738880
1762668962.266646,-39054.527879,-44392.056763,-46810.194850,-68960.256875
1762668962.270646,-38993.872702,-44348.567724,-46786.926687,-68944.230676
1762668962.286170,-38947.332650,-44300.504029,-46768.233180,-68927.064538
1762668962.290169,-38968.313485,-44316.142797,-46770.904213,-68932.026625
1762668962.286170,-39018.668234,-44361.539185,-46786.926687,-68948.812783
1762668962.290169,-39037.361741,-44389.385730,-46797.607094,-68954.154849
1762668962.306589,-38963.355124,-44326.443225,-46774.335206,-68934.313953
1762668962.310589,-38926.735520,-44279.139489,-46755.645424,-68921.342492
1762668962.306589,-38977.470249,-44318.433851,-46766.705811,-68933.174014
1762668962.310589,-39034.690708,-44369.548559,-46788.834035,-68949.572742
1762668962.307498,-39043.463767,-44381.376356,-46792.265028,-68949.192762
1762668962.311498,-38965.262473,-44319.193810,-46769.760549,-68926.304579
1762668962.317175,-38944.661617,-44308.897108,-46765.562147,-68925.924599
1762668962.321175,-38983.572274,-44328.730553,-46775.482595,-68936.601281
1762668962.327214,-39029.348642,-44365.733862,-46785.779297,-68947.665393
1762668962.331214,-39042.700082,-44374.126941,-46793.028712,-68947.285414
1762668962.347393,-38982.428610,-44337.887317,-46778.913587,-68937.368691
1762668962.351393,-38945.425302,-44300.884008,-46759.840101,-68927.064538
1762668962.347393,-38972.511888,-44318.433851,-46767.089516,-68933.933973
1762668962.351393,-39020.575583,-44368.784875,-46785.019338,-68949.952722
1762668962.360873,-39026.677608,-44385.571033,-46793.028712,-68953.767419
1762668962.364873,-38964.882493,-44330.257922,-46773.191541,-68935.081363
1762668962.360873,-38926.351815,-44291.347265,-46758.696437,-68927.064538
1762668962.364873,-38975.179195,-44339.030981,-46773.191541,-68943.090737
1762668962.371593,-39032.399654,-44389.385730,-46795.699745,-68957.202137
1762668962.375593,-39034.307003,-44393.580407,-46798.750758,-68957.582116
1762668962.377626,-38957.253098,-44327.586889,-46773.191541,-68936.988711
1762668962.381626,-38934.364915,-44313.091785,-46764.038503,-68934.313953
1762668962.394271,-38962.975144,-44332.545251,-46764.798462,-68943.850696
1762668962.398271,-39015.617222,-44379.469007,-46782.728285,-68957.582116
1762668962.394271,-39025.533944,-44394.727796,-46787.306666,-68958.729506
1762668962.398271,-38966.406137,-44359.248132,-46772.047877,-68944.998085
1762668962.399415,-38933.217525,-44321.484864,-46760.223806,-68933.933973
1762668962.403415,-38964.882493,-44335.979968,-46767.089516,-68937.748671
1762668962.399415,-39029.732347,-44395.107776,-46790.357679,-68955.294788
1762668962.403415,-39053.000510,-44417.995960,-46800.658107,-68958.729506
1762668962.419681,-38987.386972,-44348.187745,-46775.482595,-68936.221302
1762668962.423681,-38942.754269,-44297.832996,-46758.696437,-68922.489882
1762668962.419681,-38983.955979,-44331.785291,-46773.191541,-68934.693933
1762668962.423681,-39032.019675,-44376.034290,-46792.648733,-68947.285414
1762668962.440199,-39031.639695,-44375.654310,-46792.648733,-68946.138024
1762668962.444199,-38953.054696,-44304.698706,-46766.325831,-68923.249841
1762668962.450283,-38934.744895,-44286.388904,-46762.511134,-68922.489882
1762668962.454283,-38962.975144,-44302.027673,-46771.284193,-68931.266665
1762668962.450283,-39011.038840,-44348.187745,-46783.871949,-68943.470716
1762668962.454283,-39015.997201,-44364.970177,-46792.265028,-68946.525455
1762668962.460349,-38950.767368,-44314.999133,-46777.389944,-68930.119276
1762668962.464349,-38914.527744,-44270.750135,-46764.418483,-68916.767836
1762668962.460349,-38949.239999,-44295.161963,-46770.140529,-68927.831948
1762668962.464349,-39011.802524,-44358.104467,-46793.028712,-68951.100111
1762668962.491030,-39020.575583,-44382.136315,-46803.709120,-68956.062198
1762668962.495030,-38954.962045,-44324.155897,-46781.204641,-68935.461342
1762668962.499677,-38922.537118,-44288.296252,-46767.469496,-68926.304579
1762668962.503677,-38968.697190,-44337.887317,-46786.163002,-68941.943347
1762668962.501413,-39028.968662,-44393.580407,-46807.523817,-68958.349526
1762668962.505413,-39033.163339,-44401.593506,-46809.814870,-68957.582116
1762668962.512205,-38958.013058,-44342.465699,-46784.255654,-68936.601281
1762668962.516205,-38953.818381,-44336.359948,-46781.204641,-68932.786584
1762668962.520205,-38986.623287,-44363.062829,-46785.399318,-68939.656019
1762668962.524205,-39043.083787,-44403.880835,-46801.038086,-68953.767419
1762668962.513438,-39048.805833,-44407.315552,-46801.421791,-68954.154849
1762668962.517438,-38988.530636,-44359.631836,-46784.635633,-68938.128650
1762668962.537920,-38952.291012,-44317.670166,-46768.613160,-68925.544620
1762668962.541920,-38973.271847,-44326.063246,-46772.811562,-68928.211927
1762668962.541936,-39031.255990,-44373.746961,-46787.686646,-68941.563368
1762668962.545936,-39030.492306,-44379.469007,-46792.648733,-68942.710757
1762668962.549936,-38953.818381,-44308.897108,-46766.705811,-68919.055164
1762668962.553936,-38917.958736,-44266.171753,-46746.488661,-68907.231092
1762668962.541936,-38950.003684,-44303.935021,-46758.696437,-68922.109902
1762668962.545936,-38995.016366,-44350.858778,-46777.769923,-68937.748671
1762668962.552139,-39001.122117,-44358.104467,-46785.779297,-68939.656019
1762668962.556139,-38932.073861,-44296.305627,-46763.654798,-68920.962512
1762668962.562364,-38916.815072,-44282.194227,-46761.367470,-68920.202553
1762668962.566364,-38951.531053,-44302.411377,-46770.140529,-68926.684558
1762668962.573341,-39003.409445,-44353.146106,-46789.977700,-68945.378065
1762668962.577341,-39008.751512,-44364.970177,-46795.699745,-68949.952722
1762668962.593104,-38945.809007,-44316.142797,-46780.820936,-68933.553994
1762668962.597104,-38914.144039,-44284.861535,-46765.182167,-68925.924599
1762668962.593104,-38951.531053,-44310.420752,-46775.862575,-68936.221302
1762668962.597104,-39016.760886,-44371.839613,-46799.894422,-68954.154849
1762668962.600467,-39026.677608,-44397.778809,-46807.143837,-68957.202137
1762668962.604467,-38962.211460,-44342.845678,-46785.779297,-68940.035999
1762668962.600467,-38935.508579,-44310.420752,-46772.047877,-68932.026625
1762668962.604467,-38989.678025,-44365.353882,-46789.593995,-68951.100111
1762668962.613812,-39048.805833,-44419.523329,-46813.629568,-68969.026208
1762668962.617812,-39049.949497,-44427.532703,-46817.060560,-68967.886269
1762668962.617412,-38992.345333,-44366.877526,-46794.556081,-68941.943347
1762668962.621412,-38977.850229,-44345.896691,-46786.926687,-68933.553994
1762668962.629287,-39006.080478,-44358.104467,-46792.648733,-68936.988711
1762668962.633287,-39059.102535,-44393.580407,-46802.185476,-68944.618106
1762668962.629287,-39054.144174,-44390.913099,-46799.130738,-68940.803409
1762668962.633287,-38990.058005,-44337.887317,-46785.019338,-68924.017251
1762668962.644426,-38949.239999,-44292.874634,-46768.233180,-68912.193179
1762668962.648426,-38974.419236,-44308.897108,-46772.811562,-68917.915225
1762668962.644426,-39017.904550,-44362.302870,-46792.265028,-68936.601281
1762668962.648426,-39020.955563,-44373.363256,-46794.936061,-68938.508630
1762668962.654742,-38949.239999,-44308.513403,-46771.667898,-68917.147815
1762668962.658742,-38908.042014,-44263.880700,-46752.210706,-68904.563785
1762668962.654742,-38943.517953,-44301.647693,-46762.511134,-68917.147815
1762668962.658742,-38993.492723,-44344.753027,-46784.255654,-68932.786584
1762668962.676921,-38994.636387,-44346.660376,-46784.255654,-68932.026625
1762668962.680921,-38923.680782,-44277.995825,-46759.460121,-68909.898400
1762668962.685138,-38909.949362,-44267.695397,-46756.025404,-68909.518421
1762668962.689138,-38941.610605,-44292.110950,-46767.089516,-68918.675184
1762668962.685138,-38988.914341,-44344.753027,-46785.399318,-68935.081363
1762668962.689138,-39009.131491,-44366.877526,-46794.172376,-68941.183388
1762668962.705353,-38957.253098,-44325.299561,-46780.820936,-68930.499256
1762668962.709353,-38925.588131,-44298.596680,-46768.233180,-68927.064538
1762668962.705353,-38973.271847,-44331.021607,-46778.533608,-68935.461342
1762668962.709353,-39039.269090,-44402.357191,-46801.038086,-68959.489465
1762668962.724445,-39056.435227,-44427.912682,-46816.296875,-68966.358900
1762668962.728445,-38987.770677,-44371.455908,-46796.463430,-68946.905434
1762668962.736237,-38966.026157,-44338.651001,-46780.057251,-68937.368691
1762668962.740237,-39022.862911,-44383.663684,-46800.278127,-68950.720131
1762668962.744237,-39075.888693,-44420.666993,-46820.495278,-68960.256875
1762668962.748237,-39074.745029,-44412.653893,-46814.009547,-68955.294788
1762668962.738648,-38991.201669,-44339.030981,-46784.635633,-68929.359317
1762668962.742648,-38967.169821,-44324.535877,-46776.626259,-68926.684558
1762668962.746579,-38991.201669,-44341.322035,-46783.871949,-68932.786584
1762668962.750579,-39035.454392,-44378.321618,-46797.607094,-68946.905434
1762668962.746579,-39039.269090,-44382.900000,-46801.421791,-68947.665393
1762668962.750579,-38973.271847,-44329.877943,-46784.255654,-68929.739296
1762668962.767384,-38939.703256,-44291.347265,-46768.996865,-68915.240467
1762668962.771384,-38967.933506,-44303.935021,-46771.284193,-68919.055164
1762668962.776862,-39020.195603,-44352.766126,-46788.834035,-68931.646645
1762668962.780862,-39016.760886,-44357.724488,-46792.265028,-68930.879235
1762668962.776862,-38946.568966,-44295.161963,-46769.376844,-68911.425769
1762668962.780862,-38910.329342,-44255.107641,-46747.632325,-68900.361657
1762668962.776862,-38958.776742,-44301.267713,-46760.223806,-68915.620446
1762668962.780862,-39007.224143,-44350.858778,-46779.677272,-68931.266665
1762668962.797231,-39006.844163,-44358.868152,-46785.779297,-68933.933973
1762668962.801231,-38938.179612,-44298.596680,-46765.562147,-68918.675184
1762668962.824418,-38921.773434,-44294.781983,-46762.891114,-68919.822574
1762668962.828418,-38950.383663,-44319.577515,-46768.233180,-68928.971887
1762668962.824418,-39011.418819,-44368.784875,-46786.542982,-68943.090737
1762668962.828418,-39017.140865,-44381.756335,-46789.593995,-68943.090737
1762668962.832418,-38959.160447,-44335.979968,-46772.047877,-68925.157189
1762668962.836418,-38936.272264,-44315.762818,-46762.131155,-68918.295205
1762668962.827551,-38967.169821,-44347.044080,-46776.242554,-68928.971887
1762668962.831551,-39033.927023,-44412.273914,-46804.092824,-68953.007460
1762668962.837605,-39046.514779,-44420.666993,-46811.338514,-68957.582116
1762668962.841605,-38978.613913,-44358.104467,-46791.501343,-68938.128650
1762668962.837605,-38936.272264,-44311.564416,-46776.242554,-68922.489882
1762668962.841605,-38979.377598,-44346.660376,-46790.741384,-68933.174014
1762668962.847677,-39028.584957,-44388.242066,-46809.431165,-68946.905434
1762668962.851677,-39022.862911,-44389.385730,-46814.773232,-68948.432803
1762668962.858508,-38946.952671,-44322.248548,-46789.977700,-68927.064538
1762668962.862508,-38935.508579,-44313.091785,-46786.926687,-68928.211927
1762668962.874792,-38968.697190,-44332.165271,-46794.936061,-68935.081363
1762668962.878792,-39019.811898,-44374.890625,-46815.916896,-68949.572742
1762668962.878285,-39030.112326,-44389.005750,-46821.258962,-68954.534829
1762668962.882285,-38979.377598,-44349.711388,-46807.523817,-68944.618106
1762668962.886285,-38942.754269,-44308.513403,-46785.399318,-68931.646645
1762668962.890285,-38974.799216,-44327.970594,-46793.408692,-68938.128650
1762668962.888398,-39040.412754,-44395.107776,-46816.296875,-68962.544203
1762668962.892398,-39044.607431,-44404.644519,-46822.402626,-68967.506289
1762668962.907557,-38980.901241,-44348.187745,-46801.801771,-68949.572742
1762668962.911557,-38958.013058,-44319.193810,-46786.163002,-68941.943347
1762668962.907557,-39010.658860,-44375.654310,-46799.130738,-68962.164223
1762668962.911557,-39054.144174,-44423.338026,-46817.444265,-68978.950381
1762668962.915558,-39062.917233,-44435.542077,-46824.689955,-68982.765079
1762668962.919558,-39000.738412,-44387.098402,-46806.760132,-68967.506289
1762668962.927555,-38990.058005,-44386.714697,-46800.278127,-68969.413638
1762668962.931555,-39024.010301,-44406.171888,-46807.143837,-68980.090320
1762668962.927555,-39080.847055,-44448.893517,-46827.360988,-68993.061781
1762668962.931555,-39081.610739,-44450.420886,-46831.939369,-68991.534412
1762668962.938558,-39002.645761,-44387.098402,-46809.431165,-68970.553577
1762668962.942558,-38968.313485,-44348.951429,-46794.172376,-68957.202137
1762668962.949172,-38997.307420,-44365.353882,-46805.236489,-68960.256875
1762668962.953171,-39053.380489,-44417.615980,-46825.073659,-68978.562951
1762668962.962493,-39049.949497,-44418.375939,-46831.175685,-68975.895643
1762668962.966493,-38969.077170,-44348.951429,-46811.338514,-68950.340152
1762668962.962493,-38935.124874,-44309.277087,-46797.987074,-68940.415978
1762668962.966493,-38984.715939,-44352.002442,-46809.814870,-68956.822157
1762668962.968590,-39035.834372,-44398.922473,-46832.319349,-68968.266249
1762668962.972590,-39038.885385,-44400.829822,-46837.661415,-68966.738880
1762668962.968590,-38966.026157,-44336.359948,-46811.338514,-68946.138024
1762668962.972590,-38955.345750,-44328.350574,-46810.194850,-68946.138024
1762668962.989158,-38993.492723,-44354.289770,-46820.111573,-68955.294788
1762668962.993158,-39046.134800,-44399.686158,-46835.754067,-68967.506289
1762668962.993192,-39043.463767,-44409.222901,-46842.239797,-68972.080946
1762668962.997192,-38983.192295,-44363.826513,-46823.546290,-68962.164223
1762668963.004577,-38968.697190,-44337.887317,-46812.482178,-68954.914808
1762668963.008577,-39003.409445,-44362.302870,-46822.782606,-68964.451551
1762668963.004577,-39070.546627,-44426.389039,-46842.999756,-68985.432386
1762668963.008577,-39073.217660,-44434.782118,-46847.198159,-68983.905017
1762668963.019383,-39004.553109,-44372.599572,-46826.597303,-68960.636854
1762668963.023383,-38992.729038,-44345.136732,-46814.773232,-68949.192762
1762668963.019383,-39041.176438,-44401.973486,-46828.504652,-68967.886269
1762668963.023383,-39097.249508,-44455.379248,-46844.907105,-68983.145058
1762668963.029389,-39083.518088,-44456.906617,-46847.198159,-68980.090320
1762668963.033389,-39012.946188,-44393.580407,-46821.258962,-68958.729506
1762668963.049292,-38995.780051,-44378.705323,-46814.389527,-68957.969546
1762668963.053292,-39024.010301,-44397.395104,-46822.402626,-68961.016834
1762668963.049292,-39071.694016,-44437.069446,-46841.476113,-68972.840905
1762668963.053292,-39068.259299,-44432.874769,-46840.712428,-68971.320987
1762668963.059520,-38996.923715,-44368.784875,-46821.258962,-68955.294788
1762668963.063520,-38970.220834,-44334.452599,-46811.338514,-68946.138024
1762668963.059520,-38996.543735,-44349.331409,-46815.536916,-68953.767419
1762668963.063520,-39054.527879,-44409.986585,-46835.754067,-68972.460926
1762668963.079912,-39046.898484,-44411.130250,-46836.517751,-68970.553577
1762668963.083912,-38969.077170,-44340.174645,-46816.680580,-68947.665393
1762668963.083140,-38937.415928,-44302.411377,-46807.907522,-68936.601281
1762668963.087140,-38998.451084,-44357.724488,-46820.495278,-68956.062198
1762668963.105795,-39047.278464,-44403.500855,-46834.610403,-68971.320987
1762668963.109795,-39035.454392,-44398.922473,-46835.370362,-68969.413638
1762668963.112520,-38961.067796,-44337.887317,-46810.958534,-68944.998085
1762668963.116520,-38956.105709,-44331.785291,-46810.574830,-68943.470716
1762668963.120520,-38997.687399,-44353.146106,-46818.587929,-68954.914808
1762668963.124520,-39041.556418,-44398.542494,-46832.319349,-68968.646228
1762668963.112520,-39054.527879,-44413.801283,-46835.370362,-68973.228335
1762668963.116520,-38999.214768,-44370.312244,-46820.111573,-68957.202137
1762668963.126191,-38975.179195,-44343.989342,-46806.760132,-68948.045373
1762668963.130191,-39015.997201,-44370.312244,-46814.009547,-68956.062198
1762668963.126191,-39077.032357,-44433.254749,-46839.948744,-68977.423012
1762668963.130191,-39067.115635,-44430.967420,-46840.332448,-68977.043033
1762668963.140862,-38997.307420,-44366.497546,-46814.009547,-68956.442177
1762668963.144861,-38959.920406,-44324.535877,-46798.370779,-68942.323327
1762668963.142300,-39021.719247,-44367.641211,-46815.153211,-68954.154849
1762668963.146300,-39069.786668,-44411.893934,-46829.648316,-68966.358900
1762668963.151131,-39057.195187,-44401.593506,-46831.555665,-68965.978920
1762668963.155131,-38987.386972,-44335.599989,-46809.814870,-68943.090737
1762668963.171652,-38973.271847,-44326.443225,-46802.565455,-68943.470716
1762668963.175652,-39005.316794,-44351.618737,-46809.814870,-68955.674767
1762668963.171652,-39056.815207,-44395.107776,-46827.740967,-68970.933557
1762668963.175652,-39052.620530,-44398.542494,-46829.648316,-68970.933557
1762668963.181710,-38976.326585,-44340.174645,-46809.051186,-68951.480091
1762668963.185710,-38947.716355,-44310.040772,-46796.079725,-68940.803409
1762668963.193712,-38980.141282,-44327.586889,-46802.185476,-68943.470716
1762668963.197712,-39048.042148,-44391.293079,-46827.360988,-68961.016834
1762668963.202552,-39035.834372,-44389.385730,-46825.073659,-68957.582116
1762668963.206552,-38959.540427,-44325.679541,-46802.185476,-68935.461342
1762668963.213343,-38945.425302,-44298.596680,-46790.741384,-68928.971887
1762668963.217343,-38995.400071,-44353.526086,-46806.760132,-68948.812783
1762668963.221343,-39042.320102,-44403.117150,-46824.689955,-68964.071572
1762668963.225343,-39037.741721,-44399.302453,-46825.453639,-68964.451551
1762668963.217043,-38969.840854,-44339.794666,-46804.092824,-68944.618106
1762668963.221043,-38956.105709,-44337.887317,-46799.514443,-68947.285414
1762668963.222730,-38993.492723,-44362.682849,-46809.431165,-68954.914808
1762668963.226730,-39050.329477,-44405.788183,-46829.268336,-68966.358900
1762668963.232795,-39057.958871,-44412.273914,-46830.795705,-68965.598941
1762668963.236794,-38997.307420,-44358.488172,-46810.574830,-68948.432803
1762668963.244874,-38963.355124,-44322.628528,-46799.514443,-68938.896060
1762668963.248874,-39001.122117,-44346.660376,-46805.236489,-68947.285414
1762668963.244874,-39065.588266,-44409.986585,-46827.360988,-68968.266249
1762668963.248874,-39052.620530,-44404.644519,-46830.795705,-68965.598941
1762668963.260039,-38980.901241,-44337.123632,-46807.523817,-68945.378065
1762668963.264039,-38956.869394,-44306.226075,-46794.172376,-68938.896060
1762668963.284364,-39011.038840,-44356.580824,-46810.574830,-68957.202137
1762668963.288364,-39054.527879,-44393.580407,-46831.939369,-68969.413638
1762668963.285806,-39043.463767,-44387.858361,-46831.555665,-68967.118859
1762668963.289806,-38970.984519,-44327.970594,-46809.431165,-68946.138024
1762668963.293806,-38951.147348,-44313.471764,-46805.236489,-68943.470716
1762668963.297806,-38992.345333,-44343.229383,-46814.009547,-68955.674767
1762668963.285806,-39039.269090,-44382.520020,-46826.597303,-68964.451551
1762668963.289806,-39034.690708,-44390.149415,-46830.795705,-68962.544203
1762668963.305088,-38977.086544,-44345.516711,-46813.245863,-68947.665393
1762668963.309088,-38961.067796,-44318.433851,-46807.523817,-68940.803409
1762668963.305088,-39015.997201,-44352.002442,-46819.351614,-68951.100111
1762668963.309088,-39081.230760,-44419.139624,-46841.092408,-68972.080946
1762668963.316962,-39071.694016,-44420.283288,-46838.041395,-68971.700966
1762668963.320961,-38991.585374,-44356.197119,-46810.958534,-68949.952722
1762668963.316962,-38971.748203,-44328.350574,-46797.607094,-68940.415978
1762668963.320961,-39020.575583,-44377.177954,-46813.629568,-68958.349526
1762668963.335688,-39061.773568,-44415.708631,-46827.360988,-68969.413638
1762668963.339688,-39047.278464,-44405.788183,-46824.689955,-68965.598941
1762668963.335688,-38977.470249,-44343.609363,-46800.658107,-68945.378065
1762668963.339688,-38965.262473,-44332.545251,-46791.885048,-68943.090737
1762668963.351378,-38998.831064,-44348.567724,-46802.185476,-68947.665393
1762668963.355378,-39047.278464,-44379.469007,-46820.875257,-68957.202137
1762668963.351378,-39036.978036,-44379.848987,-46820.495278,-68957.202137
1762668963.355378,-38975.179195,-44334.072620,-46802.945435,-68941.563368
1762668963.381128,-38959.160447,-44308.133423,-46795.316041,-68936.221302
1762668963.385128,-38999.214768,-44330.637902,-46804.092824,-68946.525455
1762668963.386549,-39063.300937,-44396.635145,-46827.740967,-68970.173597
1762668963.390549,-39056.815207,-44396.635145,-46828.124672,-68968.646228
1762668963.394549,-38990.058005,-44333.692640,-46803.709120,-68946.138024
1762668963.398549,-38967.549801,-44303.555042,-46793.408692,-68934.313953
1762668963.396677,-39028.968662,-44360.775501,-46812.865883,-68955.294788
1762668963.400677,-39086.569101,-44409.986585,-46833.846718,-68971.320987
1762668963.397887,-39081.230760,-44411.893934,-46838.041395,-68968.266249
1762668963.401887,-39024.010301,-44359.248132,-46820.495278,-68949.952722
1762668963.406754,-39017.524570,-44350.858778,-46817.824244,-68946.138024
1762668963.410754,-39059.486240,-44387.478381,-46828.124672,-68959.489465
1762668963.406754,-39109.840989,-44434.782118,-46842.619777,-68974.748254
1762668963.410754,-39101.447910,-44444.698840,-46844.907105,-68973.608315
1762668963.427303,-39028.204978,-44400.066137,-46821.638942,-68957.969546
1762668963.431303,-38993.872702,-44375.654310,-46810.194850,-68948.045373
1762668963.437621,-39022.862911,-44396.251440,-46815.536916,-68954.914808
1762668963.441621,-39070.166647,-44448.513538,-46833.083034,-68974.748254
1762668963.445621,-39048.805833,-44430.583715,-46828.504652,-68967.506289
1762668963.449621,-38967.933506,-44356.580824,-46802.945435,-68944.998085
1762668963.437621,-38943.901658,-44314.235449,-46788.070351,-68932.786584
1762668963.441621,-38999.214768,-44357.340783,-46804.852784,-68946.525455
1762668963.447762,-39041.936398,-44390.913099,-46820.111573,-68959.489465
1762668963.451762,-39022.862911,-44374.126941,-46817.444265,-68954.154849
1762668963.457826,-38946.952671,-44310.420752,-46793.028712,-68934.693933
1762668963.461826,-38941.230625,-44302.791357,-46789.593995,-68933.174014
1762668963.478061,-38983.572274,-44328.730553,-46796.843410,-68943.090737
1762668963.482061,-39030.876011,-44368.404895,-46810.574830,-68956.442177
1762668963.478061,-39032.019675,-44376.034290,-46813.629568,-68957.582116
1762668963.482061,-38966.406137,-44323.772192,-46799.130738,-68942.323327
1762668963.486061,-38954.962045,-44301.267713,-46791.501343,-68936.221302
1762668963.490061,-39000.738412,-44331.401587,-46801.801771,-68945.758045
1762668963.478061,-39067.115635,-44399.302453,-46828.888357,-68967.506289
1762668963.482061,-39057.578892,-44399.686158,-46831.939369,-68964.451551
1762668963.498216,-38998.451084,-44340.174645,-46812.102199,-68945.378065
1762668963.502216,-38980.141282,-44318.050146,-46803.329140,-68939.276040
1762668963.518697,-39038.505405,-44372.983277,-46821.638942,-68957.582116
1762668963.522696,-39089.620113,-44413.801283,-46833.463013,-68969.026208
1762668963.528808,-39081.610739,-44414.181262,-46835.754067,-68966.738880
1762668963.532808,-39011.802524,-44364.970177,-46813.629568,-68953.007460
1762668963.536808,-38982.808590,-44348.187745,-46805.616468,-68948.432803
1762668963.540808,-39021.719247,-44377.941638,-46814.389527,-68955.674767
1762668963.528808,-39063.300937,-44414.181262,-46825.833619,-68965.598941
1762668963.532808,-39046.514779,-44410.746545,-46825.453639,-68961.016834
1762668963.538878,-38970.984519,-44345.516711,-46801.421791,-68937.368691
1762668963.542878,-38945.045322,-44310.040772,-46788.070351,-68925.544620
1762668963.538878,-38975.179195,-44325.679541,-46792.648733,-68929.359317
1762668963.542878,-39029.732347,-44384.043664,-46813.245863,-68947.665393
1762668963.569880,-39019.048214,-44372.219592,-46815.153211,-68942.323327
1762668963.573880,-38945.809007,-44307.369739,-46793.792397,-68924.777210
1762668963.569880,-38929.022849,-44284.101576,-46779.297292,-68922.869861
1762668963.573880,-38982.428610,-44333.692640,-46794.936061,-68940.415978
1762668963.577880,-39025.533944,-44375.270605,-46815.916896,-68952.627480
1762668963.581880,-39000.738412,-44360.011816,-46812.865883,-68945.378065
1762668963.569880,-38932.073861,-44296.305627,-46789.977700,-68924.777210
1762668963.573880,-38935.888559,-44294.398278,-46787.686646,-68925.924599
1762668963.590626,-38993.109018,-44325.679541,-46799.894422,-68936.988711
1762668963.594626,-39041.936398,-44366.117567,-46814.773232,-68947.285414
1762668963.590626,-39033.163339,-44373.363256,-46817.060560,-68948.045373
1762668963.594626,-38970.604539,-44323.772192,-46797.607094,-68935.841322
1762668963.611153,-38946.568966,-44307.749718,-46788.070351,-68932.026625
1762668963.615153,-38983.572274,-44332.928956,-46802.945435,-68938.508630
1762668963.621199,-39077.416062,-44401.593506,-46830.032021,-68959.876895
1762668963.625199,-39055.671543,-44397.395104,-46823.546290,-68956.822157
1762668963.629199,-38981.284946,-44339.794666,-46803.709120,-68936.988711
1762668963.633199,-38967.549801,-44322.248548,-46796.079725,-68931.266665
1762668963.631460,-39020.575583,-44377.177954,-46815.153211,-68952.247500
1762668963.635460,-39056.815207,-44411.510229,-46825.833619,-68961.784244
1762668963.631460,-39032.019675,-44390.529394,-46817.824244,-68950.340152
1762668963.635460,-38956.489414,-44323.772192,-46791.885048,-68926.304579
1762668963.641886,-38939.323276,-44302.791357,-46780.057251,-68917.147815
1762668963.645886,-38975.179195,-44326.443225,-46785.779297,-68923.637271
1762668963.652127,-39016.760886,-44362.302870,-46803.709120,-68935.081363
1762668963.656127,-39007.224143,-44362.682849,-46802.565455,-68935.841322
1762668963.662360,-38939.323276,-44302.027673,-46783.871949,-68914.860487
1762668963.666360,-38920.629770,-44273.037463,-46775.098890,-68904.563785
1762668963.662360,-38948.096335,-44290.967286,-46776.626259,-68909.518421
1762668963.666360,-39020.195603,-44359.248132,-46802.565455,-68930.499256
1762668963.672440,-39002.645761,-44353.909791,-46802.945435,-68927.451968
1762668963.676440,-38942.374289,-44294.018298,-46783.871949,-68906.471133
1762668963.682509,-38936.652243,-44277.615845,-46778.149903,-68903.036416
1762668963.686509,-38994.636387,-44334.072620,-46800.658107,-68922.109902
1762668963.692853,-39040.792733,-44373.746961,-46816.296875,-68935.841322
1762668963.696853,-39022.862911,-44366.117567,-46815.536916,-68934.693933
1762668963.692853,-38964.118809,-44317.286462,-46794.556081,-68920.202553
1762668963.696853,-38964.882493,-44322.628528,-46794.172376,-68925.924599
1762668963.702988,-39007.604122,-44359.631836,-46815.153211,-68943.090737
1762668963.706988,-39062.157273,-44403.500855,-46827.360988,-68956.062198
1762668963.723148,-39050.713181,-44408.079237,-46823.926270,-68958.349526
1762668963.727148,-38990.821689,-44353.526086,-46805.616468,-68940.415978
1762668963.731148,-38970.604539,-44329.494238,-46794.936061,-68935.461342
1762668963.735148,-39000.738412,-44356.197119,-46807.907522,-68944.998085
1762668963.723148,-39062.537253,-44416.088611,-46830.032021,-68961.784244
1762668963.727148,-39044.227451,-44393.964112,-46822.782606,-68949.952722
1762668963.733346,-38958.776742,-44316.142797,-46791.885048,-68927.451968
1762668963.737346,-38928.642869,-44282.574207,-46775.482595,-68916.767836
1762668963.753785,-38980.141282,-44330.257922,-46790.741384,-68931.646645
1762668963.757785,-39029.348642,-44366.117567,-46806.380153,-68941.563368
1762668963.753785,-39008.751512,-44352.002442,-46799.130738,-68935.081363
1762668963.757785,-38938.559592,-44294.018298,-46775.098890,-68914.100528
1762668963.764227,-38928.642869,-44285.625219,-46772.047877,-68914.860487
1762668963.768227,-38974.799216,-44318.813831,-46786.163002,-68926.684558
1762668963.764227,-39024.390280,-44357.724488,-46798.370779,-68937.748671
1762668963.768227,-39023.246616,-44358.488172,-46798.750758,-68935.081363
1762668963.784939,-38960.684091,-44303.555042,-46778.533608,-68917.915225
1762668963.788939,-38947.332650,-44289.059937,-46773.955226,-68913.713098
1762668963.784939,-38991.585374,-44322.248548,-46790.741384,-68927.064538
1762668963.788939,-39058.342576,-44392.056763,-46814.773232,-68948.812783
1762668963.805318,-39042.320102,-44387.098402,-46814.389527,-68942.710757
1762668963.809318,-38975.562900,-44327.970594,-46789.977700,-68922.489882
1762668963.805318,-38962.591439,-44316.142797,-46781.964600,-68919.435143
1762668963.809318,-39014.473557,-44375.270605,-46803.709120,-68943.090737
1762668963.815379,-39060.249925,-44418.375939,-46818.587929,-68954.914808
1762668963.819379,-39051.856846,-44405.024499,-46818.204224,-68948.045373
1762668963.817389,-38989.294320,-44355.433434,-46796.843410,-68930.879235
1762668963.821389,-38982.808590,-44347.424060,-46795.316041,-68930.119276
1762668963.825407,-39022.102952,-44370.312244,-46807.143837,-68939.276040
1762668963.829406,-39056.815207,-44396.635145,-46819.731593,-68942.323327
1762668963.825407,-39032.399654,-44389.005750,-46817.060560,-68933.933973
1762668963.829406,-38963.355124,-44321.101159,-46795.316041,-68914.860487
1762668963.845765,-38952.674717,-44287.152588,-46784.635633,-68908.378482
1762668963.849765,-38987.006992,-44307.749718,-46791.885048,-68913.713098
1762668963.845765,-39041.176438,-44367.641211,-46810.958534,-68930.119276
1762668963.849765,-39020.575583,-44348.951429,-46806.000173,-68922.489882
1762668963.855842,-38950.383663,-44286.768883,-46781.204641,-68902.656436
1762668963.859842,-38935.124874,-44267.315418,-46768.613160,-68897.314370
1762668963.876119,-38982.428610,-44320.721179,-46785.399318,-68914.100528
1762668963.880119,-39028.204978,-44363.826513,-46801.038086,-68928.211927
1762668963.876119,-39013.709873,-44352.766126,-46797.987074,-68922.869861
1762668963.880119,-38958.396763,-44305.462390,-46775.862575,-68907.991052
1762668963.899000,-38953.438401,-44300.504029,-46770.904213,-68907.991052
1762668963.903000,-39001.882076,-44333.692640,-46782.348305,-68921.342492
1762668963.899000,-39049.565792,-44374.126941,-46798.370779,-68933.174014
1762668963.903000,-39048.422128,-44382.520020,-46800.658107,-68935.841322
1762668963.906903,-38971.364498,-44321.864843,-46777.769923,-68915.240467
1762668963.910903,-38950.003684,-44302.791357,-46762.511134,-68911.045790
1762668963.907408,-38988.914341,-44333.308935,-46775.482595,-68924.777210
1762668963.911408,-39052.236825,-44405.024499,-46802.945435,-68947.665393
1762668963.917505,-39053.764194,-44401.209801,-46806.380153,-68946.525455
1762668963.921505,-38993.492723,-44344.753027,-46789.214015,-68929.739296
1762668963.917505,-38980.521262,-44331.021607,-46785.019338,-68927.064538
1762668963.921505,-39036.978036,-44385.571033,-46805.236489,-68944.998085
1762668963.926691,-39073.601365,-44422.190636,-46825.073659,-68959.489465
1762668963.930691,-39051.473141,-44398.922473,-46820.875257,-68949.192762
1762668963.937105,-38980.141282,-44331.021607,-46793.028712,-68924.777210
1762668963.941105,-38974.799216,-44323.772192,-46788.834035,-68923.637271
1762668963.947600,-39015.617222,-44347.804040,-46799.894422,-68930.119276
1762668963.951600,-39047.278464,-44372.983277,-46814.773232,-68936.601281
1762668963.957686,-39028.204978,-44366.877526,-46810.958534,-68934.693933
1762668963.961686,-38955.725729,-44303.555042,-46788.834035,-68914.480507
1762668963.965686,-38949.239999,-44289.439917,-46782.348305,-68912.193179
1762668963.969686,-38992.345333,-44317.286462,-46794.936061,-68924.777210
1762668963.967731,-39047.278464,-44379.848987,-46815.916896,-68944.230676
1762668963.971731,-39020.195603,-44367.641211,-46814.389527,-68940.035999
1762668963.988510,-38962.211460,-44305.082411,-46796.079725,-68922.869861
1762668963.992510,-38961.827755,-44288.676232,-46790.357679,-68918.675184
1762668963.988510,-39018.668234,-44343.609363,-46809.814870,-68936.601281
1762668963.992510,-39057.578892,-44379.469007,-46827.740967,-68948.432803
1762668963.988510,-39048.805833,-44368.024915,-46826.217324,-68942.710757
1762668963.992510,-38987.386972,-44321.484864,-46802.185476,-68928.211927
1762668964.008895,-38982.048631,-44316.142797,-46796.843410,-68927.064538
1762668964.012895,-39029.732347,-44359.631836,-46813.245863,-68942.323327
1762668964.008895,-39080.847055,-44411.893934,-46833.083034,-68965.978920
1762668964.012895,-39077.032357,-44427.152723,-46835.370362,-68971.700966
1762668964.019267,-39031.639695,-44385.191053,-46822.782606,-68956.442177
1762668964.023267,-39019.048214,-44374.506921,-46815.536916,-68958.729506
1762668964.019267,-39059.866220,-44404.264539,-46826.981008,-68970.173597
1762668964.023267,-39118.230343,-44462.628663,-46852.536500,-68988.099694
1762668964.039500,-39094.198495,-44440.884143,-46848.341823,-68978.182971
1762668964.043500,-39009.131491,-44370.312244,-46823.166311,-68954.534829
1762668964.039500,-39002.645761,-44355.817139,-46816.680580,-68950.720131
1762668964.043500,-39057.958871,-44403.500855,-46828.888357,-68968.266249
1762668964.049551,-39092.674851,-44430.203736,-46844.147146,-68972.840905
1762668964.053550,-39054.144174,-44401.973486,-46837.661415,-68961.396813
1762668964.049551,-38982.048631,-44342.845678,-46818.587929,-68943.850696
1762668964.053550,-38982.428610,-44335.599989,-46815.916896,-68943.090737
1762668964.079796,-39022.862911,-44359.248132,-46825.073659,-68949.192762
1762668964.083796,-39058.342576,-44392.820448,-46836.517751,-68954.914808
1762668964.079796,-39048.805833,-44387.858361,-46838.805079,-68953.007460
1762668964.083796,-38978.613913,-44324.915856,-46813.629568,-68930.879235
1762668964.087796,-38966.789842,-44306.606054,-46806.000173,-68926.304579
1762668964.091796,-39011.038840,-44333.692640,-46814.389527,-68933.553994
1762668964.100331,-39069.786668,-44396.251440,-46838.041395,-68951.480091
1762668964.104331,-39038.505405,-44376.797974,-46831.175685,-68941.563368
1762668964.100331,-38964.882493,-44314.999133,-46806.380153,-68920.202553
1762668964.104331,-38956.869394,-44305.082411,-46800.278127,-68918.675184
1762668964.110703,-39018.288255,-44354.673475,-46813.245863,-68936.601281
1762668964.114702,-39068.259299,-44399.302453,-46826.217324,-68949.952722
1762668964.118037,-39044.991136,-44389.765710,-46822.018921,-68943.090737
1762668964.122037,-38987.770677,-44350.475073,-46799.514443,-68933.174014
1762668964.131183,-38983.192295,-44356.960803,-46797.223389,-68937.748671
1762668964.135183,-39033.163339,-44394.344091,-46807.907522,-68951.860070
1762668964.131183,-39083.518088,-44438.213110,-46823.166311,-68965.211511
1762668964.135183,-39065.588266,-44443.171471,-46825.073659,-68961.396813
1762668964.141259,-38999.214768,-44380.992651,-46804.092824,-68941.563368
1762668964.145259,-38985.863328,-44352.766126,-46799.514443,-68934.313953
1762668964.141259,-39021.719247,-44372.983277,-46809.814870,-68940.035999
1762668964.145259,-39075.508714,-44434.782118,-46834.610403,-68961.396813
1762668964.161628,-39046.134800,-44406.551868,-46826.981008,-68950.720131
1762668964.165628,-38974.035531,-44330.637902,-46794.556081,-68922.489882
1762668964.161628,-38958.396763,-44310.420752,-46794.172376,-68917.527795
1762668964.165628,-39011.418819,-44358.488172,-46814.773232,-68934.693933
1762668964.182158,-39052.236825,-44390.529394,-46827.740967,-68946.525455
1762668964.186157,-39033.163339,-44371.455908,-46825.073659,-68936.988711
1762668964.182158,-38966.406137,-44320.721179,-46801.801771,-68918.675184
1762668964.186157,-38962.591439,-44314.235449,-46797.607094,-68922.869861
1762668964.190158,-39007.604122,-44343.609363,-46809.431165,-68933.933973
1762668964.194158,-39047.278464,-44382.900000,-46820.875257,-68943.470716
1762668964.192371,-39027.061313,-44386.714697,-46824.309975,-68940.803409
1762668964.196371,-38955.725729,-44321.484864,-46802.945435,-68920.582533
1762668964.202807,-38955.345750,-44307.369739,-46793.792397,-68917.915225
1762668964.206807,-39007.604122,-44337.887317,-46802.945435,-68928.591907
1762668964.222963,-39067.879319,-44404.264539,-46829.648316,-68949.192762
1762668964.226963,-39047.658443,-44388.242066,-46825.833619,-68940.803409
1762668964.233057,-38979.757577,-44331.785291,-46804.092824,-68920.202553
1762668964.237057,-38978.613913,-44326.063246,-46798.370779,-68919.055164
1762668964.241057,-39033.163339,-44377.561659,-46815.916896,-68936.988711
1762668964.245057,-39085.425436,-44425.625354,-46832.703054,-68948.432803
1762668964.233057,-39056.815207,-44401.973486,-46826.597303,-68939.276040
1762668964.237057,-38991.585374,-44347.804040,-46801.801771,-68922.869861
1762668964.243360,-38987.006992,-44336.359948,-46797.223389,-68920.962512
1762668964.247360,-39026.677608,-44362.302870,-46805.616468,-68930.119276
1762668964.243360,-39069.786668,-44392.820448,-46822.782606,-68937.368691
1762668964.247360,-39048.422128,-44387.098402,-46823.166311,-68933.933973
1762668964.274167,-38969.840854,-44319.577515,-46795.699745,-68913.713098
1762668964.278167,-38951.911032,-44301.647693,-46784.635633,-68909.518421
1762668964.274167,-38991.585374,-44326.823205,-46792.265028,-68916.387856
1762668964.278167,-39040.412754,-44385.191053,-46816.296875,-68930.499256
1762668964.282167,-39011.802524,-44363.446534,-46811.722219,-68924.017251
1762668964.286167,-38940.086961,-44294.018298,-46786.926687,-68904.943764
1762668964.274167,-38936.652243,-44281.810522,-46780.440956,-68900.749087
1762668964.278167,-39004.173130,-44335.599989,-46802.185476,-68918.675184
1762668964.294278,-39049.565792,-44371.455908,-46817.444265,-68930.119276
1762668964.298278,-39024.010301,-44351.238757,-46812.865883,-68922.489882
1762668964.294278,-38965.262473,-44305.462390,-46792.265028,-68907.991052
1762668964.298278,-38964.882493,-44308.513403,-46789.214015,-68911.425769
1762668964.304497,-39010.658860,-44345.516711,-46801.801771,-68923.637271
1762668964.308496,-39062.917233,-44385.191053,-46816.296875,-68936.601281
1762668964.314702,-39051.856846,-44395.871460,-46818.587929,-68939.276040
1762668964.318702,-38987.770677,-44342.845678,-46796.843410,-68919.822574
1762668964.324847,-38980.521262,-44330.257922,-46789.593995,-68917.147815
1762668964.328847,-39024.390280,-44362.682849,-46802.565455,-68928.591907
1762668964.335048,-39083.898067,-44429.060072,-46826.981008,-68948.812783
1762668964.339048,-39045.751095,-44402.357191,-46817.824244,-68937.748671
1762668964.335048,-38981.284946,-44337.887317,-46795.699745,-68916.767836
1762668964.339048,-38975.179195,-44321.864843,-46788.450330,-68913.333118
1762668964.355158,-39021.719247,-44361.155480,-46801.421791,-68927.831948
1762668964.359158,-39058.342576,-44394.727796,-46816.680580,-68936.221302
1762668964.365468,-39022.862911,-44366.497546,-46804.092824,-68925.924599
1762668964.369468,-38961.067796,-44310.040772,-46782.348305,-68910.665810
1762668964.373468,-38957.253098,-44300.504029,-46781.204641,-68911.805749
1762668964.377468,-38991.585374,-44327.206910,-46794.556081,-68919.435143
1762668964.365468,-39032.019675,-44361.539185,-46807.523817,-68927.831948
1762668964.369468,-39024.390280,-44365.353882,-46808.287501,-68926.684558
1762668964.386153,-38951.911032,-44300.504029,-46786.542982,-68908.378482
1762668964.390153,-38941.610605,-44281.046838,-46777.389944,-68903.796375
1762668964.386153,-38985.863328,-44316.142797,-46789.593995,-68911.425769
1762668964.390153,-39041.936398,-44377.177954,-46811.722219,-68928.971887
1762668964.406521,-39012.946188,-44352.766126,-46806.000173,-68919.055164
1762668964.410521,-38953.438401,-44292.874634,-46784.635633,-68902.269006
1762668964.406521,-38953.818381,-44293.254614,-46780.440956,-68905.323744
1762668964.410521,-39017.524570,-44354.289770,-46800.658107,-68925.157189
1762668964.406521,-39071.310312,-44398.922473,-46818.967909,-68939.276040
1762668964.410521,-39045.751095,-44378.705323,-46811.722219,-68932.026625
1762668964.417937,-38996.160030,-44340.174645,-46794.556081,-68920.582533
1762668964.421937,-38996.160030,-44345.896691,-46797.607094,-68919.435143
1762668964.427209,-39035.070688,-44378.321618,-46806.000173,-68928.211927
1762668964.431209,-39067.115635,-44406.551868,-46812.482178,-68935.841322
1762668964.427209,-39041.556418,-44402.357191,-46806.760132,-68932.026625
1762668964.431209,-38970.604539,-44334.072620,-46780.820936,-68909.898400
1762668964.437474,-38957.633078,-44310.420752,-46770.904213,-68901.889026
1762668964.441474,-38995.780051,-44331.401587,-46782.728285,-68908.378482
1762668964.457938,-39050.713181,-44386.714697,-46804.852784,-68926.684558
1762668964.461938,-39012.182504,-44356.580824,-46797.987074,-68913.333118
1762668964.468020,-38947.716355,-44292.110950,-46774.718910,-68892.732263
1762668964.472020,-38943.901658,-44284.101576,-46772.811562,-68892.732263
1762668964.488574,-38998.067379,-44329.494238,-46789.593995,-68907.611072
1762668964.492573,-39056.051522,-44372.219592,-46810.194850,-68920.962512
1762668964.488574,-39021.719247,-44350.095093,-46801.421791,-68914.480507
1762668964.492573,-38960.304111,-44296.689332,-46775.862575,-68896.166980
1762668964.488574,-38954.582065,-44289.439917,-46770.904213,-68895.407021
1762668964.492573,-38997.307420,-44331.401587,-46785.399318,-68907.991052
1762668964.496574,-39043.843746,-44371.455908,-46802.565455,-68919.435143
1762668964.500574,-39029.348642,-44365.733862,-46799.514443,-68917.527795
1762668964.508735,-38962.211460,-44309.277087,-46778.149903,-68898.454309
1762668964.512735,-38970.604539,-44307.749718,-46777.006239,-68899.981678
1762668964.508735,-39020.575583,-44342.081994,-46792.648733,-68912.573159
1762668964.512735,-39096.869528,-44419.903308,-46823.926270,-68934.693933
1762668964.518869,-39063.300937,-44394.344091,-46820.875257,-68922.869861
1762668964.522869,-38993.492723,-44328.350574,-46798.370779,-68900.749087
1762668964.518869,-39004.936814,-44324.915856,-46793.408692,-68900.361657
1762668964.522869,-39056.435227,-44377.177954,-46812.865883,-68922.109902
1762668964.528899,-39097.249508,-44413.417578,-46820.111573,-68934.693933
1762668964.532899,-39058.342576,-44387.478381,-46808.667481,-68922.109902
1762668964.528899,-38996.923715,-44336.359948,-46787.306666,-68905.323744
1762668964.532899,-38993.109018,-44330.637902,-46784.635633,-68904.943764
1762668964.549361,-39022.862911,-44362.682849,-46795.699745,-68917.147815
1762668964.553361,-39049.565792,-44392.820448,-46797.607094,-68924.777210
1762668964.559383,-39026.297629,-44385.951012,-46792.265028,-68920.582533
1762668964.563383,-38960.684091,-44320.341200,-46772.811562,-68902.269006
1762668964.567383,-38951.531053,-44304.318726,-46764.418483,-68901.889026
1762668964.571383,-39005.696774,-44340.558350,-46777.389944,-68914.480507
1762668964.580048,-39065.588266,-44403.500855,-46804.472804,-68933.174014
1762668964.584048,-39024.010301,-44372.219592,-46794.936061,-68917.915225
1762668964.580048,-38948.476315,-44304.698706,-46766.705811,-68897.694349
1762668964.584048,-38949.623704,-44299.740344,-46764.798462,-68901.129067
1762668964.600277,-39005.696774,-44347.044080,-46787.686646,-68920.202553
1762668964.604277,-39049.949497,-44389.765710,-46806.380153,-68933.933973
1762668964.600277,-39017.140865,-44361.155480,-46794.936061,-68921.342492
1762668964.604277,-38959.160447,-44315.379113,-46775.862575,-68904.563785
1762668964.610356,-38964.118809,-44312.328100,-46778.913587,-68904.563785
1762668964.614356,-39018.668234,-44352.002442,-46797.223389,-68920.582533
1762668964.610356,-39061.773568,-44384.807348,-46812.865883,-68932.026625
1762668964.614356,-39049.185812,-44391.293079,-46816.296875,-68931.646645
1762668964.620721,-38978.993893,-44331.021607,-46795.316041,-68910.285830
1762668964.624721,-38981.664926,-44324.535877,-46793.028712,-68909.138441
1762668964.620721,-39040.029049,-44363.062829,-46810.194850,-68922.109902
1762668964.624721,-39090.003818,-44419.139624,-46830.032021,-68940.803409
1762668964.641132,-39067.115635,-44395.487756,-46822.782606,-68931.646645
1762668964.645132,-38995.400071,-44326.443225,-46798.370779,-68908.758461
1762668964.641132,-38991.965353,-44314.619154,-46796.843410,-68903.796375
1762668964.645132,-39042.320102,-44361.919165,-46810.574830,-68916.007876
1762668964.651203,-39073.601365,-44391.673058,-46816.296875,-68925.157189
1762668964.655203,-39029.348642,-44356.960803,-46801.038086,-68912.953138
1762668964.651203,-38968.313485,-44308.513403,-46783.871949,-68898.454309
1762668964.655203,-38964.882493,-44300.120324,-46784.255654,-68898.454309
1762668964.671543,-39014.089853,-44335.979968,-46794.556081,-68910.665810
1762668964.675543,-39048.805833,-44372.983277,-46806.380153,-68922.109902
1762668964.671543,-39024.770260,-44371.455908,-46802.565455,-68923.637271
1762668964.675543,-38951.147348,-44303.935021,-46776.626259,-68904.176354
1762668964.692016,-38947.332650,-44291.730970,-46771.667898,-68904.176354
1762668964.696016,-38997.307420,-44324.155897,-46782.728285,-68915.620446
1762668964.692016,-39049.185812,-44383.663684,-46802.565455,-68933.933973
1762668964.696016,-39006.080478,-44352.382421,-46792.265028,-68921.342492
1762668964.702249,-38931.693882,-44283.337891,-46768.613160,-68893.119693
1762668964.706249,-38942.374289,-44288.296252,-46772.047877,-68895.787001
1762668964.712651,-39005.316794,-44340.938330,-46793.028712,-68915.240467
1762668964.716651,-39049.949497,-44384.427369,-46813.629568,-68930.119276
1762668964.712651,-39011.418819,-44357.340783,-46808.287501,-68917.147815
1762668964.716651,-38963.735104,-44317.286462,-46790.357679,-68903.796375
1762668964.722777,-38970.984519,-44322.248548,-46794.556081,-68907.231092
1762668964.726777,-39023.626596,-44367.261231,-46813.629568,-68926.684558
1762668964.732854,-39071.694016,-44410.366565,-46828.888357,-68943.850696
1762668964.736854,-39047.658443,-44414.944947,-46833.463013,-68943.470716
1762668964.742907,-38987.770677,-44354.289770,-46815.153211,-68925.924599
1762668964.746907,-38996.923715,-44338.267297,-46814.009547,-68922.869861
1762668964.742907,-39041.176438,-44374.506921,-46831.175685,-68933.933973
1762668964.746907,-39094.582200,-44434.782118,-46852.920204,-68957.969546
1762668964.753040,-39060.249925,-44400.829822,-46841.476113,-68944.230676
1762668964.757040,-38978.613913,-44330.637902,-46822.402626,-68923.249841
1762668964.753040,-38989.678025,-44329.494238,-46823.546290,-68926.684558
1762668964.757040,-39051.093161,-44379.085302,-46839.948744,-68946.525455
1762668964.773493,-39077.796042,-44408.079237,-46849.105507,-68956.822157
1762668964.777493,-39034.307003,-44376.414269,-46833.083034,-68945.758045
1762668964.783967,-38978.993893,-44334.072620,-46814.773232,-68937.748671
1762668964.787966,-38986.623287,-44327.586889,-46815.153211,-68938.508630
1762668964.791967,-39032.399654,-44366.117567,-46828.124672,-68948.812783
1762668964.795967,-39067.879319,-44401.209801,-46837.661415,-68957.202137
1762668964.783967,-39057.958871,-44398.158789,-46835.370362,-68955.674767
1762668964.787966,-38993.872702,-44337.507337,-46819.731593,-68938.896060
1762668964.805717,-38995.780051,-44334.836304,-46817.824244,-68937.368691
1762668964.809717,-39041.936398,-44375.654310,-46827.740967,-68948.432803
1762668964.822085,-39096.489549,-44439.740479,-46850.629151,-68969.793618
1762668964.826085,-39071.694016,-44419.139624,-46843.763441,-68959.489465
1762668964.833464,-39013.709873,-44362.682849,-46824.689955,-68940.415978
1762668964.837464,-39017.140865,-44359.248132,-46820.111573,-68940.035999
1762668964.841464,-39069.786668,-44409.222901,-46844.527125,-68956.822157
1762668964.845464,-39118.614048,-44456.142932,-46867.795289,-68970.553577
1762668964.851248,-39088.860154,-44432.111084,-46861.313283,-68958.349526
1762668964.855248,-39033.547044,-44395.107776,-46839.948744,-68944.998085
1762668964.859248,-39033.927023,-44389.765710,-46838.425100,-68948.432803
1762668964.863248,-39079.323411,-44422.190636,-46851.392835,-68962.924182
1762668964.852247,-39115.179330,-44446.986169,-46869.322658,-68967.886269
1762668964.856247,-39099.540561,-44436.305761,-46869.322658,-68962.164223
1762668964.860800,-39022.862911,-44367.641211,-46841.476113,-68941.563368
1762668964.864800,-39018.668234,-44352.766126,-46834.610403,-68940.035999
1762668964.860800,-39056.435227,-44385.571033,-46844.527125,-68949.572742
1762668964.864800,-39103.355259,-44437.449425,-46863.220632,-68964.071572
1762668964.881729,-39069.402963,-44401.593506,-46854.063869,-68953.387439
1762668964.885729,-39001.882076,-44335.216284,-46829.648316,-68931.266665
1762668964.882729,-39005.696774,-44337.123632,-46827.360988,-68934.693933
1762668964.886729,-39062.917233,-44395.107776,-46844.907105,-68956.062198
1762668964.889991,-39103.735238,-44431.727380,-46859.405935,-68969.026208
1762668964.893991,-39070.166647,-44406.551868,-46847.578138,-68959.876895
1762668964.889991,-39015.233517,-44365.353882,-46827.740967,-68946.905434
1762668964.893991,-39015.617222,-44363.826513,-46828.504652,-68946.525455
1762668964.911614,-39076.268673,-44404.644519,-46840.712428,-68958.729506
1762668964.915614,-39117.086679,-44437.449425,-46851.012856,-68968.646228
1762668964.926909,-39100.304246,-44438.213110,-46854.063869,-68968.646228
1762668964.930909,-39039.269090,-44377.561659,-46832.703054,-68947.285414
1762668964.927643,-39040.412754,-44371.839613,-46829.648316,-68946.905434
1762668964.931643,-39087.712765,-44411.893934,-46841.092408,-68956.442177
1762668964.938042,-39126.623422,-44456.906617,-46860.165894,-68969.413638
1762668964.942042,-39088.860154,-44429.060072,-46849.105507,-68958.349526
1762668964.938042,-39016.380906,-44365.733862,-46825.453639,-68937.368691
1762668964.942042,-39022.102952,-44365.353882,-46826.217324,-68938.128650
1762668964.955776,-39081.230760,-44413.037598,-46843.763441,-68955.674767
1762668964.959776,-39107.549936,-44442.411512,-46859.405935,-68964.071572
1762668964.955776,-39062.157273,-44406.931847,-46846.434474,-68949.572742
1762668964.959776,-39000.358433,-44360.395521,-46828.124672,-68938.508630
1762668964.970886,-38995.016366,-44349.331409,-46825.453639,-68938.508630
1762668964.974886,-39037.361741,-44382.520020,-46837.661415,-68951.480091
1762668964.972582,-39080.847055,-44411.893934,-46852.536500,-68961.396813
1762668964.976582,-39053.764194,-44405.408204,-46850.249171,-68955.674767
1762668964.984885,-38972.128183,-44329.114258,-46822.402626,-68925.157189
1762668964.988884,-38977.850229,-44319.193810,-46816.680580,-68927.451968
1762668964.988248,-39048.042148,-44372.983277,-46832.703054,-68954.534829
1762668964.992248,-39099.920541,-44425.625354,-46856.351197,-68969.413638
1762668965.001376,-39053.764194,-44387.858361,-46845.290810,-68949.572742
1762668965.005376,-38994.252682,-44331.021607,-46814.773232,-68933.553994
1762668965.003385,-39001.882076,-44344.373047,-46816.680580,-68942.323327
1762668965.007385,-39064.064622,-44401.593506,-46837.661415,-68962.164223
1762668965.018433,-39110.600948,-44443.171471,-46851.776540,-68974.368274
1762668965.022433,-39070.166647,-44414.181262,-46838.425100,-68961.016834
1762668965.024305,-39024.770260,-44374.890625,-46818.967909,-68949.952722
1762668965.028305,-39028.584957,-44376.414269,-46816.680580,-68948.812783
1762668965.032305,-39078.939706,-44417.995960,-46833.846718,-68959.876895
1762668965.036305,-39125.859737,-44451.184571,-46846.814454,-68970.173597
1762668965.044821,-39101.064205,-44444.318861,-46847.578138,-68966.738880
1762668965.048821,-39026.677608,-44377.941638,-46824.309975,-68944.618106
1762668965.044821,-39019.048214,-44366.117567,-46818.967909,-68941.943347
1762668965.048821,-39071.694016,-44397.015125,-46836.134046,-68950.340152
1762668965.071699,-39113.655686,-44438.213110,-46855.207533,-68960.636854
1762668965.075699,-39079.323411,-44412.273914,-46852.156520,-68950.340152
1762668965.071699,-39008.367807,-44348.187745,-46827.740967,-68931.646645
1762668965.075699,-39013.326168,-44352.382421,-46830.795705,-68939.656019
1762668965.075323,-39068.259299,-44401.209801,-46851.012856,-68958.729506
1762668965.079323,-39109.457284,-44439.356774,-46867.795289,-68972.080946
1762668965.075323,-39071.694016,-44402.737170,-46860.165894,-68960.256875
1762668965.079323,-39024.010301,-44358.488172,-46847.198159,-68947.665393
1762668965.085371,-39025.533944,-44356.197119,-46844.527125,-68947.665393
1762668965.089371,-39070.166647,-44392.820448,-46858.642250,-68958.729506
1762668965.085371,-39107.169956,-44427.912682,-46867.415309,-68967.118859
1762668965.089371,-39088.860154,-44424.861670,-46866.271645,-68965.211511
1762668965.115783,-39029.348642,-44367.261231,-46849.485487,-68946.905434
1762668965.119783,-39034.690708,-44361.155480,-46844.907105,-68944.230676
1762668965.121418,-39086.189121,-44406.171888,-46860.929579,-68957.969546
1762668965.125418,-39137.687534,-44466.059655,-46877.332032,-68974.748254
1762668965.129418,-39104.878902,-44436.305761,-46863.600612,-68961.784244
1762668965.133418,-39048.042148,-44376.797974,-46842.619777,-68944.230676
1762668965.123423,-39061.773568,-44388.622046,-46846.434474,-68951.100111
1762668965.127423,-39118.230343,-44444.318861,-46862.836927,-68970.933557
1762668965.136704,-39152.946323,-44476.743788,-46870.086342,-68979.330361
1762668965.140704,-39110.220969,-44441.264123,-46856.734902,-68965.211511
1762668965.137755,-39050.329477,-44399.302453,-46843.383461,-68952.627480
1762668965.141755,-39048.042148,-44390.913099,-46838.041395,-68952.627480
1762668965.149906,-39101.447910,-44426.005334,-46850.249171,-68965.211511
1762668965.153906,-39127.387106,-44450.040907,-46859.405935,-68972.460926
1762668965.166088,-39098.396897,-44433.254749,-46859.022230,-68965.978920
1762668965.170088,-39028.968662,-44365.733862,-46837.661415,-68943.470716
1762668965.168005,-39030.112326,-44352.382421,-46827.740967,-68941.183388
1762668965.172004,-39075.888693,-44390.913099,-46844.907105,-68955.294788
1762668965.181732,-39107.169956,-44430.203736,-46864.364296,-68968.266249
1762668965.185732,-39074.361324,-44399.686158,-46852.156520,-68956.822157
1762668965.181732,-39003.029466,-44341.702014,-46830.032021,-68938.128650
1762668965.185732,-39017.140865,-44350.095093,-46829.648316,-68942.323327
1762668965.198868,-39084.661752,-44401.973486,-46844.527125,-68958.349526
1762668965.202868,-39120.521396,-44432.874769,-46855.971217,-68967.118859
1762668965.207173,-39079.703391,-44390.529394,-46848.341823,-68949.572742
1762668965.211173,-39021.719247,-44353.909791,-46830.412000,-68937.368691
1762668965.211106,-39029.348642,-44356.197119,-46831.939369,-68940.803409
1762668965.215106,-39087.712765,-44396.635145,-46847.198159,-68954.154849
1762668965.226853,-39123.192430,-44430.967420,-46857.114881,-68962.544203
1762668965.230853,-39095.342159,-44428.296387,-46853.300184,-68959.109485
1762668965.234853,-39032.019675,-44372.983277,-46827.360988,-68935.841322
1762668965.238853,-39033.163339,-44371.075928,-46824.309975,-68939.276040
1762668965.227721,-39084.661752,-44418.375939,-46836.897731,-68957.202137
1762668965.231721,-39135.396481,-44476.743788,-46853.683889,-68973.988295
1762668965.241292,-39093.054831,-44443.555176,-46846.434474,-68958.729506
1762668965.245292,-39026.297629,-44382.900000,-46824.309975,-68940.415978
1762668965.243864,-39042.320102,-44395.107776,-46824.689955,-68948.045373
1762668965.247864,-39098.396897,-44444.318861,-46847.198159,-68964.071572
1762668965.256021,-39123.952389,-44474.836439,-46859.785914,-68972.840905
1762668965.260021,-39079.323411,-44433.254749,-46843.763441,-68957.969546
1762668965.256021,-39020.955563,-44387.478381,-46823.926270,-68943.090737
1762668965.260021,-39014.473557,-44375.654310,-46818.967909,-68936.601281
1762668965.271987,-39057.195187,-44405.408204,-46832.703054,-68945.378065
1762668965.275987,-39083.898067,-44428.296387,-46844.527125,-68950.720131
1762668965.284941,-39051.093161,-44408.839196,-46838.805079,-68944.230676
1762668965.288941,-38989.678025,-44341.702014,-46812.865883,-68922.869861
1762668965.287592,-38993.109018,-44334.452599,-46810.574830,-68921.342492
1762668965.291592,-39048.422128,-44376.797974,-46829.268336,-68934.693933
1762668965.301701,-39086.569101,-44416.088611,-46846.814454,-68946.138024
1762668965.305701,-39044.991136,-44384.807348,-46834.226698,-68932.406604
1762668965.301701,-38981.664926,-44320.721179,-46813.245863,-68913.333118
1762668965.305701,-38993.109018,-44334.072620,-46813.629568,-68922.489882
1762668965.315915,-39051.093161,-44386.334717,-46831.175685,-68940.415978
1762668965.319915,-39091.147482,-44424.481690,-46844.907105,-68952.247500
1762668965.315915,-39053.764194,-44395.107776,-46835.370362,-68943.090737
1762668965.319915,-39000.358433,-44360.395521,-46818.204224,-68929.739296
1762668965.331663,-39002.265781,-44360.775501,-46814.389527,-68928.211927
1762668965.335663,-39050.713181,-44400.449842,-46828.888357,-68940.035999
1762668965.331663,-39083.518088,-44431.727380,-46842.619777,-68948.432803
1762668965.335663,-39064.444602,-44424.861670,-46836.517751,-68947.285414
1762668965.348947,-39006.080478,-44363.062829,-46813.245863,-68928.971887
1762668965.352947,-39013.326168,-44359.631836,-46815.916896,-68929.739296
1762668965.348947,-39064.824581,-44405.024499,-46835.370362,-68942.710757
1762668965.352947,-39109.457284,-44453.471899,-46856.351197,-68956.822157
1762668965.359641,-39070.930332,-44412.273914,-46845.670789,-68943.850696
1762668965.363641,-39007.987827,-44342.845678,-46824.309975,-68922.109902
1762668965.359641,-39020.955563,-44350.858778,-46825.453639,-68927.451968
1762668965.363641,-39074.361324,-44398.158789,-46841.476113,-68945.758045
1762668965.376402,-39106.786251,-44434.398413,-46856.351197,-68954.914808
1762668965.380402,-39050.713181,-44396.251440,-46841.476113,-68939.276040
1762668965.377604,-38997.687399,-44346.660376,-46822.018921,-68925.924599
1762668965.381604,-39009.511471,-44337.887317,-46822.018921,-68922.109902
1762668965.398235,-39053.764194,-44377.177954,-46831.555665,-68932.786584
1762668965.402235,-39083.518088,-44406.931847,-46841.476113,-68940.035999
1762668965.405299,-39054.144174,-44393.580407,-46835.754067,-68936.601281
1762668965.409299,-38991.585374,-44334.836304,-46813.629568,-68919.055164
1762668965.407319,-39004.553109,-44339.414686,-46815.916896,-68921.729922
1762668965.411319,-39059.866220,-44388.622046,-46832.319349,-68936.601281
1762668965.418636,-39101.447910,-44431.727380,-46849.869192,-68947.665393
1762668965.422636,-39059.866220,-44402.737170,-46838.041395,-68934.693933
1762668965.418636,-38991.965353,-44345.896691,-46814.009547,-68914.480507
1762668965.422636,-39010.658860,-44364.970177,-46817.824244,-68925.157189
1762668965.437044,-39064.444602,-44414.181262,-46834.226698,-68942.710757
1762668965.441044,-39097.249508,-44444.318861,-46847.578138,-68951.100111
1762668965.449022,-39053.000510,-44399.302453,-46834.226698,-68933.174014
1762668965.453022,-39001.122117,-44357.340783,-46813.245863,-68920.582533
1762668965.457022,-39003.029466,-44350.475073,-46811.722219,-68921.342492
1762668965.461022,-39047.658443,-44382.136315,-46827.740967,-68930.879235
1762668965.459126,-39074.745029,-44400.829822,-46833.463013,-68935.081363
1762668965.463125,-39045.751095,-44385.951012,-46828.504652,-68928.971887
1762668965.459126,-38979.757577,-44321.864843,-46805.236489,-68908.758461
1762668965.463125,-38989.678025,-44318.433851,-46801.801771,-68910.285830
1762668965.459126,-39045.371115,-44363.826513,-46818.967909,-68923.637271
1762668965.463125,-39084.281772,-44409.986585,-46838.041395,-68936.221302
1762668965.486032,-39040.412754,-44375.270605,-46823.546290,-68925.157189
1762668965.490032,-38980.901241,-44313.855469,-46798.750758,-68904.563785
1762668965.486032,-39001.882076,-44333.692640,-46801.801771,-68911.805749
1762668965.490032,-39061.009884,-44390.149415,-46822.782606,-68931.646645
1762668965.489668,-39089.620113,-44419.523329,-46836.897731,-68942.710757
1762668965.493668,-39045.371115,-44381.756335,-46826.597303,-68930.499256
1762668965.489668,-39007.987827,-44356.197119,-46815.153211,-68925.157189
1762668965.493668,-39015.997201,-44355.817139,-46813.629568,-68925.544620
1762668965.510314,-39068.639278,-44394.727796,-46827.360988,-68936.221302
1762668965.514313,-39114.035666,-44433.634728,-46841.092408,-68947.665393
1762668965.526464,-39080.847055,-44429.060072,-46840.332448,-68944.618106
1762668965.530464,-39014.473557,-44376.797974,-46816.680580,-68925.924599
1762668965.530416,-39027.824998,-44375.270605,-46815.916896,-68926.684558
1762668965.534416,-39083.518088,-44421.810657,-46834.610403,-68941.943347
1762668965.540771,-39128.530771,-44460.721314,-46856.351197,-68954.534829
1762668965.544771,-39074.361324,-44417.995960,-46839.948744,-68937.368691
1762668965.540771,-39001.882076,-44350.475073,-46816.680580,-68914.480507
1762668965.544771,-39012.182504,-44356.960803,-46823.166311,-68917.915225
1762668965.554523,-39051.093161,-44387.098402,-46833.083034,-68927.064538
1762668965.558523,-39073.217660,-44409.986585,-46837.661415,-68933.553994
1762668965.557654,-39032.783359,-44366.117567,-46822.402626,-68916.007876
1762668965.561654,-38981.664926,-44323.008507,-46806.760132,-68901.509047
1762668965.561388,-38988.530636,-44313.091785,-46804.852784,-68900.361657
1762668965.565388,-39048.805833,-44357.340783,-46820.111573,-68913.713098
1762668965.581356,-39074.361324,-44389.385730,-46828.504652,-68920.582533
1762668965.585356,-39035.834372,-44372.219592,-46819.731593,-68912.573159
1762668965.584605,-38976.706564,-44319.193810,-46797.987074,-68895.027041
1762668965.588605,-38974.799216,-44314.235449,-46792.648733,-68896.934390
1762668965.584605,-39036.214352,-44369.548559,-46808.287501,-68911.805749
1762668965.588605,-39077.796042,-44428.296387,-46827.360988,-68928.211927
1762668965.600165,-39040.412754,-44396.635145,-46818.204224,-68915.620446
1762668965.604165,-38988.150656,-44334.452599,-46796.463430,-68898.074329
1762668965.600165,-39013.709873,-44355.817139,-46801.038086,-68906.851113
1762668965.604165,-39064.824581,-44406.171888,-46818.204224,-68923.637271
1762668965.628454,-39090.003818,-44438.213110,-46828.124672,-68933.174014
1762668965.632454,-39043.083787,-44400.829822,-46815.153211,-68921.729922
1762668965.636454,-38996.923715,-44360.775501,-46802.945435,-68910.665810
1762668965.640454,-39001.502097,-44352.002442,-46800.658107,-68907.991052
1762668965.631750,-39057.958871,-44391.293079,-46816.680580,-68923.249841
1762668965.635750,-39088.860154,-44415.708631,-46830.412000,-68930.119276
1762668965.647038,-39056.051522,-44398.158789,-46828.504652,-68922.109902
1762668965.651038,-38995.400071,-44338.267297,-46807.907522,-68904.563785
1762668965.648044,-38995.016366,-44331.401587,-46805.616468,-68905.323744
1762668965.652044,-39047.658443,-44372.983277,-46820.495278,-68916.007876
1762668965.661129,-39085.045457,-44407.695532,-46832.319349,-68927.831948
1762668965.665128,-39025.533944,-44365.353882,-46820.875257,-68913.713098
1762668965.663248,-38961.067796,-44300.120324,-46797.223389,-68888.537586
1762668965.667248,-38977.470249,-44317.670166,-46801.801771,-68897.694349
1762668965.678862,-39034.690708,-44367.261231,-46823.546290,-68917.527795
1762668965.682862,-39073.601365,-44398.158789,-46832.319349,-68922.109902
1762668965.678862,-39021.719247,-44356.580824,-46814.389527,-68906.851113
1762668965.682862,-38985.863328,-44325.299561,-46801.038086,-68897.694349
1762668965.691507,-38990.821689,-44326.063246,-46798.750758,-68896.934390
1762668965.695507,-39032.019675,-44367.641211,-46809.814870,-68909.138441
1762668965.691507,-39087.712765,-44415.708631,-46824.689955,-68922.869861
1762668965.695507,-39058.342576,-44401.209801,-46822.782606,-68917.915225
1762668965.705632,-39003.409445,-44345.516711,-46803.709120,-68901.509047
1762668965.709632,-39016.380906,-44350.095093,-46802.185476,-68907.231092
1762668965.705632,-39070.930332,-44401.973486,-46819.731593,-68922.489882
1762668965.709632,-39107.169956,-44447.749853,-46836.897731,-68936.221302
1762668965.731341,-39058.342576,-44408.839196,-46825.453639,-68924.777210
1762668965.735341,-38992.345333,-44343.229383,-46803.329140,-68905.323744
1762668965.736625,-39011.802524,-44361.919165,-46805.236489,-68915.620446
1762668965.740625,-39070.166647,-44405.024499,-46823.166311,-68930.499256
1762668965.744626,-39099.156857,-44427.532703,-46833.083034,-68936.601281
1762668965.748626,-39044.227451,-44382.900000,-46816.680580,-68920.962512
1762668965.737627,-38993.872702,-44348.187745,-46812.482178,-68912.953138
1762668965.741627,-39004.553109,-44340.558350,-46816.680580,-68914.480507
1762668965.749463,-39056.815207,-44376.797974,-46823.166311,-68924.397230
1762668965.753463,-39081.990719,-44404.644519,-46831.175685,-68929.359317
1762668965.770945,-39043.463767,-44388.242066,-46831.175685,-68924.397230
1762668965.774945,-38991.201669,-44332.928956,-46816.680580,-68906.851113
1762668965.778252,-39006.080478,-44339.794666,-46823.546290,-68914.480507
1762668965.782252,-39062.157273,-44393.964112,-46840.332448,-68934.313953
1762668965.786252,-39101.064205,-44437.069446,-46856.734902,-68947.665393
1762668965.790252,-39056.051522,-44404.264539,-46841.856092,-68932.406604
1762668965.778252,-38993.872702,-44347.044080,-46819.731593,-68914.100528
1762668965.782252,-39017.524570,-44366.497546,-46824.309975,-68921.729922
1762668965.796717,-39073.601365,-44414.944947,-46839.185059,-68938.896060
1762668965.800717,-39106.406271,-44448.513538,-46851.012856,-68949.572742
1762668965.797722,-39056.815207,-44405.788183,-46834.610403,-68932.406604
1762668965.801722,-39019.811898,-44372.599572,-46822.018921,-68919.435143
1762668965.820079,-39029.348642,-44374.890625,-46823.546290,-68920.582533
1762668965.824079,-39079.323411,-44416.468590,-46842.619777,-68934.313953
1762668965.826360,-39109.457284,-44450.040907,-46852.156520,-68943.470716
1762668965.830360,-39071.310312,-44428.296387,-46844.147146,-68935.461342
1762668965.834361,-39009.511471,-44364.590198,-46817.444265,-68913.333118
1762668965.838361,-39015.233517,-44361.155480,-46811.338514,-68915.240467
1762668965.826360,-39070.166647,-44408.079237,-46826.597303,-68931.266665
1762668965.830360,-39102.971554,-44444.318861,-46843.763441,-68942.323327
1762668965.841460,-39044.991136,-44391.673058,-46827.360988,-68927.831948
1762668965.845460,-38977.850229,-44324.915856,-46801.801771,-68907.611072
1762668965.841460,-38993.109018,-44346.280396,-46810.574830,-68914.480507
1762668965.845460,-39065.208286,-44395.107776,-46831.939369,-68931.646645
1762668965.856788,-39093.054831,-44423.718005,-46844.907105,-68941.183388
1762668965.860788,-39036.978036,-44377.941638,-46826.981008,-68924.777210
1762668965.872610,-38988.150656,-44347.424060,-46814.389527,-68916.767836
1762668965.876610,-39004.173130,-44348.951429,-46814.773232,-68920.582533
1762668965.872610,-39057.958871,-44388.622046,-46826.981008,-68932.026625
1762668965.876610,-39088.096470,-44419.139624,-46843.383461,-68940.415978
1762668965.886647,-39046.898484,-44398.542494,-46834.226698,-68930.879235
1762668965.890646,-38991.585374,-44348.567724,-46814.389527,-68914.480507
1762668965.886647,-39004.553109,-44350.475073,-46809.431165,-68915.240467
1762668965.890646,-39064.064622,-44405.788183,-46825.073659,-68932.026625
1762668965.909336,-39096.869528,-44450.800866,-46842.239797,-68948.812783
1762668965.913336,-39047.658443,-44409.602880,-46830.412000,-68933.933973
1762668965.916845,-38984.335959,-44346.660376,-46807.523817,-68912.573159
1762668965.920845,-39011.418819,-44374.506921,-46815.153211,-68924.397230
1762668965.924845,-39055.671543,-44419.139624,-46829.268336,-68938.128650
1762668965.928845,-39093.434811,-44449.277222,-46844.907105,-68946.138024
1762668965.918161,-39048.805833,-44403.880835,-46831.175685,-68930.499256
1762668965.922161,-38996.923715,-44368.784875,-46814.009547,-68918.295205
1762668965.930746,-39015.617222,-44373.746961,-46817.444265,-68920.582533
1762668965.934746,-39061.009884,-44410.366565,-46831.939369,-68933.933973
1762668965.930746,-39077.796042,-44430.583715,-46839.568764,-68939.276040
1762668965.934746,-39037.741721,-44403.880835,-46832.319349,-68930.499256
1762668965.944405,-38969.840854,-44337.887317,-46809.051186,-68906.851113
1762668965.948405,-38987.006992,-44334.452599,-46807.523817,-68908.378482
1762668965.950765,-39042.700082,-44390.149415,-46828.504652,-68928.971887
1762668965.954765,-39077.416062,-44428.296387,-46844.907105,-68938.128650
1762668965.961264,-39035.070688,-44388.242066,-46830.795705,-68921.342492
1762668965.965264,-38977.086544,-44327.970594,-46809.431165,-68904.176354
1762668965.962726,-38999.214768,-44352.766126,-46814.773232,-68912.953138
1762668965.966726,-39051.856846,-44393.964112,-46830.032021,-68925.157189
1762668965.977004,-39078.939706,-44422.954321,-46845.290810,-68933.553994
1762668965.981004,-39028.204978,-44378.321618,-46828.504652,-68915.620446
1762668965.996479,-38987.386972,-44347.044080,-46812.102199,-68904.176354
1762668966.000479,-38996.160030,-44348.951429,-46810.574830,-68906.471133
1762668966.001693,-39046.514779,-44389.765710,-46825.833619,-68919.822574
1762668966.005693,-39083.898067,-44423.338026,-46841.476113,-68930.119276
1762668966.005665,-39038.885385,-44393.580407,-46830.412000,-68920.962512
1762668966.009665,-38983.192295,-44340.558350,-46809.814870,-68903.416395
1762668966.005665,-38988.150656,-44342.081994,-46808.667481,-68907.991052
1762668966.009665,-39050.329477,-44393.200427,-46826.217324,-68925.157189
1762668966.019236,-39080.467075,-44428.296387,-46838.041395,-68932.406604
1762668966.023236,-39017.140865,-44379.848987,-46820.875257,-68913.333118
1762668966.023074,-38954.962045,-44319.957495,-46796.843410,-68893.499672
1762668966.027074,-38994.252682,-44348.187745,-46804.472804,-68904.943764
1762668966.033214,-39041.556418,-44389.385730,-46822.018921,-68919.435143
1762668966.037214,-39058.722556,-44406.551868,-46830.032021,-68922.109902
1762668966.033214,-38998.451084,-44355.053455,-46813.629568,-68902.656436
1762668966.037214,-38955.725729,-44317.286462,-46802.565455,-68890.444934
1762668966.051716,-38964.118809,-44316.906482,-46799.514443,-68889.304996
1762668966.055716,-39015.997201,-44363.446534,-46810.958534,-68905.323744
1762668966.067013,-39053.380489,-44394.727796,-46823.546290,-68913.333118
1762668966.071013,-39011.418819,-44371.839613,-46815.916896,-68904.563785
1762668966.075013,-38958.013058,-44316.906482,-46794.172376,-68889.684975
1762668966.079013,-38958.776742,-44315.762818,-46790.741384,-68887.010217
1762668966.067013,-39021.719247,-44371.075928,-46808.667481,-68901.889026
1762668966.071013,-39051.473141,-44409.602880,-46824.689955,-68912.953138
1762668966.081791,-39003.409445,-44370.312244,-46812.482178,-68896.166980
1762668966.085791,-38948.860019,-44314.999133,-46789.214015,-68881.675601
1762668966.081791,-38982.428610,-44344.753027,-46797.987074,-68895.407021
1762668966.085791,-39033.927023,-44391.673058,-46818.587929,-68910.665810
1762668966.094432,-39057.195187,-44412.273914,-46826.981008,-68915.620446
1762668966.098432,-38998.831064,-44363.062829,-46806.760132,-68898.074329
1762668966.109597,-38961.827755,-44332.545251,-46795.699745,-68888.917565
1762668966.113597,-38989.294320,-44336.743653,-46802.945435,-68890.444934
1762668966.109597,-39044.227451,-44379.848987,-46825.073659,-68905.323744
1762668966.113597,-39070.930332,-44408.839196,-46837.277710,-68914.860487
1762668966.125516,-39026.677608,-44377.941638,-46828.124672,-68903.036416
1762668966.129516,-38970.984519,-44322.628528,-46805.616468,-68886.250257
1762668966.128128,-38978.233933,-44321.101159,-46803.709120,-68888.537586
1762668966.132128,-39032.399654,-44377.177954,-46824.309975,-68907.611072
1762668966.145264,-39065.971971,-44411.893934,-46839.948744,-68918.675184
1762668966.149264,-39008.367807,-44365.733862,-46822.402626,-68902.656436
1762668966.155621,-38944.281638,-44305.462390,-46796.843410,-68884.342909
1762668966.159621,-38970.220834,-44331.785291,-46801.038086,-68890.444934
1762668966.163621,-39009.511471,-44369.548559,-46813.245863,-68899.601698
1762668966.167621,-39052.620530,-44400.066137,-46829.648316,-68913.713098
1762668966.155621,-39017.524570,-44366.117567,-46818.587929,-68904.176354
1762668966.159621,-38974.419236,-44342.081994,-46811.722219,-68899.601698
1762668966.168316,-38987.386972,-44348.951429,-46813.629568,-68904.943764
1762668966.172316,-39044.607431,-44396.251440,-46828.888357,-68920.202553
1762668966.172665,-39074.745029,-44432.874769,-46841.092408,-68932.786584
1762668966.176665,-39040.412754,-44413.801283,-46836.897731,-68929.359317
1762668966.194805,-38991.201669,-44367.261231,-46823.166311,-68919.435143
1762668966.198805,-39015.617222,-44378.705323,-46833.083034,-68925.924599
1762668966.198413,-39081.990719,-44434.782118,-46857.114881,-68943.850696
1762668966.202413,-39121.665061,-44475.216419,-46877.332032,-68955.674767
1762668966.198413,-39079.323411,-44437.069446,-46868.558973,-68940.803409
1762668966.202413,-39030.492306,-44379.848987,-46848.341823,-68924.017251
1762668966.198413,-39064.824581,-44408.839196,-46857.878566,-68935.081363
1762668966.202413,-39115.179330,-44450.420886,-46881.146729,-68951.480091
1762668966.217126,-39142.645895,-44470.258057,-46891.830862,-68960.256875
1762668966.221126,-39086.189121,-44419.523329,-46872.757375,-68941.943347
1762668966.237468,-39045.371115,-44385.951012,-46861.313283,-68931.646645
1762668966.241468,-39051.473141,-44385.191053,-46859.022230,-68933.933973
1762668966.246343,-39099.920541,-44425.245374,-46872.373670,-68946.905434
1762668966.250343,-39125.479758,-44452.708215,-46883.437783,-68952.627480
1762668966.254343,-39070.166647,-44409.602880,-46873.517334,-68939.276040
1762668966.258343,-39012.566209,-44352.002442,-46851.392835,-68922.489882
1762668966.246343,-39019.048214,-44351.238757,-46845.670789,-68925.157189
1762668966.250343,-39082.754403,-44408.079237,-46863.980591,-68942.710757
1762668966.260540,-39120.521396,-44444.698840,-46880.766749,-68951.860070
1762668966.264540,-39059.486240,-44398.158789,-46862.456948,-68933.553994
1762668966.260540,-39003.409445,-44345.516711,-46840.332448,-68916.387856
1762668966.264540,-39041.936398,-44384.427369,-46853.300184,-68933.174014
1762668966.274145,-39094.198495,-44432.874769,-46873.137355,-68951.480091
1762668966.278145,-39124.336094,-44460.721314,-46880.766749,-68958.349526
1762668966.291240,-39067.879319,-44414.944947,-46867.415309,-68940.803409
1762668966.295240,-39029.732347,-44387.478381,-46851.776540,-68930.119276
1762668966.291240,-39046.898484,-44397.395104,-46848.721802,-68934.693933
1762668966.295240,-39098.776877,-44442.791492,-46862.836927,-68949.952722
1762668966.291240,-39129.674435,-44479.411095,-46880.003065,-68957.582116
1762668966.295240,-39083.138108,-44454.235584,-46873.137355,-68947.285414
1762668966.306840,-39031.255990,-44402.357191,-46855.207533,-68932.406604
1762668966.310840,-39059.486240,-44401.973486,-46860.165894,-68931.646645
1762668966.306840,-39120.137691,-44458.813965,-46882.294118,-68952.247500
1762668966.310840,-39149.131626,-44487.424195,-46897.169203,-68960.256875
1762668966.329597,-39092.291147,-44429.820031,-46879.239380,-68935.841322
1762668966.333597,-39036.978036,-44369.548559,-46860.165894,-68916.767836
1762668966.333027,-39059.102535,-44395.107776,-46867.795289,-68927.064538
1762668966.337027,-39106.406271,-44430.967420,-46883.054078,-68938.896060
1762668966.341027,-39122.045040,-44450.800866,-46887.252480,-68943.850696
1762668966.345027,-39048.042148,-44392.436743,-46861.693263,-68921.342492
1762668966.351123,-39007.224143,-44358.868152,-46847.578138,-68910.285830
1762668966.355123,-39018.288255,-44359.631836,-46847.961843,-68912.573159
1762668966.352129,-39067.115635,-44396.251440,-46860.929579,-68925.924599
1762668966.356129,-39099.156857,-44426.769018,-46870.466322,-68933.553994
1762668966.366880,-39042.700082,-44391.673058,-46855.207533,-68920.582533
1762668966.370880,-38986.623287,-44343.609363,-46833.463013,-68904.176354
1762668966.367215,-39005.696774,-44350.095093,-46834.610403,-68908.758461
1762668966.371215,-39067.879319,-44410.366565,-46856.351197,-68932.026625
1762668966.381455,-39092.674851,-44444.318861,-46868.558973,-68944.998085
1762668966.385455,-39038.505405,-44400.829822,-46850.629151,-68931.646645
1762668966.382931,-38991.201669,-44350.475073,-46827.740967,-68919.435143
1762668966.386931,-39019.431919,-44388.242066,-46834.610403,-68930.119276
1762668966.396887,-39071.694016,-44434.398413,-46854.827553,-68944.230676
1762668966.400887,-39098.776877,-44455.379248,-46868.558973,-68951.480091
1762668966.397935,-39044.991136,-44407.315552,-46853.683889,-68932.026625
1762668966.401935,-39007.604122,-44378.321618,-46838.805079,-68921.729922
1762668966.410445,-39024.770260,-44382.520020,-46842.999756,-68926.304579
1762668966.414445,-39078.559726,-44419.523329,-46855.591238,-68938.896060
1762668966.410445,-39105.262607,-44450.800866,-46870.850027,-68948.812783
1762668966.414445,-39053.380489,-44420.666993,-46866.651624,-68936.988711
1762668966.426970,-38996.543735,-44359.631836,-46846.054494,-68918.675184
1762668966.430969,-39024.770260,-44358.868152,-46846.434474,-68919.055164
1762668966.426970,-39089.240134,-44413.417578,-46868.178993,-68938.508630
1762668966.430969,-39105.642587,-44439.740479,-46878.479421,-68945.758045
1762668966.440849,-39039.269090,-44384.427369,-46859.405935,-68923.637271
1762668966.444849,-38980.141282,-44322.628528,-46834.610403,-68903.416395
1762668966.440849,-39007.987827,-44350.475073,-46840.712428,-68912.953138
1762668966.444849,-39057.195187,-44391.293079,-46857.498586,-68927.831948
1762668966.455504,-39074.361324,-44409.602880,-46862.456948,-68929.359317
1762668966.459504,-39013.326168,-44355.053455,-46841.476113,-68907.991052
1762668966.471248,-38975.179195,-44323.772192,-46830.032021,-68899.601698
1762668966.475248,-38987.006992,-44328.730553,-46826.981008,-68904.563785
1762668966.471248,-39037.361741,-44372.219592,-46836.517751,-68917.915225
1762668966.475248,-39062.917233,-44404.644519,-46847.578138,-68925.544620
1762668966.486130,-39016.380906,-44370.692223,-46839.568764,-68910.285830
1762668966.490130,-38967.933506,-44321.101159,-46819.731593,-68893.499672
1762668966.486130,-38990.437984,-44334.452599,-46825.073659,-68899.981678
1762668966.490130,-39059.486240,-44405.788183,-46846.814454,-68923.249841
1762668966.492212,-39087.332785,-44436.689466,-46860.165894,-68930.499256
1762668966.496212,-39033.163339,-44392.436743,-46842.619777,-68916.007876
1762668966.502244,-38983.955979,-44340.938330,-46820.111573,-68900.749087
1762668966.506244,-39018.288255,-44377.941638,-46831.555665,-68917.147815
1762668966.527452,-39070.546627,-44420.666993,-46849.485487,-68932.406604
1762668966.531452,-39086.569101,-44439.740479,-46857.498586,-68933.553994
1762668966.527452,-39033.163339,-44391.673058,-46842.999756,-68916.007876
1762668966.531452,-38998.067379,-44360.395521,-46830.032021,-68906.471133
1762668966.527452,-39013.709873,-44364.970177,-46828.888357,-68907.991052
1762668966.531452,-39063.300937,-44406.551868,-46846.814454,-68922.109902
1762668966.532739,-39085.805416,-44430.203736,-46858.642250,-68929.739296
1762668966.536739,-39028.204978,-44391.293079,-46840.712428,-68917.527795
1762668966.546833,-38966.406137,-44334.072620,-46818.587929,-68901.509047
1762668966.550833,-38980.521262,-44340.174645,-46823.166311,-68905.703723
1762668966.546833,-39056.815207,-44402.357191,-46847.578138,-68924.017251
1762668966.550833,-39081.230760,-44422.954321,-46862.836927,-68926.304579
1762668966.561399,-39022.482932,-44366.117567,-46847.198159,-68905.323744
1762668966.565399,-38974.035531,-44314.999133,-46828.504652,-68890.064955
1762668966.562405,-39010.658860,-44352.382421,-46839.568764,-68902.656436
1762668966.566405,-39062.157273,-44390.913099,-46854.443848,-68914.860487
1762668966.576921,-39081.230760,-44413.417578,-46859.405935,-68920.202553
1762668966.580921,-39029.732347,-44367.641211,-46838.041395,-68903.416395
1762668966.583086,-38995.400071,-44345.516711,-46830.795705,-68900.361657
1762668966.587086,-39021.719247,-44363.062829,-46837.277710,-68909.138441
1762668966.592719,-39074.745029,-44405.788183,-46848.721802,-68922.489882
1762668966.596719,-39100.304246,-44440.884143,-46860.549599,-68930.119276
1762668966.613088,-39044.607431,-44406.171888,-46846.434474,-68918.295205
1762668966.617088,-38995.780051,-44359.631836,-46828.504652,-68905.703723
1762668966.613088,-39031.639695,-44373.363256,-46834.610403,-68911.805749
1762668966.617088,-39097.249508,-44439.356774,-46857.878566,-68932.026625
1762668966.620452,-39115.943015,-44465.679675,-46870.466322,-68939.276040
1762668966.624452,-39057.578892,-44413.801283,-46854.827553,-68922.489882
1762668966.620452,-38997.687399,-44355.433434,-46828.504652,-68903.796375
1762668966.624452,-39034.690708,-44389.765710,-46837.661415,-68915.620446
1762668966.636760,-39083.898067,-44427.152723,-46849.869192,-68925.544620
1762668966.640760,-39094.198495,-44442.027807,-46857.878566,-68930.499256
1762668966.636760,-39035.070688,-44388.622046,-46837.277710,-68915.620446
1762668966.640760,-39001.502097,-44356.960803,-46827.360988,-68907.611072
1762668966.649859,-39015.617222,-44358.104467,-46836.134046,-68907.991052
1762668966.653859,-39057.578892,-44394.344091,-46850.629151,-68917.915225
1762668966.654993,-39075.508714,-44417.995960,-46862.073243,-68922.489882
1762668966.658993,-39018.288255,-44376.034290,-46845.670789,-68909.138441
1762668966.668503,-38967.169821,-44322.248548,-46823.926270,-68891.212344
1762668966.672503,-38986.243308,-44326.823205,-46824.309975,-68893.499672
1762668966.676503,-39047.278464,-44387.478381,-46846.054494,-68915.240467
1762668966.680503,-39062.917233,-44409.602880,-46855.591238,-68921.729922
1762668966.681880,-39003.409445,-44357.724488,-46836.134046,-68903.036416
1762668966.685879,-38959.920406,-44310.420752,-46815.536916,-68888.157606
1762668966.703882,-39008.367807,-44358.104467,-46828.504652,-68905.703723
1762668966.707882,-39062.537253,-44406.551868,-46845.290810,-68920.962512
1762668966.711847,-39080.467075,-44431.727380,-46853.683889,-68927.064538
1762668966.715847,-39024.010301,-44388.622046,-46835.754067,-68911.045790
1762668966.711847,-38996.543735,-44360.395521,-46827.360988,-68901.129067
1762668966.715847,-39019.811898,-44377.561659,-46831.175685,-68905.703723
1762668966.711847,-39073.601365,-44427.912682,-46846.434474,-68924.017251
1762668966.715847,-39107.549936,-44464.915991,-46859.022230,-68936.988711
1762668966.725646,-39051.093161,-44417.995960,-46843.763441,-68916.387856
1762668966.729646,-39003.789425,-44364.970177,-46826.597303,-68896.546960
1762668966.725646,-39020.195603,-44367.641211,-46826.981008,-68898.841739
1762668966.729646,-39086.952806,-44427.152723,-46847.198159,-68917.147815
1762668966.741267,-39100.304246,-44448.133558,-46859.785914,-68922.109902
1762668966.745267,-39040.412754,-44391.293079,-46842.619777,-68904.176354
1762668966.741267,-38985.099643,-44331.021607,-46815.916896,-68888.917565
1762668966.745267,-39014.473557,-44356.960803,-46823.166311,-68901.889026
1762668966.756840,-39054.144174,-44392.436743,-46839.185059,-68914.480507
1762668966.760839,-39063.680917,-44403.500855,-46839.568764,-68916.767836
1762668966.770810,-39004.936814,-44351.238757,-46823.926270,-68899.981678
1762668966.774810,-38975.942880,-44319.577515,-46815.916896,-68892.352283
1762668966.778811,-38988.914341,-44328.350574,-46814.389527,-68897.314370
1762668966.782810,-39042.700082,-44373.363256,-46830.032021,-68911.805749
1762668966.770810,-39068.259299,-44405.024499,-46843.383461,-68921.729922
1762668966.774810,-39013.709873,-44363.446534,-46831.555665,-68907.611072
1762668966.786770,-38970.984519,-44314.999133,-46813.629568,-68894.639611
1762668966.790770,-39000.738412,-44328.350574,-46815.916896,-68903.796375
1762668966.788768,-39067.879319,-44396.635145,-46837.661415,-68927.064538
1762668966.792768,-39088.096470,-44420.666993,-46851.392835,-68931.266665
1762668966.798229,-39030.876011,-44371.839613,-46836.897731,-68911.045790
1762668966.802229,-38969.077170,-44324.535877,-46807.523817,-68894.259632
1762668966.817010,-39009.511471,-44361.919165,-46818.967909,-68905.323744
1762668966.821010,-39063.300937,-44405.408204,-46837.277710,-68914.480507
1762668966.818284,-39081.990719,-44426.389039,-46842.239797,-68916.007876
1762668966.822284,-39021.719247,-44383.283705,-46830.412000,-68899.221718
1762668966.831794,-38984.715939,-44353.909791,-46818.967909,-68891.212344
1762668966.835794,-39013.709873,-44370.312244,-46822.402626,-68896.546960
1762668966.832344,-39074.361324,-44413.037598,-46841.092408,-68911.425769
1762668966.836344,-39106.786251,-44446.606189,-46857.878566,-68924.397230
1762668966.847078,-39045.751095,-44400.449842,-46840.712428,-68906.851113
1762668966.851078,-38993.872702,-44347.804040,-46819.351614,-68891.212344
1762668966.861722,-39014.473557,-44352.766126,-46816.680580,-68894.259632
1762668966.865721,-39078.559726,-44407.315552,-46835.370362,-68912.953138
1762668966.869722,-39088.476449,-44418.375939,-46842.999756,-68914.860487
1762668966.873722,-39011.038840,-44353.146106,-46821.638942,-68890.444934
1762668966.861722,-38956.869394,-44296.689332,-46801.421791,-68871.751428
1762668966.865721,-38994.252682,-44329.494238,-46812.482178,-68887.010217
1762668966.867131,-39037.361741,-44371.075928,-46828.124672,-68898.074329
1762668966.871131,-39038.121700,-44385.951012,-46835.754067,-68900.361657
1762668966.877565,-38991.201669,-44343.609363,-46821.258962,-68885.102868
1762668966.881565,-38964.498788,-44315.762818,-46807.523817,-68876.713514
1762668966.900341,-38980.901241,-44327.206910,-46810.574830,-68884.342909
1762668966.904341,-39031.255990,-44370.692223,-46826.597303,-68898.454309
1762668966.905365,-39054.144174,-44402.737170,-46837.277710,-68907.611072
1762668966.909365,-39000.358433,-44358.104467,-46823.926270,-68894.259632
1762668966.913365,-38958.396763,-44309.657067,-46807.143837,-68881.675601
1762668966.917365,-38980.521262,-44324.535877,-46808.287501,-68886.630237
1762668966.907830,-39044.607431,-44390.913099,-46828.888357,-68906.471133
1762668966.911830,-39058.342576,-44414.944947,-46839.568764,-68909.138441
1762668966.922077,-38995.400071,-44362.682849,-46819.351614,-68893.119693
1762668966.926077,-38963.735104,-44323.772192,-46804.092824,-68883.962929
1762668966.940464,-39012.566209,-44369.168580,-46820.495278,-68897.694349
1762668966.944464,-39060.249925,-44411.130250,-46833.846718,-68909.898400
1762668966.940464,-39075.508714,-44429.820031,-46842.239797,-68916.387856
1762668966.944464,-39013.709873,-44383.283705,-46825.073659,-68899.981678
1762668966.948030,-38978.993893,-44345.136732,-46812.482178,-68892.732263
1762668966.952030,-39002.645761,-44353.526086,-46818.967909,-68899.221718
1762668966.965544,-39047.658443,-44394.727796,-46830.795705,-68911.425769
1762668966.969544,-39069.022983,-44418.375939,-46840.712428,-68919.435143
1762668966.973544,-39006.080478,-44361.155480,-46824.309975,-68900.361657
1762668966.977544,-38953.054696,-44311.564416,-46802.185476,-68887.397647
1762668966.988092,-38967.933506,-44318.813831,-46797.987074,-68890.824914
1762668966.992092,-39027.441293,-44384.427369,-46825.833619,-68907.991052
1762668966.996340,-39035.454392,-44398.922473,-46834.990382,-68911.805749
1762668967.000340,-38984.335959,-44339.794666,-46816.680580,-68892.732263
1762668966.996340,-38944.281638,-44295.545667,-46802.185476,-68879.000843
1762668967.000340,-38975.942880,-44325.679541,-46806.380153,-68890.064955
1762668967.004340,-39025.917649,-44368.784875,-46822.402626,-68904.563785
1762668967.008340,-39039.649069,-44384.807348,-46832.703054,-68907.611072
1762668967.011285,-38985.863328,-44337.507337,-46815.536916,-68887.777627
1762668967.015285,-38950.767368,-44302.411377,-46801.801771,-68878.240883
1762668967.013085,-38975.942880,-44318.813831,-46807.143837,-68883.962929
1762668967.017085,-39032.783359,-44366.877526,-46825.453639,-68901.889026
1762668967.013085,-39061.393589,-44408.079237,-46842.239797,-68914.860487
1762668967.017085,-39010.658860,-44377.177954,-46829.648316,-68899.981678
1762668967.026822,-38966.026157,-44331.401587,-46812.102199,-68887.777627
1762668967.030822,-38986.623287,-44343.229383,-46815.916896,-68894.259632
1762668967.031624,-39048.805833,-44411.893934,-46836.517751,-68914.860487
1762668967.035624,-39066.731930,-44436.689466,-46844.147146,-68918.675184
1762668967.039932,-39013.709873,-44384.427369,-46823.926270,-68900.749087
1762668967.043931,-38968.697190,-44331.401587,-46801.421791,-68886.250257
1762668967.055389,-38995.400071,-44361.155480,-46812.102199,-68900.361657
1762668967.059389,-39036.978036,-44395.487756,-46826.217324,-68912.953138
1762668967.057398,-39044.227451,-44403.117150,-46828.888357,-68915.620446
1762668967.061398,-38992.345333,-44347.044080,-46810.194850,-68896.934390
1762668967.080867,-38956.869394,-44305.082411,-46796.079725,-68884.722888
1762668967.084867,-38971.364498,-44310.804456,-46798.750758,-68885.490298
1762668967.080867,-39009.511471,-44347.044080,-46814.389527,-68897.314370
1762668967.084867,-39030.492306,-44381.376356,-46824.309975,-68904.943764
1762668967.086012,-38969.840854,-44335.979968,-46804.092824,-68886.630237
1762668967.090012,-38929.402828,-44292.110950,-46787.686646,-68869.464099
1762668967.087337,-38949.623704,-44303.175062,-46787.686646,-68874.046206
1762668967.091337,-39019.048214,-44371.839613,-46811.338514,-68898.841739
1762668967.101396,-39036.978036,-44387.478381,-46818.967909,-68902.269006
1762668967.105396,-38974.035531,-44335.216284,-46800.278127,-68884.722888
1762668967.101396,-38935.508579,-44294.398278,-46784.635633,-68870.991468
1762668967.105396,-38973.655552,-44335.979968,-46793.792397,-68882.815540
1762668967.116711,-39032.783359,-44380.992651,-46810.574830,-68896.546960
1762668967.120711,-39045.371115,-44388.242066,-46822.402626,-68896.166980
1762668967.120505,-38986.243308,-44345.136732,-46806.760132,-68879.380822
1762668967.124505,-38958.396763,-44326.063246,-46800.658107,-68876.713514
1762668967.128128,-38983.192295,-44345.516711,-46805.236489,-68885.490298
1762668967.132128,-39017.904550,-44383.283705,-46817.060560,-68895.027041
1762668967.132063,-39039.649069,-44410.746545,-46826.217324,-68899.981678
1762668967.136063,-39000.358433,-44365.733862,-46813.629568,-68884.342909
1762668967.142312,-38965.262473,-44319.957495,-46792.648733,-68873.278797
1762668967.146312,-38982.048631,-44329.494238,-46794.172376,-68879.380822
1762668967.142312,-39034.307003,-44384.807348,-46817.060560,-68897.694349
1762668967.146312,-39043.463767,-44389.005750,-46822.402626,-68897.694349
1762668967.161458,-38976.326585,-44331.401587,-46800.658107,-68880.908191
1762668967.165458,-38934.744895,-44282.954186,-46784.255654,-68867.556751
1762668967.176478,-38963.355124,-44314.999133,-46792.648733,-68881.288171
1762668967.180478,-39014.473557,-44353.526086,-46807.143837,-68896.546960
1762668967.176478,-39022.862911,-44361.919165,-46813.629568,-68897.314370
1762668967.180478,-38957.253098,-44312.711805,-46794.556081,-68879.380822
1762668967.188212,-38920.629770,-44277.615845,-46780.440956,-68869.844079
1762668967.192212,-38947.716355,-44292.874634,-46786.163002,-68873.278797
1762668967.192889,-39001.882076,-44337.507337,-46804.092824,-68882.815540
1762668967.196889,-39016.380906,-44368.024915,-46814.773232,-68894.639611
1762668967.205183,-38962.975144,-44323.392212,-46799.894422,-68879.768252
1762668967.209183,-38935.124874,-44284.861535,-46786.926687,-68867.936730
1762668967.207378,-38957.633078,-44302.411377,-46792.265028,-68874.426186
1762668967.211378,-39026.677608,-44379.085302,-46814.009547,-68901.509047
1762668967.222422,-39044.227451,-44397.778809,-46824.309975,-68906.083703
1762668967.226422,-38983.955979,-44350.095093,-46804.852784,-68888.537586
1762668967.232456,-38943.137974,-44314.235449,-46787.686646,-68877.093494
1762668967.236456,-38978.993893,-44344.753027,-46789.977700,-68885.102868
1762668967.240456,-39027.824998,-44377.941638,-46802.185476,-68891.212344
1762668967.244456,-39042.700082,-44402.737170,-46822.402626,-68903.416395
1762668967.232456,-38986.623287,-44360.395521,-46809.814870,-68890.824914
1762668967.236456,-38956.105709,-44320.721179,-46797.607094,-68874.426186
1762668967.242868,-38990.821689,-44326.823205,-46808.287501,-68879.000843
1762668967.246868,-39036.214352,-44360.395521,-46819.351614,-68890.444934
1762668967.252977,-39048.805833,-44384.427369,-46831.939369,-68896.934390
1762668967.256977,-38982.808590,-44335.599989,-46820.111573,-68882.435560
1762668967.268667,-38939.703256,-44289.059937,-46803.329140,-68867.556751
1762668967.272666,-38959.540427,-44301.267713,-46802.945435,-68869.464099
1762668967.268667,-39024.770260,-44366.877526,-46827.360988,-68894.639611
1762668967.272666,-39033.163339,-44376.414269,-46835.754067,-68899.221718
1762668967.280958,-38962.975144,-44313.855469,-46807.143837,-68876.333535
1762668967.284958,-38924.828172,-44275.324792,-46794.936061,-68865.269423
1762668967.294336,-38962.591439,-44318.050146,-46809.051186,-68880.908191
1762668967.298336,-39008.751512,-44359.631836,-46822.402626,-68893.119693
1762668967.294336,-39017.524570,-44372.599572,-46827.740967,-68896.166980
1762668967.298336,-38961.827755,-44319.957495,-46808.667481,-68878.240883
1762668967.318148,-38927.879184,-44288.676232,-46794.936061,-68870.231509
1762668967.322148,-38969.077170,-44318.050146,-46807.143837,-68878.620863
1762668967.325209,-39023.246616,-44369.932264,-46823.546290,-68891.592324
1762668967.329209,-39053.764194,-44405.788183,-46835.754067,-68899.601698
1762668967.333209,-38996.923715,-44356.580824,-46817.824244,-68882.055581
1762668967.337209,-38966.406137,-44317.286462,-46806.380153,-68873.278797
1762668967.325209,-38994.252682,-44333.692640,-46813.245863,-68877.093494
1762668967.329209,-39057.195187,-44400.066137,-46838.041395,-68895.407021
1762668967.341046,-39067.495614,-44406.551868,-46844.147146,-68893.119693
1762668967.345046,-39000.358433,-44346.660376,-46823.926270,-68874.046206
1762668967.342901,-38960.304111,-44304.698706,-46806.000173,-68861.074746
1762668967.346901,-38998.067379,-44337.887317,-46814.009547,-68870.231509
1762668967.365932,-39038.885385,-44368.404895,-46828.504652,-68880.908191
1762668967.369932,-39036.598057,-44368.784875,-46833.846718,-68879.000843
1762668967.371927,-38967.933506,-44312.711805,-46812.102199,-68858.787417
1762668967.375927,-38930.550218,-44278.759509,-46794.556081,-68851.538002
1762668967.379927,-38949.239999,-44288.296252,-46793.408692,-68857.640028
1762668967.383927,-38995.400071,-44326.443225,-46806.760132,-68874.046206
1762668967.371927,-39011.038840,-44355.053455,-46819.731593,-68883.962929
1762668967.375927,-38947.716355,-44304.318726,-46805.236489,-68863.362074
1762668967.386339,-38914.907724,-44266.935438,-46788.450330,-68851.917982
1762668967.390339,-38939.323276,-44279.903173,-46791.885048,-68857.260048
1762668967.386339,-39004.553109,-44342.465699,-46812.102199,-68876.333535
1762668967.390339,-39014.089853,-44353.909791,-46817.824244,-68877.473474
1762668967.406901,-38942.374289,-44301.647693,-46799.514443,-68858.399987
1762668967.410901,-38915.671408,-44267.315418,-46788.834035,-68850.010633
1762668967.416675,-38973.271847,-44313.091785,-46804.852784,-68869.084120
1762668967.420675,-39024.770260,-44358.868152,-46821.258962,-68881.288171
1762668967.416675,-39034.690708,-44374.890625,-46827.740967,-68881.288171
1762668967.420675,-38980.521262,-44340.558350,-46814.773232,-68871.371448
1762668967.431179,-38962.591439,-44324.155897,-46807.523817,-68870.231509
1762668967.435179,-38997.307420,-44355.433434,-46817.824244,-68883.195519
1762668967.431179,-39051.856846,-44403.880835,-46837.661415,-68901.889026
1762668967.435179,-39074.361324,-44435.162097,-46852.156520,-68915.240467
1762668967.446388,-39005.316794,-44379.085302,-46836.134046,-68896.934390
1762668967.450387,-38982.808590,-44339.030981,-46826.597303,-68887.397647
1762668967.450536,-39011.802524,-44348.187745,-46831.555665,-68890.064955
1762668967.454536,-39075.125009,-44408.839196,-46852.536500,-68906.471133
1762668967.461208,-39080.467075,-44403.880835,-46858.258545,-68904.943764
1762668967.465208,-38996.160030,-44331.401587,-46831.555665,-68882.055581
1762668967.476971,-38948.096335,-44287.916273,-46817.060560,-68873.278797
1762668967.480971,-38983.955979,-44324.155897,-46831.555665,-68888.157606
1762668967.484971,-39025.917649,-44360.011816,-46842.999756,-68897.314370
1762668967.488971,-39020.955563,-44365.353882,-46842.239797,-68893.879652
1762668967.476971,-38958.396763,-44316.906482,-46823.926270,-68879.000843
1762668967.480971,-38924.444467,-44289.439917,-46809.431165,-68874.426186
1762668967.488964,-38961.827755,-44304.318726,-46814.009547,-68879.768252
1762668967.492964,-39012.182504,-44345.896691,-46830.412000,-68893.119693
1762668967.488964,-39032.019675,-44377.561659,-46846.054494,-68902.656436
1762668967.492964,-38965.642452,-44320.721179,-46828.888357,-68882.435560
1762668967.512085,-38930.930197,-44283.337891,-46811.722219,-68871.751428
1762668967.516085,-38956.105709,-44302.027673,-46819.731593,-68881.288171
1762668967.521652,-39026.297629,-44377.561659,-46844.527125,-68907.611072
1762668967.525652,-39034.690708,-44394.344091,-46854.443848,-68911.425769
1762668967.521652,-38968.697190,-44344.373047,-46832.319349,-68895.787001
1762668967.525652,-38940.466940,-44323.008507,-46817.060560,-68892.732263
1762668967.536882,-38981.664926,-44365.733862,-46830.795705,-68909.138441
1762668967.540882,-39043.083787,-44415.324926,-46855.207533,-68923.249841
1762668967.550058,-39065.588266,-44426.005334,-46863.220632,-68925.157189
1762668967.554058,-39002.645761,-44375.270605,-46845.670789,-68906.083703
1762668967.553015,-38967.549801,-44340.174645,-46834.990382,-68891.212344
1762668967.557015,-38996.923715,-44348.951429,-46841.856092,-68896.546960
1762668967.553015,-39044.991136,-44382.900000,-46855.591238,-68908.378482
1762668967.557015,-39062.157273,-44403.117150,-46864.744276,-68912.573159
1762668967.566622,-38987.770677,-44340.938330,-46841.092408,-68889.304996
1762668967.570621,-38941.610605,-44292.110950,-46816.296875,-68875.186145
1762668967.566622,-38960.304111,-44296.689332,-46819.731593,-68877.860904
1762668967.570621,-39027.441293,-44365.353882,-46849.105507,-68899.601698
1762668967.580901,-39018.288255,-44363.826513,-46846.434474,-68894.259632
1762668967.584901,-38938.179612,-44295.545667,-46819.351614,-68870.231509
1762668967.580901,-38905.370981,-44259.686023,-46802.565455,-68862.214684
1762668967.584901,-38950.767368,-44302.027673,-46818.587929,-68878.240883
1762668967.601365,-38996.160030,-44348.187745,-46836.517751,-68891.972303
1762668967.605365,-39006.460458,-44354.289770,-46841.476113,-68890.444934
1762668967.601365,-38941.994309,-44306.989759,-46822.018921,-68875.953555
1762668967.605365,-38917.578757,-44285.245240,-46810.574830,-68871.371448
1762668967.611434,-38956.489414,-44306.226075,-46817.060560,-68878.620863
1762668967.615434,-39009.131491,-44354.289770,-46837.661415,-68895.787001
1762668967.611434,-39032.783359,-44392.436743,-46850.629151,-68907.991052
1762668967.615434,-38969.457150,-44343.229383,-46833.463013,-68892.352283
1762668967.626339,-38941.610605,-44318.433851,-46821.258962,-68885.490298
1762668967.630339,-38981.664926,-44340.938330,-46830.032021,-68895.027041
1762668967.643996,-39046.514779,-44406.931847,-46852.536500,-68915.240467
1762668967.647996,-39048.042148,-44413.417578,-46860.929579,-68913.713098
1762668967.643996,-38986.623287,-44353.526086,-46846.054494,-68896.934390
1762668967.647996,-38952.291012,-44315.762818,-46828.504652,-68886.250257
1762668967.652488,-38989.294320,-44341.702014,-46834.610403,-68895.787001
1762668967.656487,-39036.978036,-44375.654310,-46849.485487,-68905.323744
1762668967.652488,-39034.690708,-44375.654310,-46851.012856,-68903.416395
1762668967.656487,-38967.933506,-44325.679541,-46829.268336,-68886.250257
1762668967.671799,-38934.364915,-44297.069311,-46816.680580,-68880.908191
1762668967.675799,-38962.211460,-44316.526502,-46819.731593,-68888.917565
1762668967.673408,-39006.844163,-44352.382421,-46831.939369,-68897.694349
1762668967.677408,-39025.533944,-44374.890625,-46843.383461,-68902.269006
1762668967.698170,-38955.345750,-44318.050146,-46821.258962,-68880.148232
1762668967.702170,-38912.236691,-44275.324792,-46803.329140,-68866.796792
1762668967.698170,-38943.137974,-44285.245240,-46801.801771,-68870.991468
1762668967.702170,-39018.288255,-44353.909791,-46830.412000,-68891.972303
1762668967.701887,-39010.658860,-44357.340783,-46838.805079,-68890.824914
1762668967.705887,-38943.901658,-44300.504029,-46817.060560,-68870.611489
1762668967.703092,-38908.805698,-44274.181128,-46806.380153,-68865.649402
1762668967.707092,-38957.633078,-44318.050146,-46818.587929,-68881.288171
1762668967.714180,-39017.140865,-44367.261231,-46835.370362,-68894.259632
1762668967.718180,-39016.760886,-44373.746961,-46838.425100,-68896.934390
1762668967.718194,-38954.198360,-44324.915856,-46820.875257,-68882.055581
1762668967.722194,-38929.402828,-44302.791357,-46810.958534,-68874.426186
1762668967.731401,-38964.118809,-44330.637902,-46820.875257,-68885.102868
1762668967.735401,-39014.853537,-44374.126941,-46836.897731,-68899.981678
1762668967.736979,-39036.598057,-44403.117150,-46851.012856,-68906.851113
1762668967.740979,-38975.179195,-44340.174645,-46831.939369,-68884.342909
1762668967.747327,-38949.239999,-44299.740344,-46820.875257,-68872.518837
1762668967.751327,-38978.613913,-44313.855469,-46827.360988,-68881.675601
1762668967.761804,-39044.227451,-44377.941638,-46852.536500,-68902.269006
1762668967.765804,-39043.463767,-44375.654310,-46854.063869,-68898.074329
1762668967.761804,-38977.850229,-44313.855469,-46833.463013,-68875.953555
1762668967.765804,-38938.179612,-44286.388904,-46820.111573,-68869.084120
1762668967.785309,-38964.118809,-44318.050146,-46830.032021,-68880.908191
1762668967.789309,-39019.811898,-44360.395521,-46845.290810,-68891.972303
1762668967.785309,-39018.288255,-44360.775501,-46843.383461,-68890.444934
1762668967.789309,-38953.818381,-44311.564416,-46818.967909,-68875.186145
1762668967.787072,-38926.351815,-44287.532568,-46805.236489,-68869.084120
1762668967.791072,-38961.827755,-44310.040772,-46812.482178,-68875.186145
1762668967.787072,-39004.553109,-44349.331409,-46828.124672,-68887.397647
1762668967.791072,-39017.524570,-44378.321618,-46839.948744,-68895.787001
1762668967.796792,-38957.633078,-44323.008507,-46821.638942,-68877.860904
1762668967.800792,-38925.971836,-44291.347265,-46807.523817,-68867.936730
1762668967.807088,-38954.198360,-44316.526502,-46807.907522,-68875.186145
1762668967.811088,-39015.233517,-44387.098402,-46830.795705,-68899.981678
1762668967.821750,-39015.617222,-44392.820448,-46834.610403,-68899.981678
1762668967.825750,-38960.304111,-44333.308935,-46813.245863,-68879.000843
1762668967.827913,-38931.693882,-44304.698706,-46800.278127,-68870.611489
1762668967.831913,-38974.035531,-44345.896691,-46814.773232,-68881.675601
1762668967.837951,-39027.824998,-44384.427369,-46831.555665,-68890.824914
1762668967.841951,-39032.399654,-44385.191053,-46831.939369,-68888.917565
1762668967.837951,-38974.799216,-44341.322035,-46822.402626,-68877.093494
1762668967.841951,-38947.332650,-44315.762818,-46818.587929,-68873.278797
1762668967.850106,-38977.470249,-44336.359948,-46826.981008,-68881.675601
1762668967.854106,-39025.917649,-44367.641211,-46834.990382,-68889.304996
1762668967.850106,-39040.029049,-44393.964112,-46843.383461,-68895.787001
1762668967.854106,-38961.827755,-44324.535877,-46823.546290,-68877.473474
1762668967.867294,-38932.457566,-44282.954186,-46809.431165,-68864.889443
1762668967.871294,-38969.077170,-44303.935021,-46818.967909,-68871.751428
1762668967.878549,-39029.732347,-44369.932264,-46842.239797,-68896.546960
1762668967.882549,-39020.955563,-44364.970177,-46843.383461,-68890.444934
1762668967.878549,-38957.633078,-44308.513403,-46823.166311,-68869.464099
1762668967.882549,-38924.444467,-44276.088476,-46809.814870,-68859.927356
1762668967.894168,-38967.549801,-44307.369739,-46818.587929,-68869.844079
1762668967.898168,-39019.811898,-44355.053455,-46834.610403,-68884.722888
1762668967.898168,-39019.431919,-44357.340783,-46838.425100,-68884.342909
1762668967.902168,-38958.776742,-44313.091785,-46820.875257,-68869.844079
1762668967.911446,-38928.642869,-44287.532568,-46807.143837,-68863.742054
1762668967.915446,-38967.933506,-44314.999133,-46817.060560,-68872.518837
1762668967.912950,-39017.524570,-44360.011816,-46836.517751,-68883.962929
1762668967.916950,-39030.112326,-44386.714697,-46846.814454,-68889.304996
1762668967.927433,-38967.169821,-44329.114258,-46826.597303,-68865.649402
1762668967.931433,-38933.981210,-44294.018298,-46813.245863,-68852.677941
1762668967.927952,-38964.118809,-44315.762818,-46820.495278,-68859.927356
1762668967.931952,-39032.783359,-44387.098402,-46849.485487,-68882.815540
1762668967.938940,-39040.792733,-44395.107776,-46847.578138,-68882.055581
1762668967.942940,-38985.479623,-44334.836304,-46827.360988,-68862.982094
1762668967.938940,-38949.239999,-44305.842370,-46815.536916,-68856.880069
1762668967.942940,-38989.678025,-44339.794666,-46826.981008,-68868.704140
1762668967.955558,-39042.700082,-44372.599572,-46841.092408,-68881.288171
1762668967.959558,-39030.876011,-44364.970177,-46840.712428,-68877.860904
1762668967.971745,-38977.086544,-44318.050146,-46823.166311,-68862.982094
1762668967.975745,-38939.323276,-44291.347265,-46814.773232,-68856.492639
1762668967.971745,-38965.642452,-44311.948121,-46820.495278,-68865.269423
1762668967.975745,-39012.182504,-44353.526086,-46838.041395,-68878.240883
1762668967.979745,-39019.431919,-44372.983277,-46843.383461,-68883.195519
1762668967.983745,-38949.239999,-44313.091785,-46821.258962,-68862.982094
1762668967.979118,-38914.144039,-44277.232140,-46807.523817,-68851.917982
1762668967.983118,-38941.994309,-44291.347265,-46806.380153,-68858.020008
1762668967.999561,-39006.460458,-44363.062829,-46829.648316,-68882.055581
1762668968.003561,-39002.645761,-44365.353882,-46834.610403,-68882.435560
1762668967.999561,-38937.415928,-44309.657067,-46813.629568,-68863.742054
1762668968.003561,-38912.620395,-44283.337891,-46799.894422,-68856.112659
1762668968.020275,-38958.013058,-44318.050146,-46813.245863,-68866.796792
1762668968.024275,-39008.751512,-44361.539185,-46831.175685,-68880.528212
1762668968.020275,-39004.173130,-44355.817139,-46832.703054,-68879.768252
1762668968.024275,-38938.939571,-44308.133423,-46812.102199,-68860.307336
1762668968.030310,-38919.866085,-44291.730970,-46805.236489,-68853.445351
1762668968.034310,-38953.054696,-44313.855469,-46817.060560,-68861.834705
1762668968.030310,-39011.418819,-44355.053455,-46836.897731,-68875.186145
1762668968.034310,-39034.307003,-44380.228966,-46847.198159,-68883.582950
1762668968.040729,-38966.789842,-44321.484864,-46825.453639,-68866.029382
1762668968.044729,-38939.323276,-44290.967286,-46809.431165,-68855.732679
1762668968.040729,-38976.706564,-44316.526502,-46817.444265,-68864.509463
1762668968.044729,-39041.556418,-44385.571033,-46845.290810,-68889.304996
1762668968.070761,-39034.690708,-44383.283705,-46847.198159,-68887.777627
1762668968.074761,-38967.549801,-44318.433851,-46827.360988,-68870.611489
1762668968.070761,-38939.323276,-44288.676232,-46818.204224,-68867.176771
1762668968.074761,-38972.128183,-44327.970594,-46830.412000,-68881.288171
1762668968.075021,-39018.668234,-44373.746961,-46852.156520,-68894.639611
1762668968.079021,-39020.575583,-44376.797974,-46856.734902,-68895.027041
1762668968.091018,-38963.735104,-44331.021607,-46839.185059,-68883.195519
1762668968.095018,-38937.795907,-44305.462390,-46828.504652,-68877.093494
1762668968.099019,-38969.457150,-44334.452599,-46844.907105,-68890.444934
1762668968.103019,-39026.297629,-44376.797974,-46865.127981,-68906.471133
1762668968.091018,-39036.978036,-44393.964112,-46872.373670,-68910.285830
1762668968.095018,-38966.789842,-44330.637902,-46848.721802,-68887.397647
1762668968.116152,-38938.179612,-44301.267713,-46835.370362,-68877.473474
1762668968.120152,-38976.706564,-44329.494238,-46841.092408,-68885.870278
1762668968.121906,-39048.422128,-44401.593506,-46871.993691,-68908.378482
1762668968.125906,-39039.269090,-44393.964112,-46874.281019,-68906.083703
1762668968.121906,-38964.882493,-44329.494238,-46852.156520,-68881.288171
1762668968.125906,-38945.809007,-44312.328100,-46843.383461,-68879.000843
1762668968.136465,-38996.160030,-44349.331409,-46855.591238,-68896.166980
1762668968.140465,-39048.805833,-44397.015125,-46873.517334,-68909.518421
1762668968.136979,-39048.042148,-44393.580407,-46876.188368,-68904.943764
1762668968.140979,-38996.160030,-44347.044080,-46857.114881,-68889.684975
1762668968.150932,-38964.882493,-44320.721179,-46846.054494,-68882.435560
1762668968.154932,-38995.016366,-44342.465699,-46851.776540,-68890.444934
1762668968.154415,-39041.176438,-44384.807348,-46866.271645,-68901.889026
1762668968.158415,-39040.412754,-44406.171888,-46871.609986,-68907.611072
1762668968.172628,-38977.850229,-44342.845678,-46847.961843,-68888.917565
1762668968.176628,-38954.198360,-44316.906482,-46842.999756,-68886.250257
1762668968.193029,-38991.585374,-44342.465699,-46850.629151,-68897.314370
1762668968.197029,-39051.856846,-44412.653893,-46878.095716,-68917.147815
1762668968.193029,-39043.843746,-44411.510229,-46877.332032,-68913.333118
1762668968.197029,-38973.655552,-44345.516711,-46850.629151,-68895.027041
1762668968.193029,-38959.160447,-44325.299561,-46845.290810,-68891.972303
1762668968.197029,-38997.687399,-44362.302870,-46859.405935,-68904.563785
1762668968.193029,-39051.473141,-44403.117150,-46876.952052,-68915.620446
1762668968.197029,-39051.856846,-44402.357191,-46879.239380,-68912.573159
1762668968.193029,-38990.821689,-44348.187745,-46862.073243,-68893.119693
1762668968.197029,-38960.684091,-44314.235449,-46852.156520,-68884.342909
1762668968.215668,-38999.594748,-44343.989342,-46864.364296,-68895.787001
1762668968.219668,-39056.435227,-44382.900000,-46886.108816,-68910.665810
1762668968.226954,-39074.361324,-44413.801283,-46901.747584,-68917.915225
1762668968.230954,-38999.594748,-44351.238757,-46875.044703,-68891.972303
1762668968.234954,-38967.549801,-44313.091785,-46856.734902,-68876.713514
1762668968.238954,-39003.789425,-44338.267297,-46864.744276,-68883.195519
1762668968.242084,-39062.917233,-44399.686158,-46886.868775,-68904.563785
1762668968.246084,-39057.958871,-44398.922473,-46887.632459,-68903.416395
1762668968.244170,-38983.955979,-44337.123632,-46865.127981,-68883.582950
1762668968.248170,-38967.549801,-44315.762818,-46854.063869,-68878.620863
1762668968.254555,-38999.214768,-44350.095093,-46859.022230,-68890.444934
1762668968.258554,-39044.227451,-44397.778809,-46876.952052,-68905.323744
1762668968.254555,-39032.783359,-44389.005750,-46874.664724,-68901.889026
1762668968.258554,-38978.613913,-44347.044080,-46859.022230,-68888.157606
1762668968.271909,-38956.105709,-44327.206910,-46854.827553,-68884.722888
1762668968.275909,-38996.923715,-44355.053455,-46862.456948,-68893.879652
1762668968.273105,-39043.463767,-44393.200427,-46873.137355,-68905.323744
1762668968.277105,-39042.700082,-44414.181262,-46882.294118,-68911.045790
1762668968.286878,-38976.326585,-44351.238757,-46859.405935,-68891.592324
1762668968.290878,-38951.147348,-44320.721179,-46847.198159,-68885.102868
1762668968.286878,-38996.543735,-44347.044080,-46858.642250,-68893.879652
1762668968.290878,-39059.102535,-44408.839196,-46884.201467,-68912.953138
1762668968.305639,-39053.380489,-44406.171888,-46885.345131,-68910.665810
1762668968.309639,-38987.006992,-44344.753027,-46867.415309,-68890.444934
1762668968.305639,-38971.364498,-44326.443225,-46859.022230,-68887.397647
1762668968.309639,-39013.326168,-44364.210218,-46874.281019,-68901.129067
1762668968.315707,-39062.157273,-44405.408204,-46894.118190,-68914.860487
1762668968.319707,-39059.486240,-44404.264539,-46896.405518,-68912.193179
1762668968.317473,-39012.566209,-44369.548559,-46882.294118,-68898.841739
1762668968.321473,-38996.923715,-44343.609363,-46874.664724,-68892.732263
1762668968.331869,-39034.690708,-44367.641211,-46885.725111,-68901.509047
1762668968.335869,-39070.930332,-44403.500855,-46901.367605,-68912.573159
1762668968.349678,-39070.546627,-44418.759644,-46904.798597,-68913.333118
1762668968.353678,-38995.400071,-44352.002442,-46878.479421,-68891.972303
1762668968.349678,-38969.457150,-44323.008507,-46867.035329,-68887.010217
1762668968.353678,-39002.265781,-44351.618737,-46874.664724,-68898.074329
1762668968.357104,-39056.435227,-44399.686158,-46890.683472,-68912.193179
1762668968.361104,-39043.083787,-44392.056763,-46889.539808,-68907.611072
1762668968.362998,-38970.220834,-44322.628528,-46866.271645,-68882.815540
1762668968.366998,-38944.281638,-44301.267713,-46853.683889,-68877.473474
1762668968.376511,-38987.770677,-44338.651001,-46865.507960,-68890.064955
1762668968.380511,-39040.029049,-44376.797974,-46876.188368,-68898.454309
1762668968.398105,-39029.732347,-44372.599572,-46871.230006,-68893.879652
1762668968.402105,-38976.706564,-44332.545251,-46858.642250,-68885.102868
1762668968.398105,-38957.253098,-44306.226075,-46849.105507,-68879.768252
1762668968.402105,-38993.109018,-44335.216284,-46858.258545,-68889.304996
1762668968.398105,-39034.690708,-44373.363256,-46867.035329,-68899.981678
1762668968.402105,-39034.690708,-44384.043664,-46868.558973,-68899.221718
1762668968.408140,-38975.562900,-44326.823205,-46853.683889,-68879.768252
1762668968.412140,-38957.633078,-44304.698706,-46848.721802,-68874.046206
1762668968.408140,-38997.307420,-44335.599989,-46857.114881,-68884.722888
1762668968.412140,-39072.073996,-44409.986585,-46885.345131,-68907.611072
1762668968.421411,-39078.559726,-44410.746545,-46891.447157,-68904.176354
1762668968.425411,-39005.696774,-44350.095093,-46872.373670,-68882.815540
1762668968.421411,-38994.636387,-44336.359948,-46869.702637,-68882.815540
1762668968.425411,-39045.371115,-44377.941638,-46889.539808,-68899.601698
1762668968.436466,-39094.198495,-44419.139624,-46902.127564,-68911.045790
1762668968.440466,-39071.694016,-44402.357191,-46896.789223,-68902.656436
1762668968.449544,-39013.326168,-44355.817139,-46880.003065,-68885.870278
1762668968.453544,-38981.284946,-44329.114258,-46867.795289,-68877.860904
1762668968.457544,-39007.987827,-44352.766126,-46871.609986,-68887.397647
1762668968.461544,-39056.815207,-44389.005750,-46886.108816,-68899.981678
1762668968.466875,-39052.620530,-44403.117150,-46891.830862,-68904.943764
1762668968.470875,-38975.942880,-44335.979968,-46868.178993,-68881.675601
1762668968.466875,-38946.188986,-44305.082411,-46859.022230,-68873.658776
1762668968.470875,-38984.335959,-44331.401587,-46865.507960,-68880.148232
1762668968.489201,-39038.885385,-44379.469007,-46882.674098,-68890.824914
1762668968.493201,-39030.492306,-44372.219592,-46883.817762,-68884.722888
1762668968.496458,-38957.253098,-44305.082411,-46862.456948,-68862.602115
1762668968.500458,-38943.901658,-44290.583581,-46854.827553,-68861.454725
1762668968.504458,-38998.831064,-44335.599989,-46870.850027,-68877.860904
1762668968.508458,-39054.527879,-44382.520020,-46889.539808,-68891.972303
1762668968.496458,-39043.463767,-44371.455908,-46886.108816,-68887.010217
1762668968.500458,-38988.530636,-44331.021607,-46868.558973,-68873.658776
1762668968.510497,-38969.457150,-44310.804456,-46854.827553,-68866.416812
1762668968.514497,-39009.511471,-44344.753027,-46867.035329,-68880.148232
1762668968.510497,-39059.866220,-44387.858361,-46883.817762,-68893.119693
1762668968.514497,-39070.166647,-44408.459216,-46891.830862,-68896.166980
1762668968.526166,-39007.224143,-44346.660376,-46872.757375,-68875.953555
1762668968.530166,-38990.058005,-44324.535877,-46863.220632,-68871.371448
1762668968.533047,-39035.070688,-44361.155480,-46873.137355,-68885.102868
1762668968.537047,-39096.105844,-44423.718005,-46900.603920,-68909.898400
1762668968.544475,-39081.230760,-44416.088611,-46897.552907,-68907.231092
1762668968.548475,-38997.687399,-44343.609363,-46866.651624,-68883.582950
1762668968.544475,-38985.479623,-44325.299561,-46858.258545,-68880.528212
1762668968.548475,-39014.089853,-44357.340783,-46869.322658,-68893.119693
1762668968.555053,-39053.000510,-44390.529394,-46880.386770,-68901.889026
1762668968.559053,-39027.824998,-44365.733862,-46875.044703,-68890.444934
1762668968.555053,-38962.591439,-44317.670166,-46859.785914,-68875.566125
1762668968.559053,-38942.374289,-44294.781983,-46851.392835,-68870.611489
1762668968.581730,-38976.706564,-44321.864843,-46859.022230,-68879.768252
1762668968.585730,-39018.288255,-44360.011816,-46869.702637,-68890.444934
1762668968.584372,-39010.658860,-44371.455908,-46874.664724,-68896.934390
1762668968.588372,-38937.795907,-44302.791357,-46851.392835,-68875.566125
1762668968.592207,-38919.106126,-44276.852161,-46842.999756,-68867.556751
1762668968.596207,-38959.540427,-44306.226075,-46852.536500,-68875.186145
1762668968.600207,-39020.575583,-44365.353882,-46871.993691,-68893.119693
1762668968.604207,-39012.566209,-44363.062829,-46873.901039,-68887.010217
1762668968.602322,-38946.568966,-44302.791357,-46852.156520,-68862.214684
1762668968.606322,-38951.911032,-44304.318726,-46851.392835,-68863.362074
1762668968.615867,-39002.265781,-44345.136732,-46868.178993,-68878.240883
1762668968.619867,-39052.236825,-44387.478381,-46888.016164,-68891.212344
1762668968.621186,-39032.399654,-44372.219592,-46884.961426,-68884.342909
1762668968.625186,-38972.891867,-44329.114258,-46866.271645,-68869.464099
1762668968.628506,-38956.869394,-44309.657067,-46855.971217,-68864.122033
1762668968.632506,-39003.409445,-44340.938330,-46860.549599,-68875.186145
1762668968.628506,-39055.287838,-44390.529394,-46877.332032,-68889.684975
1762668968.632506,-39055.287838,-44405.788183,-46884.961426,-68894.639611
1762668968.643012,-38973.655552,-44339.794666,-46862.456948,-68874.806166
1762668968.647012,-38945.809007,-44313.471764,-46849.105507,-68867.936730
1762668968.647808,-38993.109018,-44351.238757,-46862.456948,-68880.148232
1762668968.651808,-39049.949497,-44408.459216,-46883.054078,-68897.694349
1762668968.661785,-39037.361741,-44395.107776,-46884.581447,-68892.732263
1762668968.665785,-38962.975144,-44326.063246,-46858.642250,-68870.991468
1762668968.662789,-38954.962045,-44306.606054,-46850.629151,-68867.936730
1762668968.666789,-38989.294320,-44343.229383,-46862.456948,-68880.908191
1762668968.677152,-39039.649069,-44384.807348,-46879.239380,-68893.879652
1762668968.681152,-39027.441293,-44371.455908,-46875.808388,-68890.064955
1762668968.677152,-38970.220834,-44326.823205,-46858.258545,-68875.186145
1762668968.681152,-38954.198360,-44303.935021,-46850.249171,-68870.611489
1762668968.688665,-38990.437984,-44335.216284,-46865.507960,-68882.435560
1762668968.692665,-39034.307003,-44375.654310,-46883.817762,-68895.787001
1762668968.705352,-39036.978036,-44389.385730,-46888.776124,-68897.314370
1762668968.709352,-38964.882493,-44322.628528,-46868.942678,-68874.426186
1762668968.705352,-38942.374289,-44295.545667,-46857.114881,-68866.029382
1762668968.709352,-38990.437984,-44334.452599,-46865.887940,-68878.620863
1762668968.724009,-39041.556418,-44389.005750,-46886.868775,-68894.639611
1762668968.728009,-39024.390280,-44379.848987,-46884.961426,-68886.630237
1762668968.724009,-38957.633078,-44314.235449,-46859.785914,-68864.889443
1762668968.728009,-38945.045322,-44304.698706,-46849.105507,-68863.742054
1762668968.736143,-38987.770677,-44337.123632,-46859.022230,-68872.898817
1762668968.740143,-39040.792733,-44378.705323,-46878.479421,-68885.102868
1762668968.736143,-39012.182504,-44363.446534,-46876.572073,-68878.620863
1762668968.740143,-38956.869394,-44327.206910,-46857.114881,-68867.936730
1762668968.744913,-38936.272264,-44309.657067,-46846.814454,-68864.122033
1762668968.748913,-38986.623287,-44340.174645,-46856.734902,-68875.186145
1762668968.744913,-39039.269090,-44379.085302,-46872.373670,-68886.250257
1762668968.748913,-39036.214352,-44395.487756,-46879.623085,-68891.592324
1762668968.775795,-38961.067796,-44327.206910,-46852.920204,-68871.751428
1762668968.779795,-38947.332650,-44303.555042,-46842.999756,-68867.176771
1762668968.775795,-38990.437984,-44339.414686,-46855.591238,-68880.528212
1762668968.779795,-39046.134800,-44398.158789,-46878.859401,-68896.546960
1762668968.777565,-39025.533944,-44383.663684,-46872.757375,-68889.304996
1762668968.781564,-38949.239999,-44313.855469,-46846.054494,-68864.509463
1762668968.777565,-38947.332650,-44309.277087,-46845.670789,-68864.122033
1762668968.781564,-38992.345333,-44344.753027,-46860.549599,-68874.426186
1762668968.796751,-39030.492306,-44380.612671,-46874.664724,-68884.722888
1762668968.800750,-39014.473557,-44361.919165,-46870.086342,-68879.380822
1762668968.798129,-38960.304111,-44318.050146,-46855.971217,-68864.889443
1762668968.802129,-38930.930197,-44289.059937,-46844.147146,-68852.297962
1762668968.821554,-38970.220834,-44311.948121,-46851.012856,-68856.492639
1762668968.825554,-39012.566209,-44350.858778,-46868.178993,-68867.176771
1762668968.826773,-39001.502097,-44358.868152,-46872.757375,-68867.176771
1762668968.830773,-38924.828172,-44292.874634,-46848.721802,-68845.048547
1762668968.827771,-38900.792599,-44268.842787,-46837.277710,-68839.326501
1762668968.831771,-38947.332650,-44303.935021,-46843.763441,-68848.863244
1762668968.839537,-39004.936814,-44360.011816,-46860.929579,-68866.796792
1762668968.843537,-38994.636387,-44352.002442,-46859.022230,-68864.889443
1762668968.839537,-38925.971836,-44289.439917,-46836.517751,-68848.103285
1762668968.843537,-38925.588131,-44289.823622,-46833.846718,-68852.297962
1762668968.863980,-38975.179195,-44340.558350,-46848.721802,-68867.936730
1762668968.867980,-39025.917649,-44389.765710,-46868.178993,-68880.148232
1762668968.866443,-39005.316794,-44373.363256,-46863.600612,-68875.186145
1762668968.870443,-38946.568966,-44332.928956,-46847.198159,-68867.936730
1762668968.871819,-38933.981210,-44321.484864,-46844.147146,-68868.324161
1762668968.875819,-38985.479623,-44359.248132,-46858.642250,-68882.435560
1762668968.873197,-39041.556418,-44403.117150,-46876.188368,-68898.074329
1762668968.877197,-39038.505405,-44415.324926,-46882.674098,-68898.841739
1762668968.886243,-38975.562900,-44354.673475,-46863.220632,-68879.768252
1762668968.890243,-38959.160447,-44335.216284,-46854.827553,-68878.620863
1762668968.886243,-39003.409445,-44372.219592,-46865.507960,-68891.212344
1762668968.890243,-39063.680917,-44425.625354,-46890.683472,-68909.518421
1762668968.910645,-39040.412754,-44405.024499,-46885.725111,-68899.981678
1762668968.914645,-38962.975144,-44330.257922,-46857.114881,-68872.898817
1762668968.918645,-38954.962045,-44316.142797,-46854.827553,-68870.991468
1762668968.922645,-38987.770677,-44346.280396,-46869.702637,-68881.288171
1762668968.916831,-39021.719247,-44382.136315,-46880.386770,-68889.304996
1762668968.920831,-39008.367807,-44358.104467,-46875.424683,-68878.240883
1762668968.917852,-38948.096335,-44310.420752,-46855.971217,-68861.074746
1762668968.921852,-38921.393454,-44284.101576,-46841.476113,-68851.917982
1762668968.931867,-38957.633078,-44312.328100,-46849.485487,-68862.982094
1762668968.935867,-39002.265781,-44350.475073,-46864.364296,-68872.898817
1762668968.939565,-38999.214768,-44356.580824,-46870.466322,-68870.991468
1762668968.943565,-38921.393454,-44290.583581,-46845.670789,-68847.343326
1762668968.939565,-38916.435093,-44276.088476,-46835.754067,-68844.668567
1762668968.943565,-38976.326585,-44324.915856,-46848.341823,-68860.694766
1762668968.962790,-39030.492306,-44380.228966,-46870.850027,-68877.093494
1762668968.966790,-39014.473557,-44375.654310,-46869.702637,-68874.046206
1762668968.976576,-38954.582065,-44320.721179,-46851.392835,-68855.352700
1762668968.980576,-38959.540427,-44327.206910,-46850.629151,-68856.492639
1762668968.984576,-39007.224143,-44366.497546,-46867.035329,-68872.138858
1762668968.988576,-39051.856846,-44411.893934,-46884.961426,-68886.630237
1762668968.977849,-39033.547044,-44396.635145,-46880.003065,-68881.288171
1762668968.981848,-38983.192295,-44358.488172,-46863.980591,-68868.324161
1762668968.989796,-38976.326585,-44348.567724,-46857.114881,-68865.649402
1762668968.993796,-39019.048214,-44385.951012,-46870.850027,-68883.195519
1762668968.989796,-39065.208286,-44428.296387,-46888.776124,-68897.694349
1762668968.993796,-39065.588266,-44439.356774,-46892.974526,-68898.454309
1762668969.010910,-38992.729038,-44371.075928,-46869.322658,-68878.240883
1762668969.014910,-38971.748203,-44341.702014,-46860.165894,-68872.138858
1762668969.021696,-39007.987827,-44374.126941,-46869.702637,-68882.815540
1762668969.025696,-39049.565792,-44422.574341,-46886.868775,-68896.166980
1762668969.029696,-39020.575583,-44396.251440,-46877.332032,-68883.195519
1762668969.033696,-38938.179612,-44316.906482,-46849.485487,-68854.972720
1762668969.023491,-38931.310177,-44310.420752,-46843.383461,-68854.972720
1762668969.027491,-38983.572274,-44339.414686,-46854.443848,-68867.556751
1762668969.036164,-39017.524570,-44369.932264,-46868.178993,-68876.333535
1762668969.040164,-38993.109018,-44350.095093,-46862.456948,-68866.796792
1762668969.038727,-38943.517953,-44311.184436,-46843.763441,-68853.445351
1762668969.042727,-38923.680782,-44286.388904,-46839.185059,-68847.723305
1762668969.051648,-38967.549801,-44319.577515,-46848.721802,-68859.547377
1762668969.055648,-39018.668234,-44363.062829,-46862.073243,-68871.751428
1762668969.066764,-39011.038840,-44375.270605,-46867.035329,-68876.333535
1762668969.070764,-38941.230625,-44314.999133,-46844.907105,-68856.112659
1762668969.066764,-38930.550218,-44296.689332,-46837.277710,-68851.538002
1762668969.070764,-38980.141282,-44335.979968,-46854.443848,-68864.122033
1762668969.081019,-39033.547044,-44385.191053,-46875.044703,-68882.815540
1762668969.085019,-39012.182504,-44373.363256,-46867.795289,-68876.713514
1762668969.081019,-38939.703256,-44307.749718,-46842.239797,-68853.825331
1762668969.085019,-38944.661617,-44311.564416,-46843.383461,-68860.694766
1762668969.096839,-38997.687399,-44360.395521,-46862.073243,-68874.806166
1762668969.100839,-39040.412754,-44408.839196,-46881.146729,-68888.157606
1762668969.096839,-39017.904550,-44392.056763,-46876.188368,-68880.908191
1762668969.100839,-38964.118809,-44353.146106,-46862.073243,-68867.556751
1762668969.110467,-38954.962045,-44334.836304,-46859.785914,-68864.509463
1762668969.114467,-38990.437984,-44356.580824,-46870.466322,-68874.046206
1762668969.110467,-39028.968662,-44394.727796,-46883.817762,-68887.010217
1762668969.114467,-39016.760886,-44392.056763,-46888.396144,-68882.435560
1762668969.126953,-38937.415928,-44313.471764,-46862.073243,-68857.260048
1762668969.130953,-38917.958736,-44289.439917,-46849.869192,-68854.972720
1762668969.126953,-38958.396763,-44326.063246,-46867.415309,-68866.416812
1762668969.130953,-39012.182504,-44377.561659,-46887.632459,-68881.675601
1762668969.141344,-38990.821689,-44358.868152,-46882.294118,-68874.046206
1762668969.145344,-38920.629770,-44291.730970,-46857.114881,-68852.297962
1762668969.142630,-38925.208151,-44290.967286,-46855.971217,-68852.297962
1762668969.146630,-38972.511888,-44326.823205,-46869.322658,-68861.454725
1762668969.155763,-39012.566209,-44363.062829,-46885.345131,-68872.138858
1762668969.159763,-38986.623287,-44340.938330,-46879.623085,-68861.454725
1762668969.155763,-38933.981210,-44302.411377,-46857.498586,-68848.863244
1762668969.159763,-38921.773434,-44286.008924,-46845.290810,-68844.288588
1762668969.171298,-38969.077170,-44321.864843,-46857.114881,-68855.732679
1762668969.175298,-39018.288255,-44366.117567,-46870.466322,-68869.084120
1762668969.189470,-39009.131491,-44374.890625,-46877.715737,-68874.046206
1762668969.193470,-38938.179612,-44313.091785,-46854.827553,-68856.112659
1762668969.189470,-38930.166513,-44300.504029,-46848.721802,-68851.158023
1762668969.193470,-38977.470249,-44348.187745,-46866.651624,-68865.649402
1762668969.200912,-39018.288255,-44392.436743,-46884.581447,-68879.380822
1762668969.204912,-38994.252682,-44375.654310,-46871.993691,-68870.611489
1762668969.203141,-38918.722421,-44303.555042,-46847.198159,-68847.723305
1762668969.207141,-38913.384080,-44298.976660,-46847.198159,-68845.815957
1762668969.215117,-38955.345750,-44330.637902,-46859.785914,-68856.492639
1762668969.219117,-38999.214768,-44367.261231,-46873.137355,-68870.231509
1762668969.218097,-38975.562900,-44345.516711,-46867.035329,-68861.454725
1762668969.222097,-38919.486105,-44302.791357,-46852.536500,-68847.723305
1762668969.238543,-38907.278329,-44285.245240,-46846.054494,-68844.288588
1762668969.242543,-38945.809007,-44312.711805,-46857.114881,-68850.390613
1762668969.246543,-38990.437984,-44351.238757,-46872.373670,-68862.982094
1762668969.250543,-38982.048631,-44358.488172,-46875.424683,-68864.122033
1762668969.243969,-38911.093026,-44290.967286,-46854.063869,-68841.233850
1762668969.247969,-38899.648935,-44267.315418,-46846.814454,-68835.131824
1762668969.243969,-38958.013058,-44317.670166,-46865.507960,-68852.297962
1762668969.247969,-39025.917649,-44379.085302,-46890.683472,-68872.518837
1762668969.261419,-39003.029466,-44363.446534,-46887.632459,-68869.844079
1762668969.265419,-38934.364915,-44297.453016,-46864.364296,-68852.297962
1762668969.261419,-38939.703256,-44302.027673,-46860.929579,-68853.825331
1762668969.265419,-38983.572274,-44346.280396,-46872.757375,-68867.176771
1762668969.283370,-39038.885385,-44389.385730,-46888.776124,-68876.333535
1762668969.287369,-39012.182504,-44371.075928,-46880.386770,-68869.084120
1762668969.288483,-38960.684091,-44335.216284,-46865.127981,-68859.167397
1762668969.292483,-38951.147348,-44322.248548,-46854.063869,-68856.492639
1762668969.288483,-38992.345333,-44361.919165,-46867.795289,-68870.611489
1762668969.292483,-39036.598057,-44409.986585,-46888.396144,-68884.342909
1762668969.306101,-39026.677608,-44405.024499,-46889.539808,-68882.435560
1762668969.310101,-38948.476315,-44338.651001,-46865.507960,-68861.454725
1762668969.306101,-38930.550218,-44313.091785,-46855.971217,-68852.297962
1762668969.310101,-38969.840854,-44348.567724,-46860.929579,-68861.454725
1762668969.320599,-39012.566209,-44394.344091,-46880.003065,-68874.426186
1762668969.324599,-38993.872702,-44371.839613,-46876.952052,-68864.509463
1762668969.331331,-38921.393454,-44300.884008,-46851.776540,-68843.908608
1762668969.335331,-38926.351815,-44302.027673,-46852.536500,-68849.630654
1762668969.335384,-38972.511888,-44337.123632,-46868.178993,-68862.214684
1762668969.339384,-39010.658860,-44371.075928,-46883.054078,-68870.991468
1762668969.335384,-38986.243308,-44350.475073,-46878.095716,-68862.214684
1762668969.339384,-38921.773434,-44305.462390,-46859.022230,-68844.668567
1762668969.350830,-38913.000375,-44287.916273,-46853.683889,-68838.566542
1762668969.354830,-38974.035531,-44318.433851,-46868.942678,-68851.158023
1762668969.350830,-39015.617222,-44361.539185,-46883.817762,-68863.742054
1762668969.354830,-38995.780051,-44368.024915,-46886.868775,-68864.889443
1762668969.375915,-38937.795907,-44309.277087,-46862.836927,-68845.048547
1762668969.379915,-38935.888559,-44297.069311,-46854.443848,-68842.761219
1762668969.375915,-38988.150656,-44343.989342,-46870.086342,-68859.927356
1762668969.379915,-39035.070688,-44397.395104,-46889.923513,-68876.713514
1762668969.381794,-39011.802524,-44382.900000,-46880.766749,-68867.936730
1762668969.385794,-38943.517953,-44320.341200,-46857.878566,-68846.955895
1762668969.381794,-38952.674717,-44334.836304,-46858.258545,-68850.010633
1762668969.385794,-39000.738412,-44372.219592,-46873.901039,-68862.214684
1762668969.395854,-39038.121700,-44406.931847,-46885.725111,-68870.231509
1762668969.399854,-39000.358433,-44379.848987,-46874.664724,-68858.399987
1762668969.411593,-38943.517953,-44336.359948,-46859.022230,-68846.195936
1762668969.415593,-38927.115500,-44313.091785,-46849.869192,-68838.946521
1762668969.411593,-38966.026157,-44339.414686,-46865.127981,-68850.770593
1762668969.415593,-39013.326168,-44374.506921,-46886.868775,-68864.509463
1762668969.426229,-38990.437984,-44362.682849,-46879.623085,-68861.074746
1762668969.430229,-38914.907724,-44290.967286,-46849.105507,-68835.899234
1762668969.427619,-38904.991001,-44272.657484,-46843.763441,-68831.697106
1762668969.431619,-38952.291012,-44321.101159,-46862.456948,-68849.630654
1762668969.441829,-39008.751512,-44370.312244,-46883.054078,-68864.889443
1762668969.445829,-38989.678025,-44348.567724,-46879.239380,-68858.399987
1762668969.441829,-38925.588131,-44282.574207,-46854.827553,-68837.039173
1762668969.445829,-38931.310177,-44294.781983,-46856.734902,-68842.381239
1762668969.456459,-38981.284946,-44340.938330,-46873.517334,-68859.167397
1762668969.460459,-39019.431919,-44379.469007,-46886.868775,-68872.518837
1762668969.456459,-39004.553109,-44358.104467,-46878.479421,-68864.889443
1762668969.460459,-38944.661617,-44318.433851,-46864.364296,-68852.677941
1762668969.470519,-38927.115500,-44301.267713,-46853.300184,-68848.863244
1762668969.474519,-38975.179195,-44341.702014,-46862.456948,-68864.122033
1762668969.486264,-39021.719247,-44388.622046,-46878.859401,-68878.620863
1762668969.490264,-39005.316794,-44381.376356,-46877.332032,-68872.518837
1762668969.494265,-38941.994309,-44315.379113,-46855.207533,-68848.863244
1762668969.498265,-38938.939571,-44305.462390,-46848.721802,-68846.195936
1762668969.496418,-38991.585374,-44360.395521,-46862.836927,-68862.214684
1762668969.500417,-39036.978036,-44411.130250,-46882.674098,-68876.713514
1762668969.516702,-39008.751512,-44394.344091,-46880.003065,-68869.084120
1762668969.520702,-38937.795907,-44330.257922,-46859.405935,-68847.723305
1762668969.516702,-38939.323276,-44331.785291,-46857.878566,-68848.483264
1762668969.520702,-38987.386972,-44365.733862,-46870.086342,-68857.640028
1762668969.519937,-39016.760886,-44397.015125,-46881.910414,-68865.269423
1762668969.523937,-38985.479623,-44366.117567,-46868.942678,-68853.825331
1762668969.528195,-38921.773434,-44308.133423,-46852.920204,-68839.713931
1762668969.532195,-38920.249790,-44292.874634,-46853.300184,-68837.806582
1762668969.528195,-38965.262473,-44324.155897,-46861.693263,-68846.575916
1762668969.532195,-39009.511471,-44362.302870,-46877.332032,-68862.214684
1762668969.536646,-38998.067379,-44365.353882,-46878.095716,-68864.122033
1762668969.540646,-38930.166513,-44295.161963,-46852.536500,-68841.233850
1762668969.546817,-38922.537118,-44281.430542,-46850.249171,-68838.946521
1762668969.550817,-38980.141282,-44333.308935,-46870.086342,-68858.787417
1762668969.568934,-39023.626596,-44381.376356,-46889.539808,-68873.278797
1762668969.572934,-38998.067379,-44363.826513,-46883.817762,-68867.176771
1762668969.576156,-38930.550218,-44298.596680,-46859.785914,-68848.103285
1762668969.580156,-38946.188986,-44312.711805,-46862.836927,-68853.065372
1762668969.584156,-38998.067379,-44357.340783,-46878.859401,-68866.416812
1762668969.588156,-39044.607431,-44394.727796,-46892.974526,-68876.713514
1762668969.576156,-39017.140865,-44371.839613,-46886.108816,-68863.362074
1762668969.580156,-38962.211460,-44328.730553,-46870.466322,-68851.538002
1762668969.588350,-38964.498788,-44316.906482,-46860.549599,-68847.343326
1762668969.592350,-39006.080478,-44354.673475,-46876.188368,-68859.547377
1762668969.588350,-39050.713181,-44402.737170,-46896.789223,-68877.473474
1762668969.592350,-39024.010301,-44400.829822,-46894.498169,-68877.473474
1762668969.619164,-38951.911032,-44337.507337,-46867.415309,-68854.972720
1762668969.623164,-38949.239999,-44326.063246,-46859.405935,-68851.538002
1762668969.623391,-38987.386972,-44371.839613,-46873.517334,-68868.324161
1762668969.627391,-39033.163339,-44411.130250,-46891.067177,-68880.528212
1762668969.631391,-39011.038840,-44371.075928,-46886.108816,-68866.416812
1762668969.635391,-38940.466940,-44302.791357,-46863.980591,-68844.668567
1762668969.636888,-38947.332650,-44311.948121,-46864.364296,-68848.103285
1762668969.640888,-38991.965353,-44346.280396,-46878.859401,-68860.694766
1762668969.644888,-39027.061313,-44377.177954,-46890.683472,-68869.084120
1762668969.648888,-38990.821689,-44346.660376,-46878.479421,-68859.167397
1762668969.664131,-38933.217525,-44310.804456,-46867.035329,-68850.770593
1762668969.668131,-38928.259164,-44295.545667,-46859.022230,-68848.483264
1762668969.664131,-38970.220834,-44333.308935,-46865.127981,-68861.074746
1762668969.668131,-39023.246616,-44385.191053,-46885.725111,-68879.000843
1762668969.664131,-39005.696774,-44374.126941,-46884.201467,-68873.658776
1762668969.668131,-38935.124874,-44313.471764,-46859.785914,-68854.585290
1762668969.668172,-38930.166513,-44303.935021,-46852.156520,-68853.825331
1762668969.672172,-38987.386972,-44353.909791,-46864.744276,-68867.936730
1762668969.678928,-39035.834372,-44400.066137,-46883.817762,-68880.528212
1762668969.682928,-38999.974728,-44371.075928,-46879.239380,-68868.704140
1762668969.683265,-38929.022849,-44302.791357,-46855.591238,-68846.955895
1762668969.687265,-38943.517953,-44321.484864,-46856.351197,-68854.205310
1762668969.696916,-38989.294320,-44359.248132,-46868.178993,-68869.084120
1762668969.700916,-39023.246616,-44397.015125,-46883.817762,-68881.288171
1762668969.703472,-39003.029466,-44371.075928,-46870.086342,-68868.704140
1762668969.707472,-38949.239999,-44328.730553,-46848.721802,-68853.065372
1762668969.712650,-38937.032223,-44309.657067,-46844.907105,-68848.483264
1762668969.716650,-38976.706564,-44340.558350,-46860.549599,-68855.732679
1762668969.714654,-39014.089853,-44378.321618,-46876.572073,-68864.889443
1762668969.718654,-38983.955979,-44364.590198,-46872.373670,-68862.602115
1762668969.723119,-38908.805698,-44292.110950,-46847.198159,-68838.186562
1762668969.727118,-38913.764060,-44273.037463,-46839.185059,-68829.789758
1762668969.723119,-38974.419236,-44328.730553,-46860.165894,-68849.630654
1762668969.727118,-39011.418819,-44368.404895,-46875.808388,-68863.362074
1762668969.741973,-38973.271847,-44330.637902,-46861.693263,-68849.250674
1762668969.745973,-38909.569383,-44260.449708,-46838.805079,-68828.269839
1762668969.751903,-38918.722421,-44278.759509,-46845.290810,-68836.659193
1762668969.755903,-38962.591439,-44315.379113,-46855.207533,-68845.048547
1762668969.760235,-39000.738412,-44352.766126,-46872.757375,-68856.492639
1762668969.764235,-38967.933506,-44325.299561,-46867.035329,-68847.343326
1762668969.771351,-38921.013474,-44291.347265,-46855.207533,-68837.419152
1762668969.775351,-38919.866085,-44284.861535,-46850.629151,-68837.039173
1762668969.772573,-38967.933506,-44324.535877,-46865.507960,-68849.630654
1762668969.776573,-39020.195603,-44376.034290,-46886.868775,-68866.416812
1762668969.786902,-38995.780051,-44363.062829,-46883.054078,-68859.927356
1762668969.790902,-38929.402828,-44300.884008,-46860.549599,-68840.473890
1762668969.787908,-38929.022849,-44292.110950,-46856.351197,-68838.566542
1762668969.791908,-38991.201669,-44350.475073,-46877.332032,-68856.880069
1762668969.802383,-39034.307003,-44394.344091,-46893.738210,-68870.991468
1762668969.806383,-38996.543735,-44367.261231,-46882.674098,-68858.020008
1762668969.802383,-38916.815072,-44302.027673,-46856.351197,-68833.224475
1762668969.806383,-38934.744895,-44316.142797,-46858.642250,-68839.713931
1762668969.816655,-38975.179195,-44348.951429,-46866.271645,-68850.390613
1762668969.820655,-39015.617222,-44379.085302,-46876.188368,-68858.787417
1762668969.817867,-38974.419236,-44351.618737,-46863.980591,-68847.723305
1762668969.821867,-38918.342441,-44308.133423,-46851.012856,-68832.084537
1762668969.831578,-38910.329342,-44292.110950,-46844.147146,-68826.742470
1762668969.835578,-38956.105709,-44321.101159,-46853.300184,-68839.713931
1762668969.833145,-38996.543735,-44358.104467,-46865.887940,-68851.917982
1762668969.837145,-38968.313485,-44343.609363,-46861.313283,-68846.195936
1762668969.847195,-38902.699947,-44275.324792,-46841.856092,-68822.547793
1762668969.851195,-38901.176304,-44263.120741,-46839.185059,-68820.640445
1762668969.847195,-38961.067796,-44321.864843,-46857.498586,-68841.233850
1762668969.851195,-39005.316794,-44364.970177,-46875.808388,-68855.732679
1762668969.861599,-38967.933506,-44339.030981,-46870.466322,-68845.435977
1762668969.865599,-38900.792599,-44274.564832,-46847.961843,-68821.400404
1762668969.896701,-38925.971836,-44289.059937,-46856.351197,-68830.177188
1762668969.900701,-38980.141282,-44329.494238,-46876.572073,-68845.815957
1762668969.896701,-39016.380906,-44364.210218,-46891.067177,-68853.825331
1762668969.900701,-38982.428610,-44335.979968,-46880.766749,-68840.473890
1762668969.906778,-38924.828172,-44287.532568,-46865.127981,-68825.215101
1762668969.910778,-38924.444467,-44277.995825,-46861.693263,-68827.882409
1762668969.914778,-38967.933506,-44314.619154,-46875.808388,-68839.713931
1762668969.918778,-39011.802524,-44359.248132,-46896.789223,-68852.297962
1762668969.922778,-38983.572274,-44341.702014,-46889.923513,-68845.048547
1762668969.926778,-38917.578757,-44280.666858,-46867.415309,-68825.975060
1762668969.906778,-38903.463632,-44257.778674,-46852.536500,-68817.205727
1762668969.910778,-38964.882493,-44317.670166,-46872.373670,-68838.566542
1762668969.920392,-39027.824998,-44380.992651,-46901.747584,-68861.454725
1762668969.924392,-38985.099643,-44343.609363,-46888.776124,-68847.343326
1762668969.923115,-38909.185678,-44276.088476,-46861.313283,-68826.362491
1762668969.927115,-38922.920823,-44290.203601,-46864.744276,-68830.177188
1762668969.946507,-38975.179195,-44326.443225,-46878.859401,-68841.621280
1762668969.950507,-39006.844163,-44368.784875,-46896.025538,-68854.972720
1762668969.946507,-38977.470249,-44341.322035,-46888.396144,-68848.103285
1762668969.950507,-38933.217525,-44293.254614,-46871.993691,-68831.317127
1762668969.951340,-38934.364915,-44288.296252,-46870.466322,-68832.844496
1762668969.955340,-38979.757577,-44329.494238,-46888.396144,-68850.010633
1762668969.951340,-39027.061313,-44374.890625,-46905.942261,-68865.269423
1762668969.955340,-39012.182504,-44360.775501,-46903.274953,-68860.694766
1762668969.966333,-38944.281638,-44306.989759,-46884.581447,-68845.815957
1762668969.970333,-38948.860019,-44298.212975,-46884.201467,-68845.815957
1762668969.967337,-39009.511471,-44354.673475,-46905.942261,-68868.324161
1762668969.971337,-39054.144174,-44397.395104,-46924.255788,-68880.908191
1762668969.987347,-39016.760886,-44370.312244,-46920.821071,-68870.991468
1762668969.991347,-38949.239999,-44303.935021,-46897.932887,-68853.445351
1762668969.987347,-38962.211460,-44318.050146,-46900.603920,-68860.307336
1762668969.991347,-39002.645761,-44355.053455,-46908.996999,-68872.518837
1762668969.991254,-39043.463767,-44397.395104,-46923.108399,-68887.010217
1762668969.995254,-39016.380906,-44375.270605,-46918.533742,-68878.240883
1762668970.006512,-38958.013058,-44327.586889,-46900.603920,-68862.602115
1762668970.010512,-38958.776742,-44316.142797,-46897.932887,-68860.694766
1762668970.012284,-39014.089853,-44355.053455,-46913.571656,-68872.898817
1762668970.016284,-39056.435227,-44396.635145,-46929.977834,-68883.582950
1762668970.032464,-39020.955563,-44372.599572,-46921.201050,-68874.426186
1762668970.036464,-38959.540427,-44315.762818,-46900.220215,-68858.787417
1762668970.038482,-38954.962045,-44307.369739,-46895.645559,-68855.732679
1762668970.042482,-39015.997201,-44368.404895,-46911.664307,-68872.138858
1762668970.046482,-39054.527879,-44406.551868,-46925.779432,-68883.962929
1762668970.050482,-39013.709873,-44371.455908,-46918.533742,-68872.518837
1762668970.038482,-38956.105709,-44310.040772,-46892.590821,-68852.297962
1762668970.042482,-38968.697190,-44327.206910,-46892.974526,-68861.074746
1762668970.054781,-39022.102952,-44368.404895,-46909.376979,-68874.806166
1762668970.058781,-39062.537253,-44401.973486,-46921.964735,-68884.342909
1762668970.054781,-39019.431919,-44369.168580,-46912.427992,-68872.138858
1762668970.058781,-38964.118809,-44326.823205,-46895.261854,-68859.547377
1762668970.064836,-38955.725729,-44309.657067,-46886.108816,-68854.205310
1762668970.068836,-39010.275155,-44347.044080,-46899.460256,-68864.509463
1762668970.064836,-39051.473141,-44387.858361,-46915.479004,-68877.473474
1762668970.068836,-39017.140865,-44365.353882,-46907.469630,-68869.084120
1762668970.086446,-38952.291012,-44301.267713,-46886.868775,-68848.483264
1762668970.090446,-38946.952671,-44289.059937,-46879.623085,-68845.048547
1762668970.088408,-39006.460458,-44347.424060,-46905.562282,-68867.176771
1762668970.092408,-39041.936398,-44386.714697,-46919.293702,-68879.000843
1762668970.100779,-39003.789425,-44355.817139,-46902.511269,-68863.362074
1762668970.104779,-38941.994309,-44292.110950,-46881.530434,-68842.381239
1762668970.125837,-38954.582065,-44307.749718,-46888.016164,-68851.538002
1762668970.129837,-39009.511471,-44352.382421,-46905.182302,-68867.936730
1762668970.125837,-39047.658443,-44394.727796,-46919.293702,-68882.055581
1762668970.129837,-39015.617222,-44367.641211,-46910.520643,-68872.138858
1762668970.129812,-38959.540427,-44320.341200,-46893.738210,-68856.880069
1762668970.133812,-38954.962045,-44315.379113,-46889.159828,-68853.825331
1762668970.129812,-39017.140865,-44353.909791,-46906.705946,-68865.269423
1762668970.133812,-39069.402963,-44401.593506,-46929.977834,-68876.333535
1762668970.145173,-39038.121700,-44386.334717,-46925.779432,-68868.324161
1762668970.149173,-38971.364498,-44326.063246,-46904.418617,-68846.195936
1762668970.145173,-38975.179195,-44318.050146,-46903.274953,-68846.955895
1762668970.149173,-39034.307003,-44374.890625,-46919.293702,-68867.176771
1762668970.161463,-39070.546627,-44410.746545,-46926.543117,-68877.860904
1762668970.165463,-39019.048214,-44367.261231,-46911.664307,-68859.927356
1762668970.163229,-38941.994309,-44295.161963,-46880.003065,-68836.659193
1762668970.167229,-38949.239999,-44309.277087,-46879.623085,-68844.288588
1762668970.176355,-38991.965353,-44341.322035,-46887.632459,-68853.065372
1762668970.180355,-39026.677608,-44371.075928,-46900.603920,-68859.547377
1762668970.176355,-38984.335959,-44334.072620,-46889.923513,-68848.103285
1762668970.180355,-38927.879184,-44287.532568,-46874.281019,-68836.279213
1762668970.190916,-38930.930197,-44284.101576,-46869.322658,-68833.604455
1762668970.194916,-38979.757577,-44323.008507,-46880.766749,-68844.668567
1762668970.190916,-39022.102952,-44366.877526,-46896.405518,-68859.547377
1762668970.194916,-38982.428610,-44343.229383,-46889.539808,-68851.538002
1762668970.205739,-38919.486105,-44284.861535,-46868.942678,-68836.279213
1762668970.209738,-38928.642869,-44282.194227,-46866.651624,-68838.186562
1762668970.205739,-38993.492723,-44348.951429,-46891.447157,-68862.982094
1762668970.209738,-39032.019675,-44387.858361,-46910.904348,-68872.518837
1762668970.225704,-38984.335959,-44355.817139,-46895.645559,-68861.834705
1762668970.229704,-38924.828172,-44295.545667,-46876.188368,-68844.288588
1762668970.236150,-38958.396763,-44324.535877,-46884.201467,-68854.585290
1762668970.240150,-39010.275155,-44368.024915,-46898.696572,-68868.324161
1762668970.236150,-39043.843746,-44398.542494,-46912.048012,-68880.528212
1762668970.240150,-39007.224143,-44374.506921,-46902.511269,-68873.278797
1762668970.249549,-38961.067796,-44332.165271,-46889.923513,-68862.214684
1762668970.253549,-38963.735104,-44330.637902,-46891.067177,-68862.214684
1762668970.252312,-39013.709873,-44372.219592,-46905.942261,-68874.426186
1762668970.256312,-39070.930332,-44424.861670,-46927.306801,-68888.157606
1762668970.266133,-39035.834372,-44396.251440,-46920.057386,-68877.093494
1762668970.270133,-38967.933506,-44333.308935,-46897.552907,-68858.020008
1762668970.267850,-38967.933506,-44323.772192,-46894.118190,-68854.972720
1762668970.271850,-39038.121700,-44377.941638,-46913.191676,-68872.898817
1762668970.281643,-39064.824581,-44400.829822,-46922.728419,-68877.860904
1762668970.285643,-39008.367807,-44353.146106,-46905.942261,-68858.399987
1762668970.297561,-38943.901658,-44287.532568,-46879.623085,-68837.039173
1762668970.301561,-38962.591439,-44301.647693,-46884.581447,-68840.853870
1762668970.297561,-39006.844163,-44334.452599,-46900.220215,-68849.250674
1762668970.301561,-39041.556418,-44367.261231,-46913.571656,-68857.640028
1762668970.297561,-38993.872702,-44334.836304,-46902.891248,-68842.001259
1762668970.301561,-38934.744895,-44286.388904,-46882.294118,-68830.177188
1762668970.316808,-38943.137974,-44281.046838,-46875.044703,-68829.409778
1762668970.320808,-38983.955979,-44319.193810,-46886.868775,-68838.946521
1762668970.326894,-39021.719247,-44367.641211,-46901.367605,-68853.825331
1762668970.330894,-38977.086544,-44346.660376,-46889.539808,-68847.343326
1762668970.334894,-38916.435093,-44283.717871,-46867.415309,-68828.649819
1762668970.338894,-38932.837546,-44282.574207,-46865.887940,-68829.029799
1762668970.326894,-38990.821689,-44342.081994,-46884.961426,-68850.390613
1762668970.330894,-39032.399654,-44381.756335,-46904.034913,-68861.834705
1762668970.341248,-38996.160030,-44350.475073,-46898.696572,-68850.390613
1762668970.345248,-38937.415928,-44289.823622,-46874.664724,-68833.604455
1762668970.355970,-38956.105709,-44313.091785,-46878.479421,-68844.668567
1762668970.359970,-38995.400071,-44352.382421,-46896.789223,-68856.880069
1762668970.359940,-39039.269090,-44387.098402,-46917.386353,-68865.269423
1762668970.363940,-39007.604122,-44362.302870,-46910.140663,-68857.640028
1762668970.371818,-38956.105709,-44315.379113,-46897.552907,-68844.668567
1762668970.375818,-38963.735104,-44318.433851,-46899.840236,-68849.630654
1762668970.372894,-39009.511471,-44355.817139,-46913.191676,-68862.982094
1762668970.376894,-39059.102535,-44402.357191,-46933.408827,-68879.768252
1762668970.386431,-39014.853537,-44376.034290,-46927.306801,-68867.176771
1762668970.390431,-38945.045322,-44310.804456,-46903.274953,-68844.288588
1762668970.412950,-38957.633078,-44303.175062,-46897.932887,-68846.575916
1762668970.416950,-39024.770260,-44360.775501,-46916.626394,-68866.796792
1762668970.416565,-39057.578892,-44391.673058,-46931.121498,-68873.658776
1762668970.420565,-39008.367807,-44351.618737,-46920.441091,-68861.454725
1762668970.424565,-38952.291012,-44293.638319,-46899.076551,-68845.815957
1762668970.428565,-38973.271847,-44310.040772,-46903.654933,-68854.585290
1762668970.432565,-39017.524570,-44345.896691,-46912.811697,-68864.122033
1762668970.436565,-39049.565792,-44376.797974,-46927.686781,-68872.898817
1762668970.416565,-39002.265781,-44339.414686,-46909.756958,-68860.307336
1762668970.420565,-38960.684091,-44313.471764,-46896.789223,-68853.825331
1762668970.423042,-38964.882493,-44309.657067,-46896.789223,-68856.880069
1762668970.427042,-39015.617222,-44349.331409,-46912.811697,-68873.278797
1762668970.432884,-39061.009884,-44399.686158,-46933.792531,-68889.684975
1762668970.436884,-39019.431919,-44373.746961,-46928.830445,-68881.288171
1762668970.443088,-38964.882493,-44319.577515,-46905.942261,-68866.029382
1762668970.447088,-38965.262473,-44311.184436,-46901.367605,-68863.362074
1762668970.447385,-39034.690708,-44372.983277,-46925.779432,-68883.582950
1762668970.451385,-39069.022983,-44409.222901,-46944.472939,-68897.694349
1762668970.460990,-39025.533944,-44376.414269,-46929.977834,-68881.675601
1762668970.464990,-38968.697190,-44313.855469,-46906.325966,-68864.122033
1762668970.475230,-38984.715939,-44333.308935,-46915.862709,-68876.713514
1762668970.479230,-39026.297629,-44368.784875,-46929.214150,-68889.304996
1762668970.477885,-39064.444602,-44399.686158,-46941.421926,-68898.074329
1762668970.481885,-39026.677608,-44372.983277,-46931.121498,-68888.157606
1762668970.489890,-38978.233933,-44328.730553,-46915.862709,-68874.426186
1762668970.493890,-38988.914341,-44335.216284,-46917.770058,-68875.953555
1762668970.494104,-39030.492306,-44369.168580,-46931.121498,-68887.777627
1762668970.498104,-39075.125009,-44418.759644,-46950.574964,-68899.981678
1762668970.506682,-39040.792733,-44392.056763,-46944.472939,-68887.777627
1762668970.510682,-38984.335959,-44334.836304,-46915.862709,-68867.936730
1762668970.506682,-38983.955979,-44326.063246,-46910.904348,-68868.704140
1762668970.510682,-39043.083787,-44392.820448,-46935.316175,-68891.592324
1762668970.521876,-39077.796042,-44427.152723,-46951.718628,-68899.981678
1762668970.525876,-39037.361741,-44383.663684,-46937.223524,-68882.815540
1762668970.522883,-38973.271847,-44322.628528,-46913.955361,-68860.694766
1762668970.526883,-38989.678025,-44340.938330,-46917.770058,-68867.556751
1762668970.536632,-39033.547044,-44376.797974,-46929.977834,-68879.768252
1762668970.540632,-39071.310312,-44406.171888,-46942.945570,-68889.304996
1762668970.536632,-39035.454392,-44371.455908,-46928.450465,-68877.860904
1762668970.540632,-38985.863328,-44332.545251,-46914.719045,-68867.556751
1762668970.552562,-38993.872702,-44332.545251,-46916.242689,-68867.936730
1762668970.556562,-39038.121700,-44365.733862,-46934.172511,-68878.240883
1762668970.564040,-39080.467075,-44414.944947,-46953.245997,-68894.639611
1762668970.568040,-39037.361741,-44386.714697,-46942.181885,-68885.102868
1762668970.572040,-38977.470249,-44326.823205,-46917.386353,-68865.649402
1762668970.576040,-38986.623287,-44323.392212,-46912.811697,-68866.029382
1762668970.564040,-39054.144174,-44384.427369,-46937.607229,-68885.490298
1762668970.568040,-39084.661752,-44410.366565,-46950.194985,-68892.352283
1762668970.581654,-39030.492306,-44370.312244,-46933.028847,-68877.093494
1762668970.585654,-38975.942880,-44318.050146,-46911.664307,-68858.399987
1762668970.597948,-39000.358433,-44343.609363,-46920.821071,-68869.084120
1762668970.601948,-39054.144174,-44382.136315,-46938.367188,-68883.962929
1762668970.597948,-39084.661752,-44412.653893,-46950.958669,-68894.259632
1762668970.601948,-39039.269090,-44383.663684,-46941.801906,-68881.288171
1762668970.611597,-38984.715939,-44339.030981,-46923.108399,-68866.416812
1762668970.615597,-39002.265781,-44344.753027,-46919.293702,-68872.138858
1762668970.611597,-39052.620530,-44382.520020,-46930.737793,-68886.630237
1762668970.615597,-39091.147482,-44430.583715,-46950.194985,-68899.601698
1762668970.625710,-39045.371115,-44398.922473,-46943.329275,-68887.397647
1762668970.629710,-38983.192295,-44335.979968,-46918.150038,-68867.936730
1762668970.625710,-38990.058005,-44326.443225,-46913.191676,-68867.556751
1762668970.629710,-39047.658443,-44383.663684,-46931.885183,-68887.397647
1762668970.647023,-39078.939706,-44411.893934,-46944.852918,-68895.027041
1762668970.651023,-39035.454392,-44369.932264,-46932.265162,-68879.768252
1762668970.656521,-38980.141282,-44311.184436,-46909.756958,-68860.307336
1762668970.660521,-38998.067379,-44334.072620,-46913.571656,-68867.556751
1762668970.664521,-39044.607431,-44376.414269,-46931.885183,-68884.342909
1762668970.668521,-39071.310312,-44402.357191,-46941.038221,-68893.879652
1762668970.658496,-39030.876011,-44369.548559,-46930.357814,-68882.435560
1762668970.662496,-38979.377598,-44328.350574,-46919.677407,-68870.611489
1762668970.667415,-38987.386972,-44331.785291,-46918.913722,-68877.093494
1762668970.671415,-39039.269090,-44371.839613,-46931.885183,-68891.972303
1762668970.667415,-39082.754403,-44422.190636,-46953.625977,-68912.193179
1762668970.671415,-39038.121700,-44390.149415,-46944.472939,-68900.361657
1762668970.686511,-38991.965353,-44331.401587,-46924.635768,-68882.435560
1762668970.690511,-39003.029466,-44331.401587,-46923.108399,-68882.435560
1762668970.690142,-39073.981345,-44396.635145,-46948.667616,-68902.656436
1762668970.694142,-39098.013192,-44424.481690,-46962.402761,-68909.518421
1762668970.702822,-39048.805833,-44387.098402,-46949.051321,-68891.972303
1762668970.706822,-38988.914341,-44332.545251,-46926.923096,-68874.046206
1762668970.716627,-39024.010301,-44355.053455,-46936.843544,-68884.342909
1762668970.720627,-39073.981345,-44398.922473,-46947.523952,-68896.546960
1762668970.716627,-39101.827890,-44438.213110,-46959.731728,-68908.758461
1762668970.720627,-39062.157273,-44409.602880,-46945.996583,-68899.601698
1762668970.737025,-39011.038840,-44366.497546,-46931.121498,-68885.490298
1762668970.741025,-39026.677608,-44373.363256,-46931.121498,-68888.537586
1762668970.737025,-39082.374424,-44413.037598,-46948.667616,-68899.981678
1762668970.741025,-39125.099778,-44455.762953,-46966.597438,-68913.713098
1762668970.746840,-39072.837681,-44410.746545,-46953.245997,-68896.166980
1762668970.750840,-39012.566209,-44348.187745,-46931.885183,-68879.000843
1762668970.746840,-39018.288255,-44346.660376,-46931.501478,-68883.582950
1762668970.750840,-39075.508714,-44409.986585,-46950.574964,-68904.176354
1762668970.756873,-39092.674851,-44435.542077,-46963.162720,-68912.193179
1762668970.760873,-39040.029049,-44382.520020,-46945.616603,-68893.499672
1762668970.756873,-38983.192295,-44325.679541,-46926.163137,-68878.620863
1762668970.760873,-39007.987827,-44350.095093,-46933.028847,-68890.824914
1762668970.776626,-39054.907858,-44388.242066,-46947.903931,-68903.416395
1762668970.780626,-39092.291147,-44415.708631,-46965.070069,-68913.333118
1762668970.789523,-39047.658443,-44384.427369,-46954.773366,-68904.176354
1762668970.793523,-38989.294320,-44338.267297,-46933.028847,-68893.119693
1762668970.797523,-38996.923715,-44340.558350,-46930.357814,-68896.546960
1762668970.801523,-39046.134800,-44380.612671,-46945.616603,-68909.518421
1762668970.789523,-39087.332785,-44434.782118,-46969.268471,-68925.924599
1762668970.793523,-39040.792733,-44403.880835,-46959.731728,-68912.573159
1762668970.806457,-38985.099643,-44348.187745,-46936.843544,-68895.027041
1762668970.810457,-38996.923715,-44351.618737,-46935.699880,-68896.546960
1762668970.807560,-39069.786668,-44417.232275,-46960.495412,-68919.055164
1762668970.811560,-39113.655686,-44449.277222,-46980.712563,-68928.971887
1762668970.821192,-39070.930332,-44413.037598,-46971.175820,-68917.147815
1762668970.825192,-39014.853537,-44363.062829,-46952.866018,-68904.943764
1762668970.838027,-39040.412754,-44392.056763,-46963.546425,-68914.100528
1762668970.842027,-39089.240134,-44434.398413,-46979.185194,-68926.304579
1762668970.838027,-39122.045040,-44464.915991,-46992.920339,-68933.553994
1762668970.842027,-39075.125009,-44429.060072,-46981.476247,-68920.202553
1762668970.848850,-39020.195603,-44381.756335,-46962.019056,-68909.138441
1762668970.852850,-39035.834372,-44386.714697,-46962.019056,-68913.333118
1762668970.848850,-39095.342159,-44419.903308,-46983.383596,-68925.157189
1762668970.852850,-39131.201804,-44458.050281,-46997.115016,-68939.276040
1762668970.866416,-39073.217660,-44409.986585,-46980.328858,-68923.249841
1762668970.870416,-39010.275155,-44346.660376,-46954.389662,-68903.796375
1762668970.873556,-39019.431919,-44347.044080,-46955.917031,-68905.323744
1762668970.877556,-39084.281772,-44417.232275,-46981.476247,-68927.451968
1762668970.881829,-39107.549936,-44440.504164,-46985.290945,-68932.406604
1762668970.885828,-39053.000510,-44395.107776,-46968.884766,-68919.435143
1762668970.882445,-38996.160030,-44344.373047,-46948.287636,-68907.611072
1762668970.886445,-39027.061313,-44374.126941,-46955.153346,-68915.620446
1762668970.895855,-39073.601365,-44417.232275,-46971.939504,-68928.591907
1762668970.899855,-39099.156857,-44444.698840,-46982.236207,-68937.748671
1762668970.898807,-39061.773568,-44413.801283,-46976.134181,-68927.064538
1762668970.902807,-39012.946188,-44374.890625,-46962.019056,-68915.620446
1762668970.911305,-39028.584957,-44384.427369,-46959.731728,-68919.822574
1762668970.915305,-39085.805416,-44427.152723,-46976.897866,-68934.693933
1762668970.913109,-39124.336094,-44474.072754,-46995.971352,-68946.525455
1762668970.917109,-39073.981345,-44436.305761,-46982.619911,-68932.026625
1762668970.922754,-39021.719247,-44380.228966,-46963.546425,-68913.333118
1762668970.926754,-39033.927023,-44377.561659,-46964.690089,-68910.285830
1762668970.940759,-39101.064205,-44445.078820,-46988.341957,-68932.786584
1762668970.944759,-39133.489132,-44466.059655,-46999.786049,-68935.081363
1762668970.940759,-39084.661752,-44418.375939,-46980.712563,-68917.915225
1762668970.944759,-39026.297629,-44362.682849,-46962.019056,-68901.889026
1762668970.949896,-39040.792733,-44376.797974,-46968.504786,-68909.518421
1762668970.953896,-39085.425436,-44415.324926,-46982.236207,-68922.489882
1762668970.949896,-39124.336094,-44439.356774,-46992.156655,-68928.211927
1762668970.953896,-39077.796042,-44403.500855,-46978.421509,-68916.387856
1762668970.970391,-39015.617222,-44351.618737,-46961.639076,-68900.361657
1762668970.974391,-39025.153965,-44355.053455,-46953.245997,-68901.889026
1762668970.970391,-39068.639278,-44390.529394,-46962.402761,-68912.193179
1762668970.974391,-39106.786251,-44434.398413,-46981.092542,-68926.304579
1762668970.985689,-39046.134800,-44392.820448,-46968.504786,-68913.713098
1762668970.989689,-38980.901241,-44332.165271,-46944.089234,-68894.639611
1762668970.985689,-39004.173130,-44342.081994,-46942.181885,-68899.981678
1762668970.989689,-39075.125009,-44412.273914,-46965.453774,-68921.729922
1762668971.000581,-39099.920541,-44438.213110,-46979.185194,-68927.451968
1762668971.004581,-39046.898484,-44394.344091,-46969.648451,-68914.860487
1762668971.000581,-38996.543735,-44345.516711,-46950.958669,-68899.601698
1762668971.004581,-39022.862911,-44376.034290,-46957.440674,-68910.665810
1762668971.022789,-39077.796042,-44421.430677,-46974.606812,-68925.157189
1762668971.026789,-39104.878902,-44446.986169,-46984.143555,-68930.119276
1762668971.031444,-39057.578892,-44413.801283,-46976.897866,-68919.055164
1762668971.035444,-39019.811898,-44375.270605,-46966.597438,-68909.518421
1762668971.039444,-39037.361741,-44384.807348,-46969.648451,-68915.240467
1762668971.043444,-39083.138108,-44419.903308,-46981.856227,-68925.157189
1762668971.032344,-39123.572409,-44466.443360,-46996.735036,-68936.988711
1762668971.036344,-39078.176022,-44422.954321,-46986.434609,-68919.822574
1762668971.045050,-39030.112326,-44364.970177,-46967.361122,-68898.841739
1762668971.049050,-39034.307003,-44362.682849,-46966.977417,-68898.454309
1762668971.061531,-39090.003818,-44421.810657,-46985.670924,-68916.387856
1762668971.065531,-39110.220969,-44440.120459,-46989.485621,-68919.435143
1762668971.066712,-39059.486240,-44384.427369,-46968.504786,-68899.221718
1762668971.070712,-38998.067379,-44329.114258,-46947.903931,-68882.815540
1762668971.075010,-39019.048214,-44345.516711,-46953.245997,-68888.917565
1762668971.079010,-39058.722556,-44387.858361,-46965.070069,-68903.036416
1762668971.075010,-39082.754403,-44409.602880,-46970.792115,-68909.518421
1762668971.079010,-39038.121700,-44376.797974,-46956.680715,-68899.981678
1762668971.083183,-38983.955979,-44335.599989,-46940.658242,-68888.537586
1762668971.087183,-39002.265781,-44340.558350,-46938.367188,-68890.444934
1762668971.093229,-39047.278464,-44380.228966,-46950.574964,-68901.129067
1762668971.097229,-39083.138108,-44430.203736,-46969.648451,-68916.767836
1762668971.113142,-39032.019675,-44387.858361,-46958.204359,-68905.323744
1762668971.117142,-38978.233933,-44337.123632,-46935.699880,-68891.212344
1762668971.121142,-39005.316794,-44345.516711,-46941.038221,-68898.841739
1762668971.125142,-39075.508714,-44412.653893,-46972.319484,-68924.017251
1762668971.113747,-39105.262607,-44440.120459,-46981.476247,-68928.591907
1762668971.117747,-39049.565792,-44399.302453,-46971.175820,-68911.805749
1762668971.122868,-39003.409445,-44352.382421,-46957.060695,-68898.074329
1762668971.126868,-39040.029049,-44381.376356,-46966.217458,-68910.285830
1762668971.137089,-39092.674851,-44426.389039,-46984.143555,-68925.157189
1762668971.141089,-39114.035666,-44453.471899,-46994.827688,-68929.739296
1762668971.151999,-39066.731930,-44420.283288,-46978.041530,-68916.007876
1762668971.155999,-39025.533944,-44376.414269,-46960.495412,-68904.563785
1762668971.167053,-39046.134800,-44384.043664,-46962.782741,-68907.231092
1762668971.171052,-39091.911167,-44424.481690,-46979.948878,-68918.295205
1762668971.168114,-39126.623422,-44464.152306,-46993.680298,-68931.646645
1762668971.172114,-39068.639278,-44412.653893,-46979.185194,-68912.953138
1762668971.177922,-39006.844163,-44345.896691,-46955.533326,-68890.444934
1762668971.181922,-39011.038840,-44338.267297,-46947.903931,-68886.630237
1762668971.185922,-39078.939706,-44411.130250,-46970.032156,-68908.758461
1762668971.189922,-39089.240134,-44426.005334,-46976.514161,-68912.193179
1762668971.177922,-39030.112326,-44377.941638,-46958.968043,-68897.694349
1762668971.181922,-38996.160030,-44333.692640,-46945.616603,-68883.962929
1762668971.202039,-39016.380906,-44347.044080,-46945.236623,-68887.777627
1762668971.206039,-39062.157273,-44389.385730,-46957.060695,-68899.981678
1762668971.202039,-39090.383798,-44409.602880,-46967.361122,-68904.943764
1762668971.206039,-39051.473141,-44376.797974,-46955.917031,-68892.352283
1762668971.211163,-38999.974728,-44333.308935,-46939.514577,-68881.675601
1762668971.215163,-39006.460458,-44335.599989,-46941.801906,-68883.195519
1762668971.211163,-39051.473141,-44369.932264,-46955.533326,-68892.352283
1762668971.215163,-39091.147482,-44416.088611,-46969.268471,-68906.083703
1762668971.225005,-39042.700082,-44375.270605,-46955.533326,-68892.732263
1762668971.229005,-38992.345333,-44331.401587,-46938.367188,-68880.148232
1762668971.227017,-39017.140865,-44342.845678,-46941.038221,-68885.102868
1762668971.231017,-39090.383798,-44415.708631,-46965.453774,-68910.665810
1762668971.235353,-39117.086679,-44443.935156,-46975.754201,-68920.582533
1762668971.239353,-39058.722556,-44397.778809,-46962.782741,-68906.083703
1762668971.235353,-39012.182504,-44356.960803,-46940.658242,-68892.732263
1762668971.239353,-39041.556418,-44384.807348,-46947.143972,-68905.323744
1762668971.255871,-39091.147482,-44425.245374,-46966.597438,-68914.860487
1762668971.259871,-39114.799351,-44448.513538,-46976.514161,-68919.822574
1762668971.257833,-39069.402963,-44415.708631,-46963.162720,-68909.138441
1762668971.261833,-39025.533944,-44372.599572,-46949.051321,-68898.841739
1762668971.271911,-39045.371115,-44375.654310,-46954.389662,-68903.416395
1762668971.275911,-39093.434811,-44411.130250,-46969.268471,-68914.480507
1762668971.271911,-39128.914475,-44451.948255,-46985.670924,-68927.064538
1762668971.275911,-39067.115635,-44396.635145,-46968.504786,-68907.611072
1762668971.286418,-39012.946188,-44339.030981,-46945.996583,-68890.064955
1762668971.290418,-39024.390280,-44345.136732,-46945.616603,-68892.352283
1762668971.306000,-39090.383798,-44409.986585,-46968.884766,-68910.665810
1762668971.310000,-39105.262607,-44428.676367,-46977.661550,-68911.425769
1762668971.306000,-39044.991136,-44378.321618,-46958.204359,-68895.787001
1762668971.310000,-39008.751512,-44334.452599,-46940.658242,-68884.722888
1762668971.316167,-39026.297629,-44347.044080,-46942.181885,-68887.397647
1762668971.320167,-39077.796042,-44387.098402,-46960.111707,-68895.787001
1762668971.316167,-39094.962180,-44403.500855,-46969.268471,-68896.934390
1762668971.320167,-39041.936398,-44362.302870,-46950.194985,-68883.195519
1762668971.330322,-38989.678025,-44320.341200,-46933.408827,-68869.464099
1762668971.334322,-39008.367807,-44330.637902,-46935.316175,-68870.611489
1762668971.332940,-39057.958871,-44368.784875,-46947.143972,-68881.288171
1762668971.336940,-39095.342159,-44417.232275,-46964.310110,-68894.639611
1762668971.347323,-39054.144174,-44372.599572,-46950.194985,-68879.000843
1762668971.351323,-39004.936814,-44325.679541,-46929.977834,-68867.176771
1762668971.347323,-39026.297629,-44342.081994,-46935.316175,-68874.426186
1762668971.351323,-39091.147482,-44412.653893,-46963.162720,-68895.027041
1762668971.361347,-39110.984653,-44438.596815,-46974.606812,-68901.509047
1762668971.365347,-39056.815207,-44392.436743,-46964.690089,-68889.684975
1762668971.361347,-39020.955563,-44357.724488,-46949.431300,-68882.815540
1762668971.365347,-39046.898484,-44381.376356,-46954.009682,-68890.064955
1762668971.368966,-39089.620113,-44417.232275,-46963.546425,-68896.166980
1762668971.372966,-39104.118943,-44428.296387,-46966.977417,-68899.601698
1762668971.368966,-39054.527879,-44385.571033,-46951.338649,-68886.630237
1762668971.372966,-38997.307420,-44339.030981,-46931.121498,-68872.138858
1762668971.392922,-39017.524570,-44351.238757,-46935.316175,-68880.528212
1762668971.396922,-39065.971971,-44390.529394,-46952.102333,-68892.732263
1762668971.406563,-39090.003818,-44429.440051,-46967.361122,-68903.036416
1762668971.410563,-39027.824998,-44377.941638,-46950.574964,-68885.870278
1762668971.414563,-38974.799216,-44321.101159,-46931.885183,-68869.464099
1762668971.418563,-38990.821689,-44334.836304,-46930.737793,-68875.953555
1762668971.420354,-39050.329477,-44400.449842,-46949.811280,-68896.934390
1762668971.424354,-39078.176022,-44414.181262,-46958.204359,-68897.694349
1762668971.422868,-39019.431919,-44361.539185,-46939.130872,-68875.566125
1762668971.426868,-38970.604539,-44318.050146,-46921.964735,-68860.307336
1762668971.439183,-39001.502097,-44340.938330,-46929.214150,-68870.991468
1762668971.443182,-39056.435227,-44388.242066,-46945.996583,-68887.397647
1762668971.439183,-39078.939706,-44409.222901,-46955.533326,-68891.212344
1762668971.443182,-39038.885385,-44378.321618,-46947.523952,-68882.435560
1762668971.449641,-38999.974728,-44340.938330,-46932.645142,-68876.333535
1762668971.453640,-39024.390280,-44356.960803,-46932.265162,-68885.102868
1762668971.449641,-39074.361324,-44402.737170,-46949.811280,-68899.601698
1762668971.453640,-39112.508297,-44451.184571,-46970.792115,-68914.860487
1762668971.466213,-39061.773568,-44401.973486,-46959.731728,-68898.074329
1762668971.470212,-39001.122117,-44354.289770,-46936.459839,-68881.675601
1762668971.467312,-39020.955563,-44369.932264,-46933.792531,-68888.917565
1762668971.471312,-39086.189121,-44429.820031,-46952.482313,-68907.611072
1762668971.490072,-39098.776877,-44436.689466,-46958.588064,-68903.036416
1762668971.494072,-39032.399654,-44378.705323,-46940.658242,-68879.380822
1762668971.490072,-38974.419236,-44326.443225,-46918.533742,-68861.454725
1762668971.494072,-39002.265781,-44344.373047,-46927.686781,-68868.324161
1762668971.498073,-39051.093161,-44380.612671,-46942.945570,-68879.380822
1762668971.502073,-39057.958871,-44389.385730,-46945.616603,-68875.186145
1762668971.490072,-39008.367807,-44349.711388,-46939.130872,-68861.454725
1762668971.494072,-38962.975144,-44305.842370,-46920.057386,-68851.917982
1762668971.510922,-38991.585374,-44317.286462,-46922.348440,-68856.880069
1762668971.514922,-39034.307003,-44355.053455,-46936.079860,-68867.936730
1762668971.512832,-39067.879319,-44396.251440,-46951.338649,-68880.528212
1762668971.516832,-39012.182504,-44343.229383,-46936.843544,-68861.834705
1762668971.523007,-38959.160447,-44289.439917,-46917.006373,-68848.103285
1762668971.527007,-38988.914341,-44306.989759,-46921.201050,-68855.352700
1762668971.543442,-39057.958871,-44383.283705,-46945.996583,-68880.528212
1762668971.547442,-39081.990719,-44404.644519,-46957.060695,-68888.917565
1762668971.545298,-39028.584957,-44359.631836,-46944.472939,-68872.898817
1762668971.549298,-38989.294320,-44328.350574,-46930.357814,-68864.122033
1762668971.551461,-39022.102952,-44360.395521,-46939.894557,-68877.093494
1762668971.555461,-39082.374424,-44411.510229,-46959.348023,-68893.119693
1762668971.551461,-39097.249508,-44431.727380,-46965.070069,-68896.166980
1762668971.555461,-39041.176438,-44399.302453,-46948.287636,-68882.435560
1762668971.571845,-38991.585374,-44353.146106,-46932.265162,-68866.029382
1762668971.575845,-39015.233517,-44359.631836,-46939.130872,-68872.138858
1762668971.583807,-39066.731930,-44395.871460,-46947.143972,-68887.010217
1762668971.587807,-39087.712765,-44435.542077,-46959.348023,-68899.221718
1762668971.586350,-39021.719247,-44376.034290,-46941.421926,-68877.473474
1762668971.590350,-38969.840854,-44318.050146,-46919.293702,-68858.020008
1762668971.586350,-38996.543735,-44331.785291,-46922.728419,-68867.556751
1762668971.590350,-39056.815207,-44395.871460,-46947.523952,-68892.732263
1762668971.600890,-39064.064622,-44405.024499,-46950.958669,-68890.824914
1762668971.604890,-38996.923715,-44343.609363,-46927.686781,-68865.269423
1762668971.602665,-38951.531053,-44299.360365,-46906.705946,-68850.390613
1762668971.606665,-38982.808590,-44326.823205,-46914.719045,-68861.454725
1762668971.615766,-39044.227451,-44371.455908,-46933.408827,-68874.806166
1762668971.619766,-39057.578892,-44382.136315,-46940.658242,-68873.658776
1762668971.623225,-39014.089853,-44355.433434,-46931.501478,-68864.509463
1762668971.627225,-38976.326585,-44314.235449,-46918.913722,-68853.445351
1762668971.633601,-39003.029466,-44328.730553,-46923.492104,-68858.787417
1762668971.637601,-39048.805833,-44372.219592,-46939.130872,-68871.751428
1762668971.633601,-39078.176022,-44417.232275,-46954.009682,-68883.582950
1762668971.637601,-39024.010301,-44364.970177,-46937.223524,-68865.269423
1762668971.645416,-38982.048631,-44322.628528,-46916.626394,-68853.825331
1762668971.649416,-39014.089853,-44343.609363,-46923.108399,-68863.742054
1762668971.661111,-39078.176022,-44408.459216,-46947.143972,-68888.157606
1762668971.665111,-39089.240134,-44424.861670,-46959.731728,-68891.972303
1762668971.674126,-39029.348642,-44371.839613,-46941.421926,-68868.704140
1762668971.678126,-38988.150656,-44330.257922,-46922.728419,-68854.585290
1762668971.674126,-39015.997201,-44350.858778,-46924.255788,-68860.694766
1762668971.678126,-39057.578892,-44390.529394,-46939.894557,-68872.518837
1762668971.691495,-39067.879319,-44401.593506,-46943.329275,-68874.426186
1762668971.695495,-39014.853537,-44364.970177,-46930.357814,-68859.927356
1762668971.699496,-38966.026157,-44313.471764,-46912.048012,-68847.343326
1762668971.703496,-38982.808590,-44326.063246,-46917.006373,-68856.492639
1762668971.691495,-39030.876011,-44358.104467,-46934.172511,-68870.611489
1762668971.695495,-39077.416062,-44408.839196,-46956.680715,-68889.684975
1762668971.706156,-39017.524570,-44351.618737,-46942.565590,-68866.796792
1762668971.710155,-38966.789842,-44300.504029,-46925.015748,-68850.770593
1762668971.706156,-38992.729038,-44315.379113,-46928.070486,-68854.205310
1762668971.710155,-39064.824581,-44382.136315,-46949.431300,-68873.278797
1762668971.727218,-39077.032357,-44395.107776,-46952.102333,-68872.518837
1762668971.731218,-39004.173130,-44337.887317,-46933.028847,-68851.917982
1762668971.736351,-38967.169821,-44301.647693,-46920.057386,-68841.621280
1762668971.740351,-39013.709873,-44331.785291,-46928.830445,-68854.972720
1762668971.744352,-39064.444602,-44379.848987,-46944.472939,-68870.611489
1762668971.748352,-39085.805416,-44396.251440,-46950.574964,-68870.611489
1762668971.736351,-39037.361741,-44368.404895,-46934.172511,-68858.020008
1762668971.740351,-38990.821689,-44331.021607,-46914.719045,-68847.723305
1762668971.745304,-39018.668234,-44350.095093,-46924.635768,-68854.585290
1762668971.749304,-39071.310312,-44392.820448,-46938.750893,-68869.084120
1762668971.775723,-39102.591574,-44435.542077,-46954.389662,-68882.435560
1762668971.779723,-39040.412754,-44378.321618,-46935.316175,-68859.547377
1762668971.775723,-38999.594748,-44334.072620,-46917.386353,-68843.528628
1762668971.779723,-39027.441293,-44347.804040,-46918.913722,-68850.390613
1762668971.775723,-39082.374424,-44397.015125,-46938.367188,-68868.704140
1762668971.779723,-39078.559726,-44398.922473,-46943.329275,-68869.084120
1762668971.775723,-38996.160030,-44332.165271,-46920.057386,-68846.195936
1762668971.779723,-38964.882493,-44298.212975,-46907.469630,-68836.659193
1762668971.796448,-38995.016366,-44327.586889,-46918.913722,-68847.723305
1762668971.800448,-39041.936398,-44363.062829,-46933.408827,-68862.214684
1762668971.796448,-39059.486240,-44370.692223,-46941.421926,-68862.214684
1762668971.800448,-39015.997201,-44343.229383,-46932.265162,-68851.158023
1762668971.814480,-38973.655552,-44303.935021,-46914.719045,-68842.381239
1762668971.818480,-38994.636387,-44318.433851,-46920.821071,-68849.630654
1762668971.814480,-39048.042148,-44364.210218,-46933.408827,-68863.742054
1762668971.818480,-39085.805416,-44398.542494,-46949.051321,-68874.806166
1762668971.826481,-39026.297629,-44338.267297,-46931.885183,-68851.917982
1762668971.830481,-38979.377598,-44297.069311,-46919.293702,-68839.326501
1762668971.826481,-39009.895176,-44319.577515,-46924.635768,-68848.103285
1762668971.830481,-39078.176022,-44384.807348,-46949.051321,-68870.611489
1762668971.836434,-39094.582200,-44401.593506,-46955.153346,-68873.658776
1762668971.840434,-39018.668234,-44340.174645,-46928.070486,-68854.205310
1762668971.836434,-38986.243308,-44316.142797,-46913.571656,-68848.103285
1762668971.840434,-39023.626596,-44352.002442,-46924.255788,-68858.020008
1762668971.856934,-39076.652378,-44395.107776,-46937.607229,-68867.936730
1762668971.860934,-39090.383798,-44411.893934,-46937.987208,-68871.751428
1762668971.863056,-39036.598057,-44377.561659,-46927.686781,-68861.074746
1762668971.867056,-38995.016366,-44335.216284,-46912.048012,-68849.250674
1762668971.871600,-39015.617222,-44346.660376,-46914.719045,-68855.352700
1762668971.875600,-39066.351950,-44378.321618,-46928.830445,-68865.269423
1762668971.886481,-39107.169956,-44413.417578,-46949.431300,-68877.473474
1762668971.890481,-39034.307003,-44354.673475,-46930.357814,-68858.399987
1762668971.887485,-38977.086544,-44298.212975,-46905.562282,-68836.279213
1762668971.891485,-38998.451084,-44313.091785,-46910.140663,-68839.326501
1762668971.906985,-39053.380489,-44367.641211,-46929.594129,-68861.454725
1762668971.910985,-39071.310312,-44380.228966,-46938.750893,-68868.324161
1762668971.914985,-39003.029466,-44324.155897,-46918.913722,-68850.390613
1762668971.918985,-38972.891867,-44294.018298,-46903.654933,-68844.288588
1762668971.910955,-39013.709873,-44319.577515,-46919.677407,-68854.585290
1762668971.914955,-39065.588266,-44369.932264,-46939.130872,-68869.844079
1762668971.910955,-39075.888693,-44384.427369,-46945.996583,-68872.138858
1762668971.914955,-39025.533944,-44351.618737,-46936.079860,-68861.834705
1762668971.930769,-38986.243308,-44314.235449,-46923.492104,-68853.825331
1762668971.934769,-39009.131491,-44331.785291,-46926.163137,-68858.787417
1762668971.930769,-39058.722556,-44376.797974,-46942.181885,-68874.426186
1762668971.934769,-39091.911167,-44421.430677,-46957.824379,-68886.250257
1762668971.946420,-39028.204978,-44365.733862,-46934.936196,-68866.416812
1762668971.950420,-38988.530636,-44328.730553,-46914.719045,-68856.492639
1762668971.962132,-39016.380906,-44353.526086,-46920.821071,-68864.122033
1762668971.966132,-39079.323411,-44419.903308,-46943.709254,-68885.490298
1762668971.962132,-39094.962180,-44431.727380,-46946.760267,-68885.490298
1762668971.966132,-39034.690708,-44371.455908,-46927.306801,-68862.982094
1762668971.976293,-38991.965353,-44332.165271,-46914.335340,-68851.538002
1762668971.980293,-39024.010301,-44351.618737,-46921.964735,-68860.307336
1762668971.984293,-39077.796042,-44394.344091,-46941.421926,-68875.186145
1762668971.988293,-39078.939706,-44395.487756,-46945.236623,-68872.898817
1762668971.977298,-39016.760886,-44349.331409,-46926.923096,-68854.585290
1762668971.981298,-38966.026157,-44298.212975,-46908.233315,-68840.093911
1762668971.987691,-38990.437984,-44308.897108,-46910.904348,-68843.908608
1762668971.991691,-39038.505405,-44345.896691,-46922.348440,-68855.732679
1762668972.005394,-39046.898484,-44379.085302,-46932.265162,-68869.464099
1762668972.009394,-38976.326585,-44319.193810,-46914.335340,-68851.158023
1762668972.020761,-38942.754269,-44274.181128,-46897.552907,-68838.946521
1762668972.024761,-38982.048631,-44300.120324,-46905.182302,-68849.630654
1762668972.034605,-39038.505405,-44351.618737,-46926.163137,-68863.742054
1762668972.038605,-39051.093161,-44363.826513,-46933.792531,-68862.602115
1762668972.034605,-38995.400071,-44311.184436,-46914.719045,-68845.048547
1762668972.038605,-38958.396763,-44285.245240,-46897.932887,-68837.806582
1762668972.043765,-38990.437984,-44314.619154,-46913.571656,-68850.010633
1762668972.047765,-39049.565792,-44366.877526,-46933.408827,-68870.231509
1762668972.051765,-39062.537253,-44385.571033,-46939.514577,-68876.713514
1762668972.055765,-39008.367807,-44353.526086,-46923.872083,-68866.416812
1762668972.050215,-38969.840854,-44318.050146,-46910.140663,-68856.880069
1762668972.054215,-39013.326168,-44347.804040,-46921.584755,-68868.704140
1762668972.058356,-39069.022983,-44390.913099,-46944.472939,-68881.675601
1762668972.062356,-39103.355259,-44442.791492,-46965.833753,-68896.546960
1762668972.066356,-39041.556418,-44392.820448,-46942.945570,-68881.675601
1762668972.070356,-39006.460458,-44356.580824,-46926.163137,-68872.138858
1762668972.067660,-39041.176438,-44380.612671,-46930.737793,-68877.860904
1762668972.071660,-39106.406271,-44437.449425,-46955.917031,-68893.499672
1762668972.080726,-39106.026292,-44443.171471,-46960.875392,-68890.824914
1762668972.084726,-39033.927023,-44376.797974,-46938.750893,-68865.649402
1762668972.080726,-38991.965353,-44340.174645,-46917.006373,-68857.260048
1762668972.084726,-39014.853537,-44349.331409,-46917.770058,-68860.307336
1762668972.103247,-39068.639278,-44393.200427,-46941.038221,-68874.046206
1762668972.107247,-39073.217660,-44400.829822,-46946.380287,-68877.093494
1762668972.111967,-39007.604122,-44358.104467,-46926.923096,-68860.694766
1762668972.115967,-38969.840854,-44309.657067,-46911.664307,-68848.863244
1762668972.119967,-39006.844163,-44331.785291,-46923.492104,-68859.167397
1762668972.123967,-39057.958871,-44368.024915,-46936.843544,-68868.324161
1762668972.126473,-39078.176022,-44400.449842,-46947.903931,-68875.953555
1762668972.130473,-39009.895176,-44346.660376,-46931.121498,-68858.020008
1762668972.127534,-38967.933506,-44302.791357,-46914.335340,-68843.141198
1762668972.131534,-39006.460458,-44324.915856,-46922.348440,-68851.538002
1762668972.156114,-39064.444602,-44379.848987,-46943.709254,-68872.138858
1762668972.160114,-39075.508714,-44395.107776,-46949.051321,-68874.806166
1762668972.156114,-39005.316794,-44332.928956,-46929.214150,-68854.205310
1762668972.160114,-38973.655552,-44305.842370,-46921.584755,-68845.435977
1762668972.156114,-39011.802524,-44335.979968,-46934.552491,-68856.880069
1762668972.160114,-39065.588266,-44384.427369,-46948.667616,-68872.138858
1762668972.156114,-39074.745029,-44390.913099,-46952.482313,-68873.658776
1762668972.160114,-39028.968662,-44361.539185,-46939.514577,-68866.029382
1762668972.170701,-38996.160030,-44325.299561,-46923.872083,-68855.732679
1762668972.174701,-39027.824998,-44344.373047,-46933.792531,-68859.167397
1762668972.170701,-39082.754403,-44391.293079,-46952.102333,-68873.658776
1762668972.174701,-39106.026292,-44427.912682,-46966.597438,-68882.435560
1762668972.191631,-39029.348642,-44366.877526,-46945.236623,-68859.547377
1762668972.195631,-38991.585374,-44326.443225,-46928.830445,-68849.630654
1762668972.202090,-39033.927023,-44350.858778,-46939.130872,-68861.454725
1762668972.206090,-39092.674851,-44405.788183,-46957.440674,-68877.093494
1762668972.210090,-39097.249508,-44413.801283,-46963.162720,-68879.000843
1762668972.214090,-39017.140865,-44346.660376,-46936.079860,-68858.399987
1762668972.202090,-38983.572274,-44316.142797,-46921.201050,-68851.538002
1762668972.206090,-39010.658860,-44340.558350,-46925.779432,-68861.074746
1762668972.211126,-39061.393589,-44379.085302,-46938.367188,-68869.844079
1762668972.215126,-39069.022983,-44384.807348,-46941.038221,-68867.556751
1762668972.211126,-39017.140865,-44349.711388,-46933.028847,-68859.927356
1762668972.215126,-38970.984519,-44304.318726,-46914.335340,-68843.908608
1762668972.231813,-39005.696774,-44326.063246,-46921.964735,-68848.863244
1762668972.235813,-39057.195187,-44371.455908,-46939.514577,-68861.834705
1762668972.246104,-39074.745029,-44402.357191,-46950.194985,-68869.464099
1762668972.250104,-39007.987827,-44340.558350,-46925.399452,-68849.250674
1762668972.246104,-38974.419236,-44300.884008,-46910.140663,-68838.946521
1762668972.250104,-39005.696774,-44333.692640,-46918.150038,-68850.390613
1762668972.251883,-39066.351950,-44389.385730,-46942.565590,-68869.084120
1762668972.255883,-39077.416062,-44401.209801,-46949.431300,-68872.138858
1762668972.263226,-39012.946188,-44340.558350,-46926.543117,-68849.630654
1762668972.267226,-38995.016366,-44319.193810,-46919.293702,-68843.141198
1762668972.285047,-39028.584957,-44344.373047,-46926.923096,-68850.390613
1762668972.289047,-39085.045457,-44389.385730,-46947.903931,-68866.029382
1762668972.285047,-39088.096470,-44393.964112,-46953.625977,-68865.269423
1762668972.289047,-39032.019675,-44358.488172,-46937.223524,-68851.158023
1762668972.293047,-38988.914341,-44321.101159,-46921.201050,-68841.233850
1762668972.297047,-39024.010301,-44339.414686,-46925.779432,-68846.955895
1762668972.292893,-39083.138108,-44381.756335,-46942.565590,-68861.454725
1762668972.296893,-39100.684226,-44408.839196,-46960.111707,-68870.611489
1762668972.306630,-39020.575583,-44339.414686,-46935.316175,-68846.955895
1762668972.310630,-38973.655552,-44292.490929,-46912.811697,-68830.557168
1762668972.307338,-39009.511471,-44321.864843,-46921.964735,-68839.326501
1762668972.311338,-39072.073996,-44380.992651,-46945.236623,-68857.260048
1762668972.321833,-39073.601365,-44385.571033,-46946.760267,-68859.927356
1762668972.325833,-38995.780051,-44318.813831,-46921.964735,-68835.131824
1762668972.323698,-38970.604539,-44295.925647,-46910.520643,-68829.029799
1762668972.327698,-39011.038840,-44325.299561,-46923.872083,-68845.435977
1762668972.336276,-39059.102535,-44371.839613,-46940.658242,-68859.547377
1762668972.340276,-39068.259299,-44383.283705,-46948.667616,-68861.834705
1762668972.336276,-39024.010301,-44350.475073,-46934.552491,-68853.065372
1762668972.340276,-38985.479623,-44314.235449,-46916.242689,-68843.908608
1762668972.350739,-39024.390280,-44342.845678,-46922.348440,-68856.880069
1762668972.354739,-39081.990719,-44394.344091,-46942.181885,-68875.953555
1762668972.374424,-39098.396897,-44428.676367,-46958.204359,-68885.870278
1762668972.378424,-39032.019675,-44369.932264,-46938.750893,-68867.556751
1762668972.379416,-39003.029466,-44338.651001,-46931.121498,-68859.927356
1762668972.383416,-39041.936398,-44374.506921,-46944.852918,-68872.138858
1762668972.387416,-39109.077305,-44433.254749,-46964.690089,-68893.119693
1762668972.391416,-39118.994027,-44443.935156,-46963.546425,-68895.027041
1762668972.379416,-39044.607431,-44380.992651,-46945.236623,-68873.658776
1762668972.383416,-39022.862911,-44358.868152,-46938.367188,-68867.176771
1762668972.396285,-39064.824581,-44383.663684,-46948.287636,-68877.473474
1762668972.400285,-39115.563035,-44432.491064,-46965.070069,-68893.879652
1762668972.396285,-39110.984653,-44429.060072,-46965.833753,-68891.592324
1762668972.400285,-39056.815207,-44390.913099,-46956.680715,-68879.768252
1762668972.410854,-39012.182504,-44360.775501,-46943.709254,-68871.751428
1762668972.414854,-39044.991136,-44371.839613,-46952.102333,-68874.806166
1762668972.412856,-39109.840989,-44406.551868,-46969.268471,-68884.722888
1762668972.416856,-39121.665061,-44431.347400,-46976.514161,-68890.064955
1762668972.426459,-39046.514779,-44364.970177,-46950.958669,-68870.231509
1762668972.430459,-39005.696774,-44323.008507,-46931.885183,-68858.399987
1762668972.441473,-39044.607431,-44355.433434,-46939.894557,-68867.176771
1762668972.445473,-39110.984653,-44419.139624,-46970.792115,-68888.157606
1762668972.449473,-39117.086679,-44425.625354,-46973.463148,-68889.304996
1762668972.453473,-39047.658443,-44361.155480,-46947.903931,-68868.324161
1762668972.442370,-39027.441293,-44345.136732,-46935.699880,-68862.982094
1762668972.446370,-39070.930332,-44375.654310,-46946.380287,-68871.751428
1762668972.456604,-39118.230343,-44419.523329,-46966.597438,-68881.675601
1762668972.460604,-39110.984653,-44418.375939,-46966.977417,-68879.768252
1762668972.457609,-39059.866220,-44385.191053,-46954.009682,-68867.936730
1762668972.461609,-39030.112326,-44352.382421,-46942.181885,-68859.167397
1762668972.479578,-39064.444602,-44376.797974,-46948.287636,-68865.649402
1762668972.483577,-39117.850363,-44422.574341,-46963.546425,-68877.860904
1762668972.486745,-39135.396481,-44450.800866,-46974.226832,-68884.342909
1762668972.490745,-39064.824581,-44382.136315,-46951.718628,-68858.020008
1762668972.487750,-39026.297629,-44339.030981,-46937.987208,-68845.048547
1762668972.491750,-39061.773568,-44368.024915,-46941.421926,-68857.640028
1762668972.498019,-39112.508297,-44418.759644,-46961.639076,-68874.806166
1762668972.502019,-39118.230343,-44421.046972,-46965.070069,-68874.426186
1762668972.498019,-39045.371115,-44349.331409,-46938.750893,-68850.770593
1762668972.502019,-39013.326168,-44326.443225,-46928.070486,-68846.195936
1762668972.518441,-39038.885385,-44346.280396,-46936.459839,-68854.205310
1762668972.522441,-39079.323411,-44381.756335,-46956.680715,-68865.649402
1762668972.518441,-39070.930332,-44378.705323,-46958.588064,-68862.602115
1762668972.522441,-39031.255990,-44341.322035,-46944.852918,-68848.103285
1762668972.528559,-38996.543735,-44304.318726,-46928.070486,-68835.131824
1762668972.532559,-39024.010301,-44321.864843,-46935.316175,-68843.141198
1762668972.528559,-39079.703391,-44370.692223,-46951.338649,-68861.074746
1762668972.532559,-39096.489549,-44400.066137,-46963.546425,-68871.371448
1762668972.545787,-39024.010301,-44340.938330,-46941.038221,-68850.770593
1762668972.549787,-38992.729038,-44309.277087,-46924.635768,-68844.288588
1762668972.545787,-39025.917649,-44344.753027,-46931.885183,-68857.640028
1762668972.549787,-39087.332785,-44405.788183,-46955.917031,-68875.566125
1762668972.566523,-39090.767503,-44412.653893,-46964.690089,-68878.240883
1762668972.570523,-39016.760886,-44347.044080,-46941.038221,-68855.732679
1762668972.568528,-38998.831064,-44335.979968,-46933.028847,-68855.732679
1762668972.572528,-39036.598057,-44364.590198,-46943.329275,-68866.416812
1762668972.576793,-39094.198495,-44408.079237,-46960.111707,-68881.675601
1762668972.580793,-39097.633213,-44412.653893,-46966.217458,-68879.380822
1762668972.589269,-39046.514779,-44380.612671,-46959.348023,-68869.844079
1762668972.593269,-39022.102952,-44345.136732,-46946.380287,-68862.602115
1762668972.592243,-39061.009884,-44369.548559,-46955.917031,-68874.046206
1762668972.596243,-39117.850363,-44422.954321,-46974.990517,-68890.444934
1762668972.608654,-39126.243442,-44437.069446,-46988.721937,-68889.304996
1762668972.612653,-39058.342576,-44376.414269,-46966.977417,-68868.324161
1762668972.609659,-39021.339267,-44332.165271,-46950.574964,-68856.880069
1762668972.613659,-39056.051522,-44359.631836,-46960.495412,-68868.704140
1762668972.621422,-39106.406271,-44406.171888,-46977.277845,-68885.490298
1762668972.625422,-39099.156857,-44401.973486,-46976.897866,-68882.435560
1762668972.621422,-39025.917649,-44338.267297,-46952.102333,-68860.694766
1762668972.625422,-39004.173130,-44327.206910,-46944.089234,-68858.787417
1762668972.636353,-39045.371115,-44353.526086,-46953.625977,-68870.231509
1762668972.640353,-39090.003818,-44391.293079,-46963.926405,-68881.675601
1762668972.636353,-39080.847055,-44389.385730,-46964.690089,-68874.806166
1762668972.640353,-39029.348642,-44353.909791,-46953.625977,-68865.649402
1762668972.664905,-39001.122117,-44321.484864,-46943.709254,-68858.399987
1762668972.668905,-39032.399654,-44343.989342,-46944.852918,-68867.936730
1762668972.666520,-39091.911167,-44394.727796,-46964.310110,-68884.722888
1762668972.670520,-39097.633213,-44416.088611,-46970.792115,-68890.444934
1762668972.674520,-39020.195603,-44350.475073,-46943.329275,-68866.029382
1762668972.678520,-38991.965353,-44313.091785,-46929.977834,-68854.585290
1762668972.666520,-39039.649069,-44352.766126,-46944.472939,-68869.084120
1762668972.670520,-39095.342159,-44410.366565,-46963.162720,-68886.630237
1762668972.680722,-39101.064205,-44416.468590,-46968.504786,-68884.342909
1762668972.684722,-39036.978036,-44355.817139,-46948.667616,-68864.889443
1762668972.680722,-39029.348642,-44346.280396,-46952.866018,-68863.742054
1762668972.684722,-39066.731930,-44375.654310,-46964.310110,-68872.518837
1762668972.691077,-39121.665061,-44422.190636,-46979.568899,-68883.962929
1762668972.695077,-39122.428745,-44429.820031,-46985.290945,-68884.722888
1762668972.711589,-39071.694016,-44394.344091,-46969.648451,-68875.953555
1762668972.715589,-39040.412754,-44358.488172,-46955.917031,-68865.269423
1762668972.712722,-39071.694016,-44377.561659,-46965.833753,-68872.138858
1762668972.716722,-39129.674435,-44423.338026,-46979.568899,-68887.010217
1762668972.724532,-39127.007127,-44434.018433,-46982.236207,-68887.010217
1762668972.728532,-39044.227451,-44363.446534,-46961.255372,-68867.936730
1762668972.724532,-39011.038840,-44321.484864,-46942.565590,-68855.732679
1762668972.728532,-39051.856846,-44358.868152,-46954.389662,-68866.416812
1762668972.732112,-39107.169956,-44413.801283,-46974.606812,-68882.055581
1762668972.736112,-39104.118943,-44413.037598,-46976.897866,-68878.620863
1762668972.742252,-39033.163339,-44344.373047,-46952.482313,-68855.352700
1762668972.746252,-39008.367807,-44326.063246,-46941.421926,-68852.297962
1762668972.758114,-39037.741721,-44348.951429,-46950.958669,-68861.454725
1762668972.762114,-39082.754403,-44389.385730,-46965.070069,-68874.046206
1762668972.771700,-39074.361324,-44389.765710,-46960.875392,-68872.518837
1762668972.775700,-39024.010301,-44350.095093,-46942.565590,-68859.547377
1762668972.779700,-38999.594748,-44317.286462,-46929.977834,-68851.538002
1762668972.783700,-39037.361741,-44341.702014,-46939.130872,-68862.214684
1762668972.772705,-39097.249508,-44393.964112,-46958.968043,-68879.380822
1762668972.776705,-39104.878902,-44415.708631,-46967.741102,-68884.722888
1762668972.785588,-39039.649069,-44352.002442,-46947.903931,-68863.362074
1762668972.789588,-39013.326168,-44321.864843,-46936.459839,-68853.445351
1762668972.787681,-39060.629904,-44366.117567,-46946.380287,-68866.029382
1762668972.791681,-39119.377732,-44420.666993,-46964.690089,-68880.148232
1762668972.802827,-39118.994027,-44425.625354,-46965.833753,-68881.288171
1762668972.806827,-39044.607431,-44356.580824,-46941.421926,-68856.880069
1762668972.810827,-39033.927023,-44343.989342,-46932.645142,-68853.445351
1762668972.814827,-39067.495614,-44367.261231,-46942.181885,-68859.927356
1762668972.816759,-39108.313620,-44407.315552,-46962.402761,-68875.186145
1762668972.820759,-39099.540561,-44397.395104,-46964.690089,-68872.518837
1762668972.831769,-39044.227451,-44355.817139,-46953.245997,-68860.694766
1762668972.835769,-39018.288255,-44323.008507,-46942.945570,-68850.390613
1762668972.835189,-39054.907858,-44347.044080,-46950.574964,-68857.260048
1762668972.839189,-39098.776877,-44390.913099,-46967.741102,-68869.464099
1762668972.846202,-39091.527462,-44395.487756,-46966.217458,-68867.936730
1762668972.850202,-39013.709873,-44329.877943,-46939.894557,-68846.195936
1762668972.846202,-38978.233933,-44297.069311,-46925.399452,-68838.186562
1762668972.850202,-39033.547044,-44338.267297,-46939.894557,-68851.917982
1762668972.857390,-39090.767503,-44391.293079,-46958.204359,-68872.138858
1762668972.861390,-39091.147482,-44390.913099,-46960.495412,-68870.231509
1762668972.863120,-39017.524570,-44324.915856,-46934.172511,-68845.815957
1762668972.867120,-39011.802524,-44319.957495,-46929.594129,-68848.483264
1762668972.874035,-39054.527879,-44346.280396,-46945.236623,-68859.547377
1762668972.878035,-39098.396897,-44389.765710,-46962.402761,-68869.844079
1762668972.874035,-39102.591574,-44397.015125,-46966.217458,-68870.611489
1762668972.878035,-39052.236825,-44366.117567,-46958.588064,-68858.787417
1762668972.893743,-39020.195603,-44334.836304,-46941.038221,-68846.955895
1762668972.897743,-39064.444602,-44367.641211,-46944.089234,-68859.927356
1762668972.906238,-39122.428745,-44421.430677,-46963.926405,-68881.288171
1762668972.910238,-39133.872837,-44441.264123,-46974.606812,-68890.064955
1762668972.914238,-39061.773568,-44369.932264,-46949.431300,-68867.936730
1762668972.918238,-39028.584957,-44331.785291,-46933.408827,-68856.492639
1762668972.907515,-39067.495614,-44371.839613,-46949.051321,-68871.751428
1762668972.911515,-39122.808725,-44417.232275,-46970.412135,-68886.250257
1762668972.918329,-39117.086679,-44410.366565,-46970.412135,-68880.528212
1762668972.922329,-39037.361741,-44345.136732,-46944.472939,-68855.732679
1762668972.918329,-39026.297629,-44333.308935,-46936.079860,-68852.297962
1762668972.922329,-39054.144174,-44352.766126,-46943.709254,-68859.927356
1762668972.934668,-39099.920541,-44390.529394,-46959.731728,-68870.231509
1762668972.938668,-39088.476449,-44385.191053,-46960.495412,-68865.269423
1762668972.953553,-39028.968662,-44342.845678,-46939.894557,-68849.630654
1762668972.957553,-38996.543735,-44308.133423,-46926.543117,-68842.001259
1762668972.961554,-39031.255990,-44331.021607,-46933.028847,-68848.483264
1762668972.965554,-39094.198495,-44383.283705,-46950.958669,-68861.834705
1762668972.966997,-39091.527462,-44393.200427,-46957.440674,-68865.649402
1762668972.970997,-39023.246616,-44332.165271,-46940.658242,-68844.668567
1762668972.967680,-39002.265781,-44303.935021,-46928.830445,-68836.279213
1762668972.971679,-39050.713181,-44350.475073,-46942.945570,-68851.917982
1762668972.981085,-39104.118943,-44403.880835,-46962.019056,-68870.231509
1762668972.985085,-39097.249508,-44402.357191,-46962.019056,-68870.231509
1762668972.986319,-39032.399654,-44342.845678,-46942.565590,-68850.010633
1762668972.990319,-39019.431919,-44337.123632,-46937.607229,-68848.483264
1762668972.996636,-39064.824581,-44369.168580,-46945.996583,-68860.307336
1762668973.000636,-39108.313620,-44416.088611,-46963.162720,-68875.566125
1762668972.997885,-39103.735238,-44417.615980,-46964.690089,-68874.806166
1762668973.001885,-39054.144174,-44385.191053,-46947.523952,-68866.029382
1762668973.008305,-39034.690708,-44356.960803,-46939.894557,-68859.927356
1762668973.012305,-39079.323411,-44383.663684,-46947.903931,-68867.936730
1762668973.008305,-39135.780185,-44428.676367,-46965.833753,-68881.675601
1762668973.012305,-39141.502231,-44435.162097,-46973.083168,-68880.148232
1762668973.026328,-39059.486240,-44363.826513,-46944.852918,-68855.732679
1762668973.030328,-39026.677608,-44326.443225,-46930.357814,-68848.103285
1762668973.030699,-39066.731930,-44363.062829,-46942.945570,-68858.787417
1762668973.034699,-39123.952389,-44411.510229,-46962.782741,-68872.518837
1762668973.040580,-39106.406271,-44400.449842,-46960.875392,-68868.704140
1762668973.044580,-39020.195603,-44327.206910,-46935.316175,-68845.435977
1762668973.040580,-39012.182504,-44317.670166,-46933.028847,-68845.048547
1762668973.044580,-39041.556418,-44339.030981,-46939.130872,-68851.917982
1762668973.052187,-39080.847055,-44382.520020,-46948.667616,-68862.602115
1762668973.056187,-39065.971971,-44380.992651,-46946.760267,-68861.454725
1762668973.079531,-39017.140865,-44342.081994,-46933.028847,-68850.390613
1762668973.083531,-38990.821689,-44309.657067,-46920.821071,-68840.853870
1762668973.085485,-39037.361741,-44340.558350,-46932.645142,-68851.917982
1762668973.089484,-39090.003818,-44398.542494,-46957.824379,-68870.611489
1762668973.093485,-39088.860154,-44408.839196,-46965.070069,-68874.426186
1762668973.097485,-39026.677608,-44348.567724,-46944.472939,-68855.732679
1762668973.085485,-38996.923715,-44318.433851,-46931.501478,-68848.483264
1762668973.089484,-39040.792733,-44363.446534,-46941.038221,-68864.509463
1762668973.101122,-39097.249508,-44416.468590,-46960.875392,-68881.675601
1762668973.105122,-39091.147482,-44409.222901,-46961.639076,-68879.000843
1762668973.103130,-39026.297629,-44344.753027,-46941.038221,-68856.492639
1762668973.107130,-39015.233517,-44343.989342,-46936.459839,-68857.260048
1762668973.115345,-39051.473141,-44373.746961,-46944.472939,-68867.176771
1762668973.119344,-39113.271981,-44421.430677,-46962.782741,-68883.195519
1762668973.121481,-39109.077305,-44416.468590,-46962.019056,-68879.768252
1762668973.125481,-39045.371115,-44366.877526,-46944.089234,-68861.834705
1762668973.131539,-39014.473557,-44327.586889,-46931.501478,-68848.103285
1762668973.135539,-39046.898484,-44345.896691,-46936.079860,-68853.065372
1762668973.131539,-39099.920541,-44391.293079,-46952.102333,-68866.416812
1762668973.135539,-39087.332785,-44397.015125,-46953.625977,-68863.742054
1762668973.141938,-39015.997201,-44337.507337,-46930.357814,-68841.233850
1762668973.145938,-38989.678025,-44303.935021,-46917.006373,-68835.899234
1762668973.141938,-39032.019675,-44336.359948,-46926.923096,-68852.297962
1762668973.145938,-39076.268673,-44386.334717,-46945.236623,-68866.416812
1762668973.161743,-39076.652378,-44387.098402,-46948.667616,-68864.509463
1762668973.165743,-38999.594748,-44312.711805,-46922.728419,-68835.511804
1762668973.161743,-38986.243308,-44302.027673,-46916.242689,-68832.464516
1762668973.165743,-39023.626596,-44329.114258,-46925.779432,-68842.761219
1762668973.182384,-39070.166647,-44373.746961,-46943.709254,-68856.112659
1762668973.186384,-39064.444602,-44372.219592,-46947.523952,-68853.825331
1762668973.191955,-39017.140865,-44334.072620,-46938.367188,-68846.195936
1762668973.195955,-38998.451084,-44309.277087,-46931.885183,-68839.326501
1762668973.191955,-39046.514779,-44342.845678,-46942.181885,-68848.103285
1762668973.195955,-39102.211595,-44394.727796,-46960.111707,-68867.936730
1762668973.206784,-39088.860154,-44397.395104,-46961.639076,-68867.556751
1762668973.210784,-39020.575583,-44341.702014,-46942.181885,-68851.917982
1762668973.207690,-39003.789425,-44317.670166,-46934.172511,-68848.863244
1762668973.211690,-39059.102535,-44367.261231,-46951.338649,-68867.556751
1762668973.225666,-39118.994027,-44422.190636,-46970.792115,-68884.342909
1762668973.229666,-39102.971554,-44427.532703,-46972.319484,-68884.342909
1762668973.236053,-39039.269090,-44365.353882,-46949.431300,-68864.122033
1762668973.240053,-39043.843746,-44368.024915,-46950.194985,-68871.371448
1762668973.244054,-39084.661752,-44395.871460,-46964.310110,-68883.195519
1762668973.248054,-39133.872837,-44432.874769,-46981.092542,-68893.499672
1762668973.236053,-39115.563035,-44418.375939,-46975.370497,-68887.010217
1762668973.240053,-39055.671543,-44370.692223,-46955.153346,-68869.844079
1762668973.245130,-39029.732347,-44337.123632,-46944.852918,-68858.787417
1762668973.249130,-39062.157273,-44364.590198,-46957.060695,-68866.029382
1762668973.245130,-39106.026292,-44416.088611,-46972.319484,-68880.528212
1762668973.249130,-39107.169956,-44419.523329,-46976.897866,-68879.000843
1762668973.272738,-39034.307003,-44349.331409,-46958.204359,-68854.972720
1762668973.276738,-39012.182504,-44317.670166,-46944.472939,-68849.630654
1762668973.278735,-39062.157273,-44362.302870,-46955.533326,-68864.889443
1762668973.282735,-39107.933640,-44408.459216,-46975.754201,-68881.675601
1762668973.286735,-39092.674851,-44393.580407,-46971.175820,-68873.658776
1762668973.290735,-39019.811898,-44322.628528,-46945.996583,-68846.955895
1762668973.282371,-39017.904550,-44325.679541,-46946.760267,-68850.770593
1762668973.286371,-39054.144174,-44353.526086,-46956.297010,-68858.399987
1762668973.296337,-39105.642587,-44400.829822,-46975.754201,-68870.991468
1762668973.300337,-39092.674851,-44398.542494,-46975.370497,-68868.324161
1762668973.318073,-39042.700082,-44359.631836,-46965.453774,-68857.260048
1762668973.322073,-39034.307003,-44339.030981,-46963.546425,-68851.917982
1762668973.321903,-39072.837681,-44370.312244,-46969.268471,-68864.509463
1762668973.325903,-39130.438119,-44429.440051,-46986.050904,-68887.010217
1762668973.327192,-39117.086679,-44431.347400,-46987.958252,-68887.010217
1762668973.331192,-39049.949497,-44370.692223,-46965.070069,-68867.936730
1762668973.337652,-39030.876011,-44345.136732,-46953.245997,-68859.167397
1762668973.341652,-39082.374424,-44395.871460,-46967.361122,-68873.278797
1762668973.345653,-39136.160165,-44445.842505,-46987.198293,-68888.157606
1762668973.349653,-39124.716073,-44442.411512,-46982.619911,-68886.250257
1762668973.337652,-39052.236825,-44374.506921,-46959.348023,-68861.074746
1762668973.341652,-39045.751095,-44371.839613,-46958.204359,-68863.362074
1762668973.349902,-39079.323411,-44393.200427,-46970.792115,-68871.751428
1762668973.353902,-39136.160165,-44428.296387,-46986.050904,-68882.815540
1762668973.360439,-39121.665061,-44417.615980,-46979.948878,-68876.713514
1762668973.364439,-39060.249925,-44369.168580,-46963.162720,-68860.307336
1762668973.371058,-39028.204978,-44338.267297,-46952.866018,-68850.390613
1762668973.375058,-39058.722556,-44358.488172,-46957.824379,-68858.787417
1762668973.371058,-39110.984653,-44405.408204,-46969.268471,-68874.046206
1762668973.375058,-39098.776877,-44403.500855,-46968.504786,-68868.704140
1762668973.380679,-39023.626596,-44335.979968,-46944.472939,-68842.001259
1762668973.384679,-38995.780051,-44303.555042,-46933.408827,-68832.464516
1762668973.380679,-39049.949497,-44347.804040,-46949.051321,-68847.343326
1762668973.384679,-39100.304246,-44390.913099,-46970.412135,-68861.074746
1762668973.409539,-39087.712765,-44381.376356,-46967.741102,-68857.260048
1762668973.413539,-39012.946188,-44315.762818,-46942.565590,-68835.131824
1762668973.409539,-39015.617222,-44320.341200,-46942.565590,-68838.566542
1762668973.413539,-39059.102535,-44355.817139,-46952.102333,-68850.770593
1762668973.409539,-39109.457284,-44402.737170,-46970.792115,-68866.029382
1762668973.413539,-39096.489549,-44400.829822,-46969.648451,-68866.029382
1762668973.431927,-39042.320102,-44355.053455,-46950.574964,-68850.390613
1762668973.435927,-39028.968662,-44337.123632,-46944.472939,-68847.723305
1762668973.431927,-39069.786668,-44368.404895,-46957.824379,-68858.399987
1762668973.435927,-39135.396481,-44425.625354,-46979.948878,-68877.860904
1762668973.440054,-39128.530771,-44430.967420,-46984.527260,-68877.093494
1762668973.444054,-39050.713181,-44368.024915,-46963.162720,-68854.585290
1762668973.440054,-39030.876011,-44339.030981,-46952.102333,-68849.250674
1762668973.444054,-39079.323411,-44382.900000,-46967.361122,-68867.176771
1762668973.462323,-39133.489132,-44428.296387,-46982.999891,-68882.055581
1762668973.466323,-39122.428745,-44411.510229,-46979.568899,-68874.806166
1762668973.462323,-39038.505405,-44338.267297,-46956.297010,-68848.483264
1762668973.466323,-39026.677608,-44338.267297,-46950.194985,-68848.103285
1762668973.475075,-39064.824581,-44362.302870,-46956.297010,-68859.927356
1762668973.479075,-39105.262607,-44396.635145,-46970.032156,-68870.991468
1762668973.477084,-39086.952806,-44386.334717,-46965.070069,-68864.122033
1762668973.481084,-39025.153965,-44340.174645,-46946.760267,-68849.630654
1762668973.491319,-39013.326168,-44314.619154,-46938.367188,-68842.761219
1762668973.495319,-39048.805833,-44341.702014,-46949.811280,-68852.297962
1762668973.501343,-39107.933640,-44394.727796,-46968.884766,-68867.936730
1762668973.505343,-39099.156857,-44394.344091,-46970.412135,-68866.796792
1762668973.521978,-39026.677608,-44327.970594,-46946.380287,-68844.668567
1762668973.525978,-39004.553109,-44303.555042,-46941.421926,-68835.131824
1762668973.521978,-39065.208286,-44360.011816,-46960.111707,-68854.585290
1762668973.525978,-39121.285081,-44406.551868,-46978.421509,-68872.898817
1762668973.521978,-39098.396897,-44394.727796,-46978.421509,-68867.556751
1762668973.525978,-39037.741721,-44338.267297,-46950.574964,-68850.390613
1762668973.532275,-39036.978036,-44325.679541,-46945.616603,-68846.575916
1762668973.536275,-39075.888693,-44362.302870,-46961.639076,-68858.020008
1762668973.532275,-39134.252816,-44414.561242,-46981.092542,-68875.186145
1762668973.536275,-39121.285081,-44407.315552,-46977.277845,-68872.518837
1762668973.551318,-39067.495614,-44370.312244,-46961.639076,-68861.074746
1762668973.555318,-39041.176438,-44342.081994,-46949.811280,-68851.917982
1762668973.551318,-39077.032357,-44373.746961,-46958.204359,-68861.074746
1762668973.555318,-39130.821824,-44428.296387,-46977.277845,-68878.240883
1762668973.563562,-39118.230343,-44424.481690,-46978.421509,-68875.186145
1762668973.567562,-39046.898484,-44353.526086,-46951.338649,-68849.630654
1762668973.563562,-39022.102952,-44319.957495,-46940.658242,-68840.093911
1762668973.567562,-39068.259299,-44368.784875,-46957.824379,-68854.972720
1762668973.574941,-39111.364633,-44406.551868,-46976.897866,-68867.176771
1762668973.578941,-39082.754403,-44387.098402,-46967.361122,-68858.399987
1762668973.574941,-39005.696774,-44313.471764,-46935.316175,-68833.991885
1762668973.578941,-39003.789425,-44314.999133,-46937.607229,-68835.899234
1762668973.597513,-39044.607431,-44343.989342,-46947.903931,-68845.435977
1762668973.601513,-39078.559726,-44378.321618,-46960.111707,-68857.640028
1762668973.605513,-39056.815207,-44368.784875,-46957.440674,-68852.297962
1762668973.609513,-39012.946188,-44326.063246,-46943.709254,-68838.186562
1762668973.608408,-39004.553109,-44306.989759,-46935.316175,-68833.604455
1762668973.612408,-39043.463767,-44336.359948,-46950.958669,-68848.103285
1762668973.612842,-39098.013192,-44393.580407,-46976.514161,-68866.796792
1762668973.616842,-39087.712765,-44395.487756,-46977.661550,-68866.796792
1762668973.625875,-39016.760886,-44336.359948,-46955.533326,-68851.158023
1762668973.629875,-39005.316794,-44319.193810,-46947.143972,-68849.630654
1762668973.628337,-39062.537253,-44377.561659,-46965.453774,-68868.704140
1762668973.632337,-39117.470384,-44429.060072,-46986.814588,-68885.490298
1762668973.644846,-39104.118943,-44421.046972,-46984.143555,-68880.148232
1762668973.648846,-39034.307003,-44358.104467,-46960.111707,-68859.167397
1762668973.654860,-39038.885385,-44368.784875,-46959.731728,-68867.176771
1762668973.658860,-39086.189121,-44402.737170,-46971.175820,-68875.953555
1762668973.657709,-39136.543870,-44446.986169,-46992.156655,-68890.444934
1762668973.661709,-39117.850363,-44435.162097,-46987.958252,-68885.870278
1762668973.671499,-39047.658443,-44382.900000,-46966.977417,-68869.844079
1762668973.675499,-39034.307003,-44363.446534,-46960.495412,-68864.122033
1762668973.672183,-39079.323411,-44390.529394,-46967.361122,-68870.991468
1762668973.676183,-39127.767086,-44436.689466,-46987.198293,-68883.582950
1762668973.685486,-39104.118943,-44418.759644,-46984.527260,-68875.953555
1762668973.689486,-39031.639695,-44345.136732,-46957.824379,-68852.297962
1762668973.685486,-39009.511471,-44320.721179,-46940.658242,-68846.955895
1762668973.689486,-39066.731930,-44368.404895,-46956.680715,-68865.649402
1762668973.701633,-39103.735238,-44406.171888,-46978.041530,-68877.093494
1762668973.705633,-39081.610739,-44392.820448,-46978.041530,-68871.371448
1762668973.702761,-39016.380906,-44325.299561,-46954.009682,-68849.630654
1762668973.706761,-39009.511471,-44325.299561,-46952.866018,-68851.538002
1762668973.716268,-39054.907858,-44355.817139,-46969.268471,-68859.547377
1762668973.720268,-39112.892002,-44398.542494,-46984.143555,-68869.084120
1762668973.717272,-39088.860154,-44388.622046,-46984.907240,-68869.084120
1762668973.721272,-39023.246616,-44337.123632,-46965.453774,-68853.445351
1762668973.724736,-39005.696774,-44313.855469,-46955.917031,-68845.815957
1762668973.728736,-39048.422128,-44346.660376,-46966.597438,-68856.492639
1762668973.733896,-39104.878902,-44408.839196,-46987.958252,-68878.620863
1762668973.737895,-39077.416062,-44400.449842,-46984.143555,-68873.658776
1762668973.748782,-39015.233517,-44337.507337,-46961.639076,-68856.880069
1762668973.752782,-39014.473557,-44321.101159,-46956.680715,-68854.585290
1762668973.754186,-39071.310312,-44377.177954,-46970.792115,-68867.556751
1762668973.758186,-39117.086679,-44421.430677,-46989.865601,-68882.815540
1762668973.762186,-39090.003818,-44406.551868,-46986.050904,-68876.333535
1762668973.766186,-39015.617222,-44339.794666,-46957.824379,-68853.445351
1762668973.785402,-39022.862911,-44348.187745,-46959.348023,-68856.492639
1762668973.789402,-39073.601365,-44385.571033,-46977.661550,-68872.898817
1762668973.790969,-39115.943015,-44426.005334,-46991.772950,-68888.537586
1762668973.794969,-39100.304246,-44415.324926,-46986.434609,-68882.435560
1762668973.798970,-39025.533944,-44356.197119,-46964.310110,-68862.214684
1762668973.802969,-39019.811898,-44335.979968,-46961.255372,-68858.787417
1762668973.793365,-39065.208286,-44363.062829,-46971.939504,-68873.658776
1762668973.797364,-39123.192430,-44419.523329,-46994.443983,-68891.592324
1762668973.801976,-39101.447910,-44409.222901,-46993.680298,-68886.630237
1762668973.805976,-39027.441293,-44341.702014,-46966.217458,-68864.122033
1762668973.801976,-39016.380906,-44318.433851,-46956.680715,-68859.547377
1762668973.805976,-39077.032357,-44377.561659,-46981.092542,-68882.055581
1762668973.827896,-39118.614048,-44418.759644,-46998.642385,-68893.119693
1762668973.831896,-39094.582200,-44401.593506,-46989.105642,-68884.722888
1762668973.827896,-39028.204978,-44339.414686,-46962.402761,-68865.649402
1762668973.831896,-39032.019675,-44349.331409,-46963.926405,-68872.898817
1762668973.835197,-39077.416062,-44381.756335,-46980.328858,-68884.722888
1762668973.839197,-39123.192430,-44421.430677,-46992.536634,-68895.787001
1762668973.835197,-39099.540561,-44409.222901,-46986.434609,-68889.304996
1762668973.839197,-39040.029049,-44365.353882,-46975.370497,-68875.566125
1762668973.845342,-39030.492306,-44347.044080,-46968.504786,-68870.231509
1762668973.849342,-39068.639278,-44374.126941,-46976.514161,-68881.675601
1762668973.845342,-39125.099778,-44440.884143,-46994.064003,-68901.509047
1762668973.849342,-39113.655686,-44437.833130,-46992.920339,-68898.074329
1762668973.872439,-39036.214352,-44370.692223,-46969.268471,-68874.806166
1762668973.876439,-39019.048214,-44344.753027,-46961.639076,-68867.936730
1762668973.872439,-39080.467075,-44396.635145,-46981.476247,-68886.630237
1762668973.876439,-39127.767086,-44434.398413,-46998.258680,-68896.546960
1762668973.878285,-39096.489549,-44409.602880,-46992.920339,-68887.397647
1762668973.882285,-39026.297629,-44340.174645,-46968.124807,-68865.269423
1762668973.896318,-39025.153965,-44343.609363,-46968.124807,-68869.844079
1762668973.900318,-39063.300937,-44369.548559,-46976.897866,-68884.342909
1762668973.896318,-39111.748338,-44409.222901,-46993.300319,-68895.787001
1762668973.900318,-39099.920541,-44405.024499,-46992.920339,-68890.824914
1762668973.908072,-39038.885385,-44350.858778,-46974.990517,-68873.278797
1762668973.912072,-39030.112326,-44335.979968,-46965.833753,-68867.936730
1762668973.908072,-39068.639278,-44366.117567,-46972.699463,-68877.860904
1762668973.912072,-39127.007127,-44426.005334,-46992.536634,-68895.407021
1762668973.929076,-39105.262607,-44417.615980,-46992.156655,-68891.592324
1762668973.933076,-39027.061313,-44350.095093,-46965.070069,-68872.518837
1762668973.937822,-39015.233517,-44329.114258,-46952.482313,-68866.029382
1762668973.941822,-39075.508714,-44388.242066,-46976.134181,-68884.722888
1762668973.945822,-39114.799351,-44429.440051,-46992.156655,-68897.694349
1762668973.949822,-39093.434811,-44411.130250,-46981.856227,-68890.064955
1762668973.937822,-39032.019675,-44351.618737,-46962.402761,-68871.751428
1762668973.941822,-39031.639695,-44355.433434,-46962.402761,-68875.566125
1762668973.956900,-39073.217660,-44384.043664,-46972.319484,-68880.908191
1762668973.960900,-39118.994027,-44426.769018,-46989.105642,-68893.499672
1762668973.957425,-39102.971554,-44419.903308,-46985.670924,-68889.304996
1762668973.961425,-39048.805833,-44375.654310,-46970.032156,-68874.046206
1762668973.968773,-39050.329477,-44361.539185,-46966.977417,-68871.371448
1762668973.972773,-39098.013192,-44398.158789,-46979.948878,-68883.962929
1762668973.977865,-39147.604257,-44456.522912,-47002.837062,-68906.851113
1762668973.981864,-39125.099778,-44443.171471,-47000.929713,-68902.656436
1762668973.985865,-39048.805833,-44371.839613,-46974.226832,-68879.380822
1762668973.989865,-39036.214352,-44348.951429,-46961.255372,-68870.231509
1762668973.977865,-39093.818516,-44404.264539,-46978.805214,-68889.684975
1762668973.981864,-39123.572409,-44434.398413,-46991.772950,-68899.601698
1762668974.001832,-39094.582200,-44405.788183,-46982.999891,-68887.397647
1762668974.005832,-39031.639695,-44335.599989,-46957.824379,-68863.742054
1762668974.022277,-39042.320102,-44341.322035,-46960.495412,-68866.796792
1762668974.026277,-39087.332785,-44374.126941,-46979.185194,-68875.566125
1762668974.022277,-39131.201804,-44415.324926,-46995.587647,-68888.917565
1762668974.026277,-39107.933640,-44397.395104,-46989.485621,-68882.055581
1762668974.029300,-39033.163339,-44339.030981,-46967.361122,-68862.982094
1762668974.033300,-39021.719247,-44326.823205,-46961.255372,-68862.602115
1762668974.032847,-39057.958871,-44360.775501,-46963.926405,-68874.426186
1762668974.036847,-39118.230343,-44416.852295,-46980.328858,-68894.259632
1762668974.039424,-39098.776877,-44401.209801,-46981.856227,-68887.397647
1762668974.043424,-39030.492306,-44337.507337,-46959.731728,-68864.509463
1762668974.039424,-39020.955563,-44321.864843,-46952.866018,-68860.694766
1762668974.043424,-39087.332785,-44385.191053,-46971.939504,-68881.675601
1762668974.068040,-39131.581783,-44424.861670,-46987.958252,-68893.499672
1762668974.072040,-39105.262607,-44405.788183,-46984.527260,-68890.444934
1762668974.070139,-39040.412754,-44350.858778,-46963.546425,-68875.186145
1762668974.074139,-39051.093161,-44361.919165,-46968.124807,-68881.675601
1762668974.078139,-39091.527462,-44395.871460,-46981.476247,-68893.879652
1762668974.082139,-39135.780185,-44433.634728,-46999.402344,-68906.851113
1762668974.070139,-39118.230343,-44421.810657,-46992.920339,-68901.509047
1762668974.074139,-39052.236825,-44372.599572,-46970.792115,-68883.195519
1762668974.090718,-39043.083787,-44352.766126,-46961.639076,-68879.000843
1762668974.094718,-39083.518088,-44379.085302,-46974.606812,-68887.397647
1762668974.092330,-39134.636521,-44433.634728,-46996.351331,-68902.269006
1762668974.096330,-39108.313620,-44412.653893,-46993.680298,-68892.352283
1762668974.108233,-39034.307003,-44342.845678,-46971.555799,-68870.611489
1762668974.112233,-39022.862911,-44319.193810,-46962.019056,-68866.029382
1762668974.121160,-39078.176022,-44369.168580,-46981.092542,-68880.528212
1762668974.125160,-39121.665061,-44408.839196,-46997.494996,-68889.684975
1762668974.129160,-39084.661752,-44384.043664,-46987.578273,-68877.860904
1762668974.133160,-39017.524570,-44321.484864,-46960.875392,-68859.167397
1762668974.131398,-39030.492306,-44334.072620,-46963.162720,-68868.704140
1762668974.135398,-39074.745029,-44370.312244,-46974.226832,-68880.148232
1762668974.131398,-39108.693600,-44406.171888,-46987.578273,-68888.537586
1762668974.135398,-39082.374424,-44388.622046,-46978.041530,-68881.675601
1762668974.151560,-39017.904550,-44335.216284,-46959.731728,-68863.742054
1762668974.155560,-39007.987827,-44328.730553,-46950.958669,-68861.834705
1762668974.163316,-39061.773568,-44363.062829,-46965.833753,-68871.751428
1762668974.167316,-39125.859737,-44426.389039,-46993.680298,-68894.259632
1762668974.171316,-39102.591574,-44417.995960,-46991.772950,-68893.119693
1762668974.175316,-39040.412754,-44358.868152,-46972.699463,-68875.186145
1762668974.172095,-39025.533944,-44345.516711,-46965.453774,-68872.898817
1762668974.176095,-39103.735238,-44413.417578,-46988.721937,-68898.074329
1762668974.180095,-39146.840572,-44454.235584,-47005.124390,-68913.333118
1762668974.184095,-39112.892002,-44429.440051,-47000.549734,-68907.611072
1762668974.182389,-39038.505405,-44361.919165,-46977.661550,-68887.397647
1762668974.186389,-39043.083787,-44365.733862,-46978.041530,-68890.444934
1762668974.196684,-39085.805416,-44393.580407,-46989.485621,-68898.454309
1762668974.200684,-39128.914475,-44426.005334,-46999.786049,-68907.611072
1762668974.199809,-39093.054831,-44409.986585,-46993.680298,-68900.361657
1762668974.203809,-39022.102952,-44354.289770,-46976.134181,-68886.630237
1762668974.211977,-39022.862911,-44337.123632,-46968.884766,-68882.435560
1762668974.215976,-39067.115635,-44360.775501,-46977.661550,-68889.304996
1762668974.211977,-39117.086679,-44416.468590,-47001.693398,-68906.083703
1762668974.215976,-39077.032357,-44392.820448,-46990.249306,-68896.166980
1762668974.225644,-38997.687399,-44318.050146,-46955.533326,-68866.796792
1762668974.229644,-38994.252682,-44304.318726,-46952.866018,-68862.602115
1762668974.241964,-39065.208286,-44372.219592,-46978.421509,-68883.582950
1762668974.245964,-39101.827890,-44408.459216,-46991.012990,-68888.157606
1762668974.244324,-39067.879319,-44379.469007,-46983.383596,-68878.620863
1762668974.248324,-39012.566209,-44321.484864,-46963.926405,-68858.787417
1762668974.256281,-39015.997201,-44328.350574,-46964.310110,-68862.982094
1762668974.260281,-39065.208286,-44369.548559,-46977.277845,-68875.566125
1762668974.256281,-39115.943015,-44405.788183,-46994.443983,-68882.055581
1762668974.260281,-39094.198495,-44399.686158,-46993.680298,-68879.768252
1762668974.270921,-39033.927023,-44349.711388,-46975.754201,-68867.176771
1762668974.274921,-39036.978036,-44342.465699,-46973.846853,-68867.556751
1762668974.270921,-39082.754403,-44376.034290,-46988.721937,-68878.240883
1762668974.274921,-39146.080613,-44436.305761,-47011.230141,-68895.027041
1762668974.286582,-39113.271981,-44415.324926,-47003.600746,-68884.722888
1762668974.290582,-39033.163339,-44345.896691,-46982.999891,-68867.556751
1762668974.305393,-39021.339267,-44327.586889,-46974.606812,-68864.509463
1762668974.309393,-39073.217660,-44382.520020,-46991.772950,-68882.435560
1762668974.305393,-39123.192430,-44415.324926,-47010.086477,-68894.259632
1762668974.309393,-39085.425436,-44389.385730,-47003.980726,-68888.157606
1762668974.313394,-39009.895176,-44326.063246,-46977.661550,-68874.426186
1762668974.317394,-39015.233517,-44331.401587,-46975.370497,-68880.908191
1762668974.315642,-39079.703391,-44371.075928,-46992.156655,-68893.879652
1762668974.319642,-39120.521396,-44404.644519,-47001.309693,-68906.471133
1762668974.315642,-39089.620113,-44390.913099,-46995.971352,-68899.221718
1762668974.319642,-39024.770260,-44345.136732,-46982.236207,-68882.815540
1762668974.325970,-39019.431919,-44329.877943,-46970.792115,-68875.186145
1762668974.329970,-39061.009884,-44356.580824,-46980.328858,-68881.288171
1762668974.325970,-39118.994027,-44418.375939,-46999.402344,-68898.841739
1762668974.329970,-39086.569101,-44398.158789,-46993.680298,-68890.824914
1762668974.347287,-39022.862911,-44339.030981,-46972.319484,-68872.518837
1762668974.351287,-39025.533944,-44335.599989,-46970.792115,-68870.611489
1762668974.358066,-39085.425436,-44397.778809,-46992.536634,-68890.444934
1762668974.362066,-39130.058140,-44442.791492,-47008.559108,-68904.176354
1762668974.363232,-39106.406271,-44421.810657,-46999.786049,-68895.787001
1762668974.367232,-39043.083787,-44366.117567,-46977.277845,-68878.240883
1762668974.375391,-39054.527879,-44371.839613,-46979.948878,-68885.870278
1762668974.379391,-39102.211595,-44407.695532,-46992.536634,-68898.074329
1762668974.375391,-39141.502231,-44442.411512,-47003.217041,-68902.656436
1762668974.379391,-39117.850363,-44427.532703,-46996.735036,-68897.314370
1762668974.394525,-39047.658443,-44370.312244,-46974.990517,-68880.908191
1762668974.398525,-39036.978036,-44357.340783,-46965.453774,-68880.528212
1762668974.406967,-39077.796042,-44389.005750,-46974.990517,-68891.592324
1762668974.410967,-39127.767086,-44442.411512,-46991.392970,-68906.083703
1762668974.414967,-39085.425436,-44410.746545,-46981.856227,-68892.352283
1762668974.418967,-39019.048214,-44340.174645,-46957.440674,-68870.611489
1762668974.407690,-39021.719247,-44329.877943,-46950.574964,-68869.844079
1762668974.411690,-39070.166647,-44387.478381,-46968.124807,-68888.157606
1762668974.416049,-39106.406271,-44412.273914,-46979.185194,-68895.787001
1762668974.420048,-39067.495614,-44377.941638,-46972.699463,-68882.055581
1762668974.422680,-38999.974728,-44316.142797,-46944.852918,-68860.694766
1762668974.426680,-39007.987827,-44322.248548,-46942.181885,-68866.029382
1762668974.441066,-39054.144174,-44355.433434,-46957.824379,-68878.240883
1762668974.445066,-39097.249508,-44390.529394,-46974.606812,-68888.157606
1762668974.451155,-39067.879319,-44377.941638,-46969.648451,-68882.435560
1762668974.455155,-39002.265781,-44327.206910,-46951.718628,-68866.796792
1762668974.459155,-39006.844163,-44321.864843,-46951.338649,-68865.649402
1762668974.463155,-39050.713181,-44355.817139,-46962.782741,-68873.278797
1762668974.451155,-39102.591574,-44419.523329,-46986.050904,-68891.972303
1762668974.455155,-39077.416062,-44396.251440,-46980.328858,-68884.722888
1762668974.463865,-39014.089853,-44327.970594,-46955.917031,-68862.982094
1762668974.467865,-39011.418819,-44317.286462,-46955.533326,-68860.694766
1762668974.481867,-39080.847055,-44385.191053,-46978.805214,-68884.722888
1762668974.485867,-39118.614048,-44422.954321,-46995.207667,-68895.407021
1762668974.488572,-39093.818516,-44398.542494,-46992.536634,-68885.870278
1762668974.492572,-39032.019675,-44338.267297,-46971.555799,-68870.611489
1762668974.497743,-39038.121700,-44339.414686,-46967.741102,-68872.898817
1762668974.501743,-39084.281772,-44374.126941,-46981.856227,-68883.195519
1762668974.497743,-39117.470384,-44407.315552,-46995.587647,-68890.824914
1762668974.501743,-39089.620113,-44391.673058,-46987.578273,-68883.582950
1762668974.504297,-39022.482932,-44334.072620,-46968.884766,-68867.936730
1762668974.508296,-39024.390280,-44322.248548,-46965.070069,-68866.416812
1762668974.535768,-39074.361324,-44358.488172,-46979.568899,-68878.240883
1762668974.539768,-39124.716073,-44416.852295,-47003.217041,-68897.314370
1762668974.541481,-39081.990719,-44385.571033,-46993.680298,-68884.722888
1762668974.545480,-39023.246616,-44323.008507,-46968.504786,-68862.602115
1762668974.542011,-39027.061313,-44318.433851,-46966.597438,-68861.454725
1762668974.546011,-39085.425436,-44373.363256,-46985.290945,-68882.815540
1762668974.542011,-39120.901376,-44408.459216,-46997.115016,-68893.499672
1762668974.546011,-39088.476449,-44383.283705,-46988.341957,-68882.435560
1762668974.550011,-39028.584957,-44335.599989,-46976.897866,-68874.806166
1762668974.554011,-39030.112326,-44339.414686,-46978.041530,-68882.815540
1762668974.556740,-39081.230760,-44375.654310,-46991.012990,-68896.166980
1762668974.560740,-39120.521396,-44411.130250,-47003.600746,-68905.703723
1762668974.556740,-39092.291147,-44395.871460,-47000.166029,-68897.314370
1762668974.560740,-39046.514779,-44356.197119,-46988.341957,-68888.917565
1762668974.571668,-39047.658443,-44347.044080,-46986.814588,-68890.064955
1762668974.575668,-39101.064205,-44385.191053,-46998.258680,-68900.361657
1762668974.578180,-39154.469967,-44448.893517,-47018.859535,-68919.822574
1762668974.582180,-39118.614048,-44423.338026,-47011.230141,-68909.518421
1762668974.585568,-39053.764194,-44357.340783,-46988.721937,-68887.397647
1762668974.589568,-39057.195187,-44346.660376,-46984.907240,-68885.490298
1762668974.599391,-39118.994027,-44406.551868,-47007.031739,-68906.083703
1762668974.603391,-39144.933224,-44437.069446,-47020.003200,-68912.573159
1762668974.599391,-39122.428745,-44406.551868,-47009.702772,-68898.454309
1762668974.603391,-39065.971971,-44352.766126,-46989.865601,-68884.342909
1762668974.623058,-39071.694016,-44360.395521,-46991.772950,-68890.444934
1762668974.627058,-39120.901376,-44397.778809,-47004.744411,-68905.323744
1762668974.630145,-39164.770395,-44428.296387,-47018.475831,-68914.100528
1762668974.634145,-39134.636521,-44417.615980,-47014.661133,-68910.285830
1762668974.638145,-39056.051522,-44357.340783,-46991.392970,-68891.212344
1762668974.642145,-39054.907858,-44349.711388,-46988.721937,-68888.537586
1762668974.632151,-39108.693600,-44387.478381,-47004.744411,-68903.416395
1762668974.636151,-39168.968797,-44443.555176,-47023.437917,-68919.435143
1762668974.645880,-39117.470384,-44404.264539,-47011.610121,-68903.416395
1762668974.649880,-39056.051522,-44341.702014,-46987.198293,-68883.195519
1762668974.647161,-39053.000510,-44333.308935,-46981.476247,-68883.195519
1762668974.651161,-39118.994027,-44393.200427,-47003.980726,-68902.656436
1762668974.656002,-39158.668369,-44430.203736,-47020.003200,-68911.805749
1762668974.660002,-39111.364633,-44397.778809,-47003.217041,-68896.546960
1762668974.664450,-39048.422128,-44340.938330,-46980.712563,-68880.908191
1762668974.668450,-39064.824581,-44356.197119,-46987.198293,-68890.444934
1762668974.677889,-39107.169956,-44395.871460,-47002.837062,-68905.323744
1762668974.681889,-39144.173265,-44430.203736,-47014.661133,-68915.240467
1762668974.686515,-39125.099778,-44424.861670,-47013.517469,-68913.713098
1762668974.690515,-39063.300937,-44377.941638,-46999.786049,-68898.074329
1762668974.694515,-39056.815207,-44373.363256,-46992.536634,-68896.934390
1762668974.698515,-39109.077305,-44408.459216,-46999.022365,-68910.665810
1762668974.686515,-39159.812033,-44466.823339,-47020.383179,-68929.739296
1762668974.690515,-39119.757712,-44435.542077,-47010.846436,-68915.620446
1762668974.697499,-39049.185812,-44366.877526,-46987.198293,-68892.732263
1762668974.701499,-39048.805833,-44356.580824,-46984.143555,-68893.499672
1762668974.727400,-39115.563035,-44416.852295,-47004.364431,-68912.953138
1762668974.731400,-39150.275290,-44441.264123,-47015.808523,-68915.240467
1762668974.727400,-39103.735238,-44402.737170,-47005.124390,-68899.981678
1762668974.731400,-39036.214352,-44345.516711,-46984.527260,-68877.473474
1762668974.735400,-39042.320102,-44341.702014,-46981.856227,-68876.713514
1762668974.739400,-39092.291147,-44380.228966,-46994.443983,-68887.397647
1762668974.737573,-39126.623422,-44406.171888,-47007.795423,-68895.787001
1762668974.741573,-39093.818516,-44384.043664,-47000.549734,-68888.917565
1762668974.747744,-39026.297629,-44324.155897,-46978.421509,-68872.138858
1762668974.751744,-39027.824998,-44316.142797,-46973.846853,-68873.278797
1762668974.747744,-39073.601365,-44352.766126,-46987.198293,-68886.250257
1762668974.751744,-39119.377732,-44409.986585,-47004.364431,-68903.416395
1762668974.773699,-39074.745029,-44379.085302,-46990.249306,-68891.972303
1762668974.777699,-39008.751512,-44324.915856,-46967.361122,-68877.860904
1762668974.778781,-39011.038840,-44325.299561,-46966.977417,-68881.288171
1762668974.782781,-39078.559726,-44393.200427,-46990.249306,-68904.943764
1762668974.786781,-39116.322994,-44430.583715,-47009.322792,-68917.527795
1762668974.790781,-39082.374424,-44402.737170,-47000.929713,-68911.045790
1762668974.778781,-39035.070688,-44355.817139,-46983.383596,-68898.454309
1762668974.782781,-39051.856846,-44377.177954,-46989.105642,-68906.471133
1762668974.791158,-39102.591574,-44422.190636,-47006.651759,-68923.637271
1762668974.795158,-39143.025875,-44457.286596,-47021.910548,-68936.988711
1762668974.791158,-39119.757712,-44446.606189,-47017.332166,-68932.406604
1762668974.795158,-39065.588266,-44395.107776,-47002.457082,-68917.915225
1762668974.819655,-39079.703391,-44393.200427,-47006.651759,-68920.582533
1762668974.823655,-39131.581783,-44429.820031,-47023.817897,-68930.119276
1762668974.826462,-39189.185947,-44488.187879,-47048.233449,-68947.665393
1762668974.830462,-39147.224277,-44451.564550,-47040.604055,-68936.221302
1762668974.834462,-39084.661752,-44393.580407,-47020.003200,-68919.822574
1762668974.838462,-39086.569101,-44381.376356,-47015.808523,-68919.055164
1762668974.841514,-39140.738547,-44430.203736,-47036.025673,-68934.313953
1762668974.845514,-39160.575718,-44453.855604,-47041.364014,-68936.221302
1762668974.841514,-39114.799351,-44417.615980,-47028.012574,-68920.962512
1762668974.845514,-39052.236825,-44364.970177,-47007.415444,-68905.703723
1762668974.857331,-39049.185812,-44365.733862,-47003.217041,-68909.518421
1762668974.861331,-39091.147482,-44401.209801,-47013.137490,-68923.249841
1762668974.870665,-39123.192430,-44431.347400,-47020.383179,-68930.499256
1762668974.874665,-39089.620113,-44413.037598,-47009.702772,-68922.109902
1762668974.878665,-39032.019675,-44353.526086,-46988.721937,-68903.796375
1762668974.882665,-39033.163339,-44349.331409,-46984.907240,-68903.796375
1762668974.870665,-39087.332785,-44389.005750,-46994.827688,-68915.620446
1762668974.874665,-39133.489132,-44442.791492,-47019.623220,-68930.499256
1762668974.881523,-39088.476449,-44407.315552,-47006.651759,-68917.147815
1762668974.885523,-39024.010301,-44346.660376,-46979.948878,-68898.454309
1762668974.887999,-39032.399654,-44349.711388,-46974.990517,-68898.841739
1762668974.891999,-39100.304246,-44411.893934,-46995.971352,-68917.527795
1762668974.901720,-39142.265916,-44445.462525,-47009.702772,-68929.739296
1762668974.905720,-39097.633213,-44409.986585,-46998.642385,-68916.387856
1762668974.913298,-39038.121700,-44361.155480,-46980.328858,-68897.694349
1762668974.917298,-39065.971971,-44378.321618,-46989.865601,-68909.518421
1762668974.913298,-39118.994027,-44417.232275,-47011.993825,-68922.489882
1762668974.917298,-39156.377316,-44446.986169,-47029.159963,-68930.499256
1762668974.913298,-39126.623422,-44427.912682,-47024.197876,-68922.869861
1762668974.917298,-39072.073996,-44369.168580,-47007.031739,-68904.176354
1762668974.931858,-39082.754403,-44365.353882,-47004.364431,-68903.416395
1762668974.935858,-39123.952389,-44398.922473,-47017.332166,-68914.100528
1762668974.931858,-39164.006710,-44450.800866,-47033.734620,-68932.786584
1762668974.935858,-39120.137691,-44415.324926,-47023.054212,-68920.202553
1762668974.942346,-39048.805833,-44355.817139,-46998.258680,-68903.796375
1762668974.946346,-39043.083787,-44352.382421,-46992.536634,-68907.611072
1762668974.964524,-39104.118943,-44408.079237,-47011.610121,-68927.064538
1762668974.968524,-39136.543870,-44432.874769,-47021.910548,-68932.406604
1762668974.964524,-39093.434811,-44401.973486,-47008.939087,-68922.109902
1762668974.968524,-39042.700082,-44358.488172,-46994.827688,-68912.193179
1762668974.972908,-39046.134800,-44361.155480,-46999.022365,-68916.387856
1762668974.976908,-39100.304246,-44398.922473,-47010.466456,-68926.304579
1762668974.972908,-39135.780185,-44427.912682,-47024.961561,-68935.461342
1762668974.976908,-39099.156857,-44413.417578,-47021.146864,-68933.174014
1762668974.982037,-39038.885385,-44358.488172,-46996.351331,-68916.007876
1762668974.986037,-39048.805833,-44356.580824,-46993.680298,-68916.767836
1762668974.992894,-39093.434811,-44393.200427,-47007.415444,-68929.359317
1762668974.996894,-39143.409580,-44454.235584,-47029.539943,-68947.285414
1762668975.012902,-39101.064205,-44421.046972,-47017.715871,-68933.553994
1762668975.016901,-39042.700082,-44362.302870,-47000.166029,-68914.860487
1762668975.014578,-39054.527879,-44368.404895,-47002.073377,-68918.675184
1762668975.018578,-39118.614048,-44430.583715,-47019.623220,-68935.841322
1762668975.016584,-39152.946323,-44466.443360,-47035.261989,-68943.090737
1762668975.020584,-39114.415646,-44438.596815,-47025.345266,-68932.026625
1762668975.016584,-39065.971971,-44392.056763,-47006.271780,-68917.915225
1762668975.020584,-39082.374424,-44404.264539,-47011.610121,-68924.397230
1762668975.036673,-39136.160165,-44445.842505,-47028.776258,-68941.183388
1762668975.040673,-39164.770395,-44465.679675,-47034.882009,-68945.378065
1762668975.036673,-39130.058140,-44437.069446,-47028.396279,-68933.553994
1762668975.040673,-39064.444602,-44372.219592,-47005.888075,-68912.193179
1762668975.052737,-39067.879319,-44363.062829,-46997.494996,-68912.193179
1762668975.056737,-39108.313620,-44392.056763,-47011.993825,-68924.017251
1762668975.064421,-39151.802659,-44445.462525,-47035.641968,-68939.656019
1762668975.068421,-39099.920541,-44408.459216,-47023.437917,-68924.397230
1762668975.064421,-39041.556418,-44345.896691,-47002.073377,-68903.796375
1762668975.068421,-39051.093161,-44343.989342,-47002.457082,-68908.378482
1762668975.081719,-39104.878902,-44396.635145,-47021.530569,-68929.739296
1762668975.085719,-39146.080613,-44429.820031,-47034.498304,-68940.035999
1762668975.081719,-39095.725864,-44389.385730,-47018.859535,-68922.869861
1762668975.085719,-39046.898484,-44348.567724,-47006.271780,-68910.665810
1762668975.094944,-39071.310312,-44366.497546,-47013.517469,-68920.202553
1762668975.098944,-39131.581783,-44416.088611,-47029.919922,-68940.415978
1762668975.094944,-39160.192013,-44446.606189,-47039.076686,-68950.720131
1762668975.098944,-39126.623422,-44434.782118,-47033.354640,-68946.525455
1762668975.107306,-39072.453976,-44387.098402,-47017.332166,-68929.739296
1762668975.111306,-39086.569101,-44385.951012,-47014.661133,-68930.879235
1762668975.107306,-39131.201804,-44424.861670,-47030.683607,-68945.378065
1762668975.111306,-39187.658578,-44485.133141,-47055.099159,-68962.924182
1762668975.126310,-39136.543870,-44445.842505,-47038.313001,-68948.045373
1762668975.130310,-39072.453976,-44392.436743,-47017.715871,-68932.026625
1762668975.127569,-39084.281772,-44400.829822,-47016.952187,-68936.601281
1762668975.131569,-39143.025875,-44462.244958,-47036.025673,-68954.914808
1762668975.145407,-39174.690843,-44491.618872,-47049.757093,-68962.924182
1762668975.149407,-39129.294455,-44449.277222,-47039.076686,-68949.572742
1762668975.156577,-39076.268673,-44398.158789,-47020.766884,-68935.081363
1762668975.160577,-39102.211595,-44407.695532,-47026.488930,-68935.841322
1762668975.164577,-39146.080613,-44439.740479,-47037.933022,-68946.138024
1762668975.168577,-39173.927158,-44461.864978,-47047.469765,-68955.294788
1762668975.156577,-39133.872837,-44434.782118,-47037.549317,-68946.905434
1762668975.160577,-39068.639278,-44376.797974,-47017.715871,-68930.499256
1762668975.166720,-39073.217660,-44372.599572,-47014.661133,-68932.026625
1762668975.170720,-39119.377732,-44409.986585,-47022.290528,-68943.090737
1762668975.176935,-39161.339402,-44462.628663,-47041.747719,-68957.202137
1762668975.180935,-39116.322994,-44422.954321,-47030.683607,-68941.943347
1762668975.187191,-39058.342576,-44367.641211,-47009.322792,-68924.777210
1762668975.191190,-39073.981345,-44379.848987,-47009.322792,-68930.499256
1762668975.204119,-39131.581783,-44433.254749,-47026.105225,-68949.192762
1762668975.208119,-39164.006710,-44462.244958,-47037.169337,-68957.582116
1762668975.204119,-39123.192430,-44422.954321,-47026.105225,-68943.090737
1762668975.208119,-39067.879319,-44382.136315,-47008.559108,-68930.499256
1762668975.216022,-39088.096470,-44392.820448,-47016.568482,-68936.601281
1762668975.220021,-39145.316929,-44428.296387,-47031.447291,-68948.812783
1762668975.218080,-39178.121835,-44454.999268,-47042.511404,-68954.914808
1762668975.222080,-39144.173265,-44442.791492,-47041.747719,-68949.952722
1762668975.240330,-39084.661752,-44387.858361,-47027.252614,-68934.313953
1762668975.244330,-39101.064205,-44396.251440,-47026.488930,-68941.943347
1762668975.243759,-39152.946323,-44438.976794,-47042.891383,-68955.294788
1762668975.247759,-39202.917367,-44489.711523,-47061.964869,-68968.646228
1762668975.251759,-39155.233651,-44446.986169,-47048.993409,-68953.387439
1762668975.255759,-39092.674851,-44387.858361,-47029.539943,-68934.313953
1762668975.247322,-39107.933640,-44393.580407,-47033.354640,-68939.656019
1762668975.251322,-39168.205112,-44453.855604,-47057.770193,-68962.164223
1762668975.259937,-39194.907993,-44483.989477,-47072.265297,-68971.320987
1762668975.263937,-39143.025875,-44435.162097,-47056.242824,-68954.914808
1762668975.259937,-39094.582200,-44389.765710,-47041.364014,-68940.803409
1762668975.263937,-39112.508297,-44407.695532,-47049.757093,-68950.720131
1762668975.270819,-39152.562618,-44446.606189,-47058.150172,-68959.489465
1762668975.274819,-39181.936532,-44465.679675,-47065.399587,-68964.071572
1762668975.270819,-39142.265916,-44441.264123,-47053.955495,-68955.294788
1762668975.274819,-39077.416062,-44383.663684,-47032.974660,-68938.128650
1762668975.289987,-39081.990719,-44379.469007,-47031.447291,-68936.988711
1762668975.293987,-39127.767086,-44416.852295,-47038.313001,-68947.285414
1762668975.304757,-39174.307138,-44471.401721,-47054.335475,-68963.691592
1762668975.308757,-39124.336094,-44429.440051,-47043.655068,-68951.860070
1762668975.304757,-39063.680917,-44369.932264,-47019.239515,-68935.461342
1762668975.308757,-39076.268673,-44376.797974,-47020.766884,-68939.656019
1762668975.329641,-39130.058140,-44430.583715,-47039.456666,-68957.202137
1762668975.333641,-39168.585092,-44467.207044,-47057.006508,-68966.358900
1762668975.329641,-39122.808725,-44424.861670,-47044.035047,-68951.860070
1762668975.333641,-39076.652378,-44385.191053,-47022.290528,-68941.183388
1762668975.336529,-39099.920541,-44406.931847,-47029.159963,-68951.860070
1762668975.340529,-39155.233651,-44455.379248,-47048.613429,-68969.413638
1762668975.336529,-39186.134934,-44481.318444,-47063.108534,-68978.950381
1762668975.340529,-39154.853672,-44460.337609,-47061.201185,-68975.515664
1762668975.351285,-39093.434811,-44406.551868,-47039.840370,-68960.256875
1762668975.355285,-39104.878902,-44414.561242,-47045.942396,-68967.118859
1762668975.352074,-39155.997336,-44454.999268,-47061.201185,-68982.765079
1762668975.356074,-39197.195321,-44505.354017,-47082.945704,-68995.729089
1762668975.366468,-39133.489132,-44458.430260,-47071.121633,-68977.802992
1762668975.370468,-39078.939706,-44400.066137,-47047.086060,-68961.016834
1762668975.371608,-39101.447910,-44406.551868,-47046.326101,-68967.506289
1762668975.375607,-39160.192013,-44465.299696,-47066.543251,-68989.247084
1762668975.382661,-39189.565927,-44496.197253,-47079.894692,-68999.163806
1762668975.386661,-39132.729173,-44447.749853,-47061.964869,-68979.330361
1762668975.391002,-39084.281772,-44405.024499,-47045.562416,-68964.451551
1762668975.395002,-39098.776877,-44411.893934,-47045.942396,-68966.738880
1762668975.399002,-39146.460593,-44446.606189,-47058.150172,-68976.655602
1762668975.403002,-39180.412889,-44475.596398,-47069.594264,-68981.997669
1762668975.391002,-39147.604257,-44454.235584,-47064.635903,-68972.460926
1762668975.395002,-39087.712765,-44400.449842,-47044.798732,-68955.674767
1762668975.412956,-39105.262607,-44413.037598,-47048.613429,-68962.164223
1762668975.416956,-39161.719382,-44454.999268,-47063.108534,-68978.182971
1762668975.427201,-39206.352085,-44506.113976,-47078.367323,-68991.534412
1762668975.431201,-39152.562618,-44460.337609,-47061.584890,-68975.135684
1762668975.441617,-39098.013192,-44403.117150,-47040.220350,-68958.349526
1762668975.445617,-39118.230343,-44417.615980,-47043.655068,-68966.358900
1762668975.449617,-39181.936532,-44474.836439,-47066.543251,-68987.719715
1762668975.453617,-39217.032492,-44506.877661,-47084.089369,-68999.163806
1762668975.443081,-39157.141000,-44460.337609,-47065.779567,-68983.145058
1762668975.447081,-39109.457284,-44418.375939,-47052.428126,-68972.460926
1762668975.453563,-39133.872837,-44429.440051,-47060.437500,-68980.090320
1762668975.457563,-39183.080196,-44468.730688,-47075.316310,-68994.969130
1762668975.453563,-39201.773703,-44490.475208,-47082.182020,-69002.218544
1762668975.457563,-39166.297764,-44471.401721,-47074.552625,-68996.496499
1762668975.473167,-39114.035666,-44415.708631,-47060.821205,-68978.182971
1762668975.477167,-39122.808725,-44418.759644,-47061.964869,-68979.330361
1762668975.486974,-39173.927158,-44462.244958,-47073.028982,-68993.441761
1762668975.490974,-39215.125144,-44514.127076,-47091.338784,-69010.987878
1762668975.494974,-39155.997336,-44465.679675,-47074.552625,-68990.007043
1762668975.498974,-39088.860154,-44406.171888,-47048.233449,-68970.933557
1762668975.486974,-39106.786251,-44413.417578,-47050.520778,-68979.710340
1762668975.490974,-39174.690843,-44471.021742,-47074.936330,-68996.496499
1762668975.501302,-39202.537388,-44493.909925,-47083.709389,-68998.783827
1762668975.505302,-39143.789560,-44443.935156,-47065.399587,-68978.182971
1762668975.502035,-39099.920541,-44400.829822,-47050.900757,-68964.071572
1762668975.506035,-39119.757712,-44413.801283,-47060.821205,-68968.646228
1762668975.516612,-39179.649204,-44462.628663,-47074.552625,-68982.377648
1762668975.520612,-39202.537388,-44486.660510,-47083.709389,-68986.959755
1762668975.530803,-39167.821407,-44460.721314,-47076.459974,-68981.617689
1762668975.534803,-39112.128317,-44407.695532,-47056.622803,-68965.978920
1762668975.538803,-39128.150791,-44414.181262,-47053.955495,-68965.978920
1762668975.542803,-39178.885520,-44453.091919,-47071.881592,-68976.655602
1762668975.546636,-39215.888828,-44502.299279,-47094.769776,-68991.154432
1762668975.550636,-39160.955697,-44453.091919,-47077.987343,-68976.655602
1762668975.546636,-39105.642587,-44400.449842,-47055.099159,-68960.636854
1762668975.550636,-39127.387106,-44416.088611,-47060.821205,-68969.413638
1762668975.566288,-39187.658578,-44471.401721,-47083.325684,-68987.339735
1762668975.570288,-39212.837815,-44499.248266,-47091.718763,-68995.349109
1762668975.576968,-39153.710008,-44446.986169,-47070.357949,-68977.423012
1762668975.580968,-39105.642587,-44407.315552,-47058.530152,-68966.738880
1762668975.584968,-39109.077305,-44413.417578,-47056.242824,-68970.173597
1762668975.588968,-39162.099361,-44454.235584,-47066.923231,-68984.672427
1762668975.576968,-39186.514914,-44477.887452,-47077.223659,-68993.441761
1762668975.580968,-39143.409580,-44457.670301,-47067.686915,-68985.812366
1762668975.586832,-39088.476449,-44402.357191,-47048.233449,-68970.173597
1762668975.590832,-39102.971554,-44412.273914,-47048.233449,-68975.515664
1762668975.586832,-39144.553244,-44459.193945,-47063.108534,-68988.867104
1762668975.590832,-39193.764329,-44506.497681,-47083.325684,-69004.885852
1762668975.611093,-39141.118526,-44458.050281,-47066.159546,-68985.432386
1762668975.615093,-39085.805416,-44405.408204,-47043.655068,-68969.413638
1762668975.611093,-39106.026292,-44421.810657,-47054.715455,-68978.562951
1762668975.615093,-39167.441428,-44483.609498,-47076.459974,-68998.783827
1762668975.615578,-39197.959006,-44510.692358,-47085.616738,-69007.173181
1762668975.619578,-39140.358567,-44464.152306,-47069.974244,-68990.394473
1762668975.615578,-39096.105844,-44426.769018,-47053.571790,-68977.802992
1762668975.619578,-39120.901376,-44439.356774,-47058.530152,-68980.857730
1762668975.634405,-39176.214486,-44479.411095,-47071.501613,-68991.534412
1762668975.638405,-39205.208421,-44496.577233,-47080.658376,-68990.394473
1762668975.634405,-39165.914059,-44474.072754,-47075.696290,-68982.377648
1762668975.638405,-39116.706699,-44417.615980,-47055.479139,-68965.978920
1762668975.651821,-39138.831198,-44422.190636,-47054.715455,-68969.026208
1762668975.655821,-39185.751230,-44461.864978,-47069.594264,-68980.090320
1762668975.666850,-39218.559861,-44505.354017,-47090.195119,-68992.301822
1762668975.670850,-39161.339402,-44451.184571,-47069.594264,-68974.368274
1762668975.667644,-39099.156857,-44394.344091,-47045.178711,-68957.969546
1762668975.671644,-39115.179330,-44406.171888,-47045.562416,-68964.831531
1762668975.675463,-39157.904685,-44448.513538,-47062.344849,-68981.617689
1762668975.679463,-39174.307138,-44473.309070,-47074.172646,-68990.394473
1762668975.675463,-39125.099778,-44423.338026,-47059.293836,-68970.553577
1762668975.679463,-39080.467075,-44384.043664,-47042.891383,-68958.729506
1762668975.706559,-39094.962180,-44396.251440,-47045.562416,-68965.211511
1762668975.710559,-39152.182639,-44437.069446,-47063.108534,-68977.802992
1762668975.706559,-39174.307138,-44459.193945,-47072.265297,-68981.997669
1762668975.710559,-39122.045040,-44432.874769,-47062.344849,-68974.748254
1762668975.711898,-39077.032357,-44381.376356,-47040.604055,-68957.969546
1762668975.715898,-39102.591574,-44394.727796,-47041.747719,-68965.211511
1762668975.712474,-39157.141000,-44445.078820,-47060.057521,-68981.997669
1762668975.716474,-39194.907993,-44496.960938,-47082.182020,-68999.931216
1762668975.726117,-39136.543870,-44445.462525,-47064.635903,-68980.857730
1762668975.730117,-39081.990719,-44391.673058,-47044.035047,-68964.071572
1762668975.727077,-39110.984653,-44410.746545,-47049.757093,-68971.320987
1762668975.731077,-39173.543453,-44465.679675,-47074.552625,-68987.339735
1762668975.736621,-39199.866354,-44487.040490,-47087.140381,-68989.627063
1762668975.740621,-39146.080613,-44441.647828,-47069.974244,-68973.228335
1762668975.736621,-39109.077305,-44414.181262,-47058.150172,-68967.118859
1762668975.740621,-39135.396481,-44431.347400,-47059.677541,-68973.228335
1762668975.760718,-39186.514914,-44474.452734,-47072.265297,-68988.099694
1762668975.764718,-39206.732064,-44498.104602,-47078.367323,-68992.681801
1762668975.768481,-39149.895310,-44464.152306,-47059.293836,-68982.377648
1762668975.772481,-39094.198495,-44399.302453,-47036.405653,-68962.164223
1762668975.776482,-39106.786251,-44403.880835,-47035.261989,-68963.304162
1762668975.780482,-39155.617356,-44438.976794,-47050.140798,-68975.515664
1762668975.777602,-39176.598191,-44471.401721,-47063.492239,-68985.432386
1762668975.781602,-39112.128317,-44409.602880,-47041.747719,-68960.256875
1762668975.788043,-39056.815207,-44356.197119,-47021.530569,-68941.943347
1762668975.792043,-39079.323411,-44377.177954,-47027.252614,-68950.720131
1762668975.798099,-39143.025875,-44428.676367,-47047.849745,-68968.646228
1762668975.802099,-39165.154099,-44455.379248,-47060.437500,-68976.655602
1762668975.798099,-39107.169956,-44405.788183,-47038.696706,-68961.784244
1762668975.802099,-39070.546627,-44374.890625,-47026.488930,-68953.767419
1762668975.808146,-39087.332785,-44385.951012,-47034.118325,-68955.294788
1762668975.812146,-39147.604257,-44431.727380,-47054.335475,-68969.026208
1762668975.808146,-39173.163474,-44455.379248,-47065.779567,-68976.275623
1762668975.812146,-39126.623422,-44426.769018,-47057.770193,-68965.978920
1762668975.828289,-39077.796042,-44373.746961,-47038.696706,-68948.045373
1762668975.832289,-39104.118943,-44384.807348,-47042.891383,-68951.860070
1762668975.828289,-39166.677743,-44432.491064,-47062.728554,-68965.978920
1762668975.832289,-39207.495749,-44487.040490,-47082.565725,-68982.765079
1762668975.838334,-39151.418954,-44433.254749,-47063.872218,-68964.451551
1762668975.842334,-39088.096470,-44374.506921,-47039.076686,-68945.758045
1762668975.858730,-39112.508297,-44395.871460,-47035.641968,-68952.627480
1762668975.862730,-39166.677743,-44453.855604,-47049.377114,-68971.320987
1762668975.866730,-39175.834507,-44472.545385,-47053.191811,-68973.988295
1762668975.870730,-39116.706699,-44418.759644,-47032.974660,-68952.627480
1762668975.869188,-39073.981345,-44382.520020,-47016.568482,-68941.183388
1762668975.873188,-39090.767503,-44390.913099,-47018.859535,-68945.378065
1762668975.869188,-39138.831198,-44427.912682,-47035.641968,-68957.582116
1762668975.873188,-39147.987962,-44445.078820,-47043.655068,-68962.544203
1762668975.899369,-39101.064205,-44413.037598,-47028.776258,-68952.247500
1762668975.903369,-39044.991136,-44358.868152,-47009.322792,-68935.081363
1762668975.899369,-39064.064622,-44367.261231,-47012.753785,-68939.276040
1762668975.903369,-39117.470384,-44410.366565,-47029.159963,-68957.202137
1762668975.907369,-39156.761020,-44456.142932,-47049.377114,-68972.080946
1762668975.911369,-39091.527462,-44400.066137,-47032.210976,-68954.154849
1762668975.899369,-39037.741721,-44350.475073,-47012.753785,-68939.276040
1762668975.903369,-39065.971971,-44372.983277,-47022.674233,-68945.758045
1762668975.919692,-39130.438119,-44427.152723,-47041.747719,-68964.831531
1762668975.923692,-39149.511606,-44448.893517,-47053.955495,-68973.988295
1762668975.919692,-39090.383798,-44401.209801,-47035.641968,-68958.349526
1762668975.923692,-39049.565792,-44371.075928,-47022.674233,-68951.860070
1762668975.929836,-39071.310312,-44390.529394,-47033.734620,-68961.784244
1762668975.933836,-39131.201804,-44442.027807,-47050.900757,-68977.043033
1762668975.937836,-39155.617356,-44463.392347,-47061.201185,-68984.672427
1762668975.941836,-39113.271981,-44440.504164,-47050.520778,-68976.655602
1762668975.950087,-39064.444602,-44390.529394,-47028.396279,-68958.349526
1762668975.954087,-39086.189121,-44404.644519,-47033.354640,-68963.304162
1762668975.950087,-39135.396481,-44455.762953,-47050.140798,-68979.330361
1762668975.954087,-39169.348776,-44494.669884,-47066.159546,-68990.007043
1762668975.966832,-39110.600948,-44432.874769,-47045.942396,-68970.173597
1762668975.970832,-39059.486240,-44373.363256,-47025.725245,-68951.480091
1762668975.968086,-39072.073996,-44386.714697,-47025.345266,-68953.387439
1762668975.972086,-39122.808725,-44434.782118,-47039.456666,-68967.118859
1762668975.990621,-39145.696908,-44447.749853,-47048.993409,-68969.026208
1762668975.994621,-39080.467075,-44387.098402,-47027.252614,-68948.045373
1762668975.990621,-39039.269090,-44350.475073,-47011.993825,-68936.601281
1762668975.994621,-39065.208286,-44366.497546,-47018.859535,-68940.035999
1762668975.990621,-39114.035666,-44408.839196,-47038.313001,-68955.294788
1762668975.994621,-39129.674435,-44423.338026,-47045.178711,-68959.876895
1762668976.011106,-39083.138108,-44392.820448,-47029.919922,-68948.432803
1762668976.015106,-39037.741721,-44339.414686,-47012.373805,-68932.026625
1762668976.011106,-39054.144174,-44352.766126,-47018.475831,-68938.508630
1762668976.015106,-39109.457284,-44402.357191,-47036.789358,-68955.674767
1762668976.021194,-39140.358567,-44439.356774,-47046.326101,-68967.506289
1762668976.025194,-39067.495614,-44385.191053,-47028.012574,-68948.432803
1762668976.027317,-39017.524570,-44341.322035,-47007.415444,-68933.174014
1762668976.031317,-39055.287838,-44368.404895,-47013.901174,-68943.470716
1762668976.041380,-39111.748338,-44428.676367,-47033.354640,-68965.211511
1762668976.045380,-39136.923850,-44453.471899,-47042.511404,-68972.080946
1762668976.051491,-39083.898067,-44397.778809,-47024.961561,-68954.154849
1762668976.055491,-39051.473141,-44377.941638,-47020.003200,-68953.007460
1762668976.059491,-39074.745029,-44398.158789,-47023.817897,-68963.691592
1762668976.063491,-39125.099778,-44442.791492,-47036.789358,-68977.423012
1762668976.051491,-39141.502231,-44463.392347,-47047.086060,-68981.997669
1762668976.055491,-39101.447910,-44436.305761,-47032.590955,-68971.320987
1762668976.071739,-39054.527879,-44380.228966,-47013.517469,-68954.914808
1762668976.075739,-39070.546627,-44390.913099,-47019.623220,-68960.256875
1762668976.071739,-39118.614048,-44433.634728,-47031.067312,-68973.988295
1762668976.075739,-39157.141000,-44466.443360,-47046.326101,-68979.710340
1762668976.081831,-39090.383798,-44407.315552,-47030.683607,-68956.442177
1762668976.085830,-39038.121700,-44352.382421,-47013.901174,-68939.276040
1762668976.081831,-39074.745029,-44377.941638,-47020.766884,-68947.665393
1762668976.085830,-39131.965488,-44428.676367,-47041.747719,-68965.598941
1762668976.092032,-39144.173265,-44439.740479,-47047.086060,-68965.978920
1762668976.096032,-39074.745029,-44374.890625,-47023.437917,-68940.803409
1762668976.102117,-39032.783359,-44342.845678,-47010.846436,-68933.174014
1762668976.106117,-39050.329477,-44350.475073,-47013.137490,-68936.601281
1762668976.116091,-39105.262607,-44397.015125,-47026.488930,-68948.432803
1762668976.120091,-39117.470384,-44417.995960,-47032.210976,-68951.860070
1762668976.132635,-39066.351950,-44388.622046,-47020.383179,-68944.618106
1762668976.136635,-39015.617222,-44345.516711,-47002.837062,-68935.461342
1762668976.146961,-39044.227451,-44362.302870,-47008.179128,-68941.183388
1762668976.150961,-39101.064205,-44409.222901,-47023.437917,-68952.247500
1762668976.154962,-39126.243442,-44442.027807,-47038.313001,-68961.016834
1762668976.158962,-39063.680917,-44391.293079,-47022.290528,-68942.323327
1762668976.146961,-39018.668234,-44343.989342,-46997.115016,-68927.831948
1762668976.150961,-39046.134800,-44377.177954,-47006.271780,-68940.415978
1762668976.152928,-39110.984653,-44437.833130,-47033.354640,-68960.636854
1762668976.156928,-39135.016501,-44461.864978,-47044.418752,-68966.738880
1762668976.152928,-39076.268673,-44404.644519,-47024.581581,-68948.045373
1762668976.156928,-39040.029049,-44376.034290,-47014.281154,-68940.035999
1762668976.176391,-39062.157273,-44390.913099,-47019.623220,-68943.850696
1762668976.180391,-39116.706699,-44432.111084,-47035.261989,-68957.582116
1762668976.176391,-39141.882211,-44446.986169,-47043.271363,-68959.876895
1762668976.180391,-39090.383798,-44413.417578,-47030.303627,-68949.572742
1762668976.184068,-39040.412754,-44355.053455,-47011.610121,-68933.933973
1762668976.188068,-39062.917233,-44363.826513,-47015.808523,-68937.368691
1762668976.184068,-39110.984653,-44410.746545,-47029.159963,-68949.572742
1762668976.188068,-39135.780185,-44440.504164,-47039.456666,-68957.202137
1762668976.206767,-39064.444602,-44379.848987,-47015.808523,-68933.933973
1762668976.210767,-39008.751512,-44326.823205,-46995.207667,-68917.527795
1762668976.206767,-39043.083787,-44352.766126,-47003.217041,-68931.646645
1762668976.210767,-39104.878902,-44402.737170,-47022.674233,-68949.572742
1762668976.226023,-39113.655686,-44412.273914,-47031.067312,-68950.720131
1762668976.230023,-39042.700082,-44350.475073,-47005.508095,-68930.119276
1762668976.236646,-39011.802524,-44328.350574,-46995.207667,-68926.684558
1762668976.240646,-39036.978036,-44345.896691,-47001.693398,-68930.879235
1762668976.244646,-39093.434811,-44395.871460,-47017.715871,-68946.138024
1762668976.248646,-39110.220969,-44419.523329,-47025.345266,-68951.860070
1762668976.247186,-39070.166647,-44392.436743,-47014.281154,-68944.230676
1762668976.251186,-39025.153965,-44350.475073,-47003.217041,-68933.553994
1762668976.247186,-39056.051522,-44375.270605,-47009.702772,-68943.090737
1762668976.251186,-39120.137691,-44431.727380,-47031.447291,-68964.071572
1762668976.277775,-39149.511606,-44465.299696,-47047.849745,-68970.933557
1762668976.281775,-39088.096470,-44419.523329,-47031.827271,-68953.387439
1762668976.281828,-39042.700082,-44376.034290,-47013.901174,-68939.656019
1762668976.285828,-39088.096470,-44411.893934,-47026.868910,-68955.294788
1762668976.289828,-39153.326303,-44467.207044,-47047.469765,-68974.748254
1762668976.293828,-39175.834507,-44484.373182,-47056.242824,-68978.182971
1762668976.281828,-39114.799351,-44426.005334,-47035.261989,-68957.582116
1762668976.285828,-39077.796042,-44399.302453,-47023.437917,-68950.340152
1762668976.297042,-39095.725864,-44413.417578,-47026.868910,-68954.534829
1762668976.301042,-39154.089987,-44449.657202,-47039.456666,-68963.304162
1762668976.297042,-39154.089987,-44454.235584,-47042.891383,-68964.071572
1762668976.301042,-39088.476449,-44410.746545,-47021.910548,-68948.432803
1762668976.317482,-39036.214352,-44348.567724,-46999.022365,-68925.924599
1762668976.321482,-39053.380489,-44352.766126,-46998.642385,-68927.064538
1762668976.323520,-39105.262607,-44396.251440,-47014.281154,-68940.035999
1762668976.327520,-39131.581783,-44419.903308,-47029.159963,-68944.618106
1762668976.331520,-39067.115635,-44360.011816,-47007.031739,-68921.342492
1762668976.335520,-39012.566209,-44311.564416,-46994.064003,-68905.323744
1762668976.327679,-39039.649069,-44341.322035,-47000.549734,-68917.527795
1762668976.331679,-39103.735238,-44394.727796,-47016.952187,-68937.748671
1762668976.341149,-39117.850363,-44408.459216,-47018.095851,-68941.183388
1762668976.345149,-39049.565792,-44349.711388,-46994.443983,-68922.489882
1762668976.341149,-39024.390280,-44334.072620,-46987.958252,-68923.249841
1762668976.345149,-39048.805833,-44347.044080,-47000.166029,-68930.499256
1762668976.356451,-39103.735238,-44397.778809,-47016.568482,-68948.812783
1762668976.360451,-39115.563035,-44419.523329,-47020.766884,-68952.247500
1762668976.370958,-39060.629904,-44384.807348,-47007.415444,-68940.803409
1762668976.374958,-39028.968662,-44342.845678,-46993.680298,-68930.879235
1762668976.379015,-39059.866220,-44366.877526,-47002.073377,-68942.323327
1762668976.383015,-39120.137691,-44424.481690,-47021.530569,-68962.544203
1762668976.387015,-39149.511606,-44458.050281,-47035.261989,-68975.135684
1762668976.391015,-39090.383798,-44405.408204,-47017.715871,-68957.969546
1762668976.379015,-39041.936398,-44357.340783,-46996.351331,-68940.415978
1762668976.383015,-39069.022983,-44385.571033,-47000.929713,-68951.480091
1762668976.407112,-39135.780185,-44446.986169,-47031.827271,-68977.043033
1762668976.411112,-39162.099361,-44466.823339,-47045.178711,-68983.525038
1762668976.413033,-39090.383798,-44400.449842,-47026.105225,-68961.396813
1762668976.417033,-39053.380489,-44376.797974,-47015.044838,-68955.674767
1762668976.421034,-39092.674851,-44392.056763,-47024.581581,-68964.451551
1762668976.425034,-39151.038975,-44435.162097,-47044.798732,-68978.950381
1762668976.413033,-39154.853672,-44442.791492,-47053.571790,-68975.135684
1762668976.417033,-39098.396897,-44401.973486,-47042.511404,-68961.396813
1762668976.431406,-39051.856846,-44349.711388,-47024.961561,-68945.758045
1762668976.435406,-39070.166647,-44360.395521,-47028.012574,-68947.285414
1762668976.431406,-39131.965488,-44416.088611,-47047.469765,-68964.071572
1762668976.435406,-39164.390415,-44449.277222,-47066.159546,-68978.562951
1762668976.438890,-39100.684226,-44393.200427,-47049.377114,-68959.876895
1762668976.442889,-39061.009884,-44348.567724,-47040.984035,-68946.138024
1762668976.438890,-39106.026292,-44389.385730,-47055.479139,-68963.304162
1762668976.442889,-39154.469967,-44438.596815,-47071.501613,-68976.655602
1762668976.460267,-39164.006710,-44456.142932,-47079.894692,-68981.237710
1762668976.464267,-39094.198495,-44400.829822,-47058.530152,-68965.211511
1762668976.460267,-39071.694016,-44384.807348,-47052.428126,-68961.784244
1762668976.464267,-39111.748338,-44408.459216,-47062.344849,-68968.646228
1762668976.476827,-39162.863046,-44451.948255,-47071.121633,-68980.090320
1762668976.480827,-39167.061448,-44465.679675,-47077.987343,-68985.052407
1762668976.489789,-39113.655686,-44429.060072,-47064.252198,-68972.840905
1762668976.493789,-39068.259299,-44383.283705,-47044.798732,-68959.109485
1762668976.489789,-39096.105844,-44399.302453,-47051.284462,-68964.451551
1762668976.493789,-39156.761020,-44448.513538,-47072.265297,-68977.043033
1762668976.509460,-39162.099361,-44464.536011,-47080.274671,-68978.950381
1762668976.513460,-39099.156857,-44402.357191,-47055.862844,-68955.674767
1762668976.520867,-39053.380489,-44351.618737,-47036.789358,-68942.323327
1762668976.524867,-39088.476449,-44385.571033,-47047.849745,-68956.822157
1762668976.528867,-39141.882211,-44434.782118,-47064.635903,-68973.608315
1762668976.532867,-39151.802659,-44448.133558,-47068.830580,-68978.562951
1762668976.520867,-39084.281772,-44387.478381,-47046.326101,-68957.202137
1762668976.524867,-39049.949497,-44366.117567,-47035.261989,-68954.914808
1762668976.535631,-39076.652378,-44383.283705,-47042.511404,-68962.544203
1762668976.539631,-39133.489132,-44434.018433,-47060.057521,-68974.368274
1762668976.535631,-39146.080613,-44448.133558,-47065.779567,-68977.423012
1762668976.539631,-39093.434811,-44406.551868,-47055.099159,-68966.358900
1762668976.551347,-39046.898484,-44360.395521,-47043.271363,-68955.674767
1762668976.555347,-39076.268673,-44377.561659,-47044.798732,-68958.349526
1762668976.555465,-39132.729173,-44432.111084,-47062.344849,-68972.080946
1762668976.559465,-39150.275290,-44460.337609,-47073.408961,-68982.765079
1762668976.565395,-39085.805416,-44405.024499,-47051.284462,-68962.544203
1762668976.569395,-39045.371115,-44361.919165,-47033.354640,-68951.480091
1762668976.565395,-39089.240134,-44399.686158,-47047.469765,-68967.886269
1762668976.569395,-39149.895310,-44452.328235,-47067.306936,-68984.284997
1762668976.580207,-39154.853672,-44463.392347,-47073.408961,-68983.525038
1762668976.584207,-39092.291147,-44408.079237,-47053.955495,-68965.598941
1762668976.581954,-39072.453976,-44400.449842,-47052.048147,-68967.118859
1762668976.585954,-39099.920541,-44418.759644,-47059.677541,-68971.320987
1762668976.596343,-39146.080613,-44462.628663,-47072.645277,-68980.857730
1762668976.600343,-39149.895310,-44467.967004,-47075.316310,-68979.330361
1762668976.611379,-39092.674851,-44423.338026,-47059.677541,-68966.358900
1762668976.615379,-39059.102535,-44375.654310,-47040.984035,-68954.534829
1762668976.612383,-39087.712765,-44387.098402,-47047.469765,-68960.636854
1762668976.616383,-39132.345468,-44433.254749,-47065.399587,-68974.748254
1762668976.622435,-39139.594883,-44448.133558,-47070.737928,-68977.802992
1762668976.626435,-39073.981345,-44392.436743,-47050.520778,-68962.164223
1762668976.627612,-39033.163339,-44345.516711,-47034.882009,-68948.432803
1762668976.631612,-39070.930332,-44379.469007,-47047.469765,-68957.969546
1762668976.644857,-39136.160165,-44432.874769,-47066.543251,-68972.840905
1762668976.648857,-39145.316929,-44443.935156,-47070.357949,-68973.608315
1762668976.656654,-39071.310312,-44382.136315,-47045.942396,-68952.247500
1762668976.660654,-39044.991136,-44368.024915,-47035.641968,-68949.952722
1762668976.664654,-39074.361324,-44387.858361,-47039.456666,-68957.582116
1762668976.668654,-39128.530771,-44436.305761,-47057.006508,-68973.608315
1762668976.656654,-39137.687534,-44448.133558,-47062.728554,-68975.515664
1762668976.660654,-39081.990719,-44405.024499,-47045.562416,-68959.489465
1762668976.671673,-39044.227451,-44361.919165,-47034.882009,-68950.340152
1762668976.675673,-39074.745029,-44381.756335,-47040.984035,-68957.969546
1762668976.671673,-39144.173265,-44440.504164,-47059.677541,-68975.515664
1762668976.675673,-39167.061448,-44470.258057,-47070.737928,-68983.145058
1762668976.691630,-39095.725864,-44409.222901,-47047.469765,-68960.256875
1762668976.695630,-39048.042148,-44362.682849,-47031.447291,-68944.998085
1762668976.696247,-39095.725864,-44403.500855,-47050.140798,-68959.876895
1762668976.700247,-39149.131626,-44451.564550,-47074.172646,-68973.228335
1762668976.704247,-39158.284664,-44455.379248,-47078.751028,-68972.460926
1762668976.708247,-39090.383798,-44390.913099,-47057.006508,-68948.045373
1762668976.714446,-39065.208286,-44372.599572,-47044.798732,-68946.905434
1762668976.718446,-39085.425436,-44380.612671,-47049.757093,-68956.442177
1762668976.714446,-39130.058140,-44419.139624,-47068.066895,-68968.266249
1762668976.718446,-39134.636521,-44434.782118,-47072.265297,-68972.080946
1762668976.729340,-39070.546627,-44384.427369,-47055.862844,-68957.582116
1762668976.733340,-39028.584957,-44341.702014,-47040.220350,-68942.323327
1762668976.734594,-39054.907858,-44358.488172,-47045.942396,-68947.665393
1762668976.738594,-39120.137691,-44413.037598,-47065.015882,-68964.451551
1762668976.746587,-39130.438119,-44429.060072,-47072.645277,-68965.598941
1762668976.750587,-39055.671543,-44370.312244,-47049.377114,-68944.618106
1762668976.746587,-39019.048214,-44328.730553,-47027.632594,-68936.601281
1762668976.750587,-39063.680917,-44370.692223,-47040.220350,-68951.480091
1762668976.761747,-39119.757712,-44422.954321,-47058.530152,-68964.831531
1762668976.765747,-39127.387106,-44430.203736,-47061.584890,-68969.793618
1762668976.761747,-39069.786668,-44371.455908,-47042.127699,-68951.860070
1762668976.765747,-39049.949497,-44361.155480,-47040.220350,-68951.100111
1762668976.783701,-39079.323411,-44383.663684,-47047.849745,-68958.729506
1762668976.787701,-39139.594883,-44438.596815,-47064.635903,-68975.135684
1762668976.783701,-39151.038975,-44455.762953,-47072.265297,-68978.562951
1762668976.787701,-39089.240134,-44415.708631,-47057.386488,-68962.164223
1762668976.783701,-39065.971971,-44380.992651,-47044.798732,-68953.387439
1762668976.787701,-39095.725864,-44396.635145,-47054.715455,-68959.489465
1762668976.783701,-39157.904685,-44450.420886,-47069.974244,-68975.515664
1762668976.787701,-39168.585092,-44464.915991,-47075.316310,-68979.330361
1762668976.803101,-39099.540561,-44396.635145,-47055.479139,-68957.969546
1762668976.807101,-39058.722556,-44352.766126,-47037.933022,-68944.618106
1762668976.803101,-39107.933640,-44394.344091,-47051.284462,-68959.489465
1762668976.807101,-39152.946323,-44439.740479,-47070.357949,-68976.275623
1762668976.829086,-39147.604257,-44446.226209,-47075.316310,-68978.562951
1762668976.833086,-39072.453976,-44380.612671,-47055.099159,-68955.674767
1762668976.836342,-39046.514779,-44364.210218,-47045.178711,-68950.340152
1762668976.840342,-39073.217660,-44379.469007,-47050.140798,-68956.062198
1762668976.836342,-39130.438119,-44420.283288,-47067.686915,-68970.173597
1762668976.840342,-39133.489132,-44431.347400,-47072.645277,-68972.840905
1762668976.851215,-39064.064622,-44382.900000,-47051.664442,-68955.674767
1762668976.855215,-39035.070688,-44347.424060,-47038.696706,-68945.378065
1762668976.852582,-39068.639278,-44368.404895,-47045.562416,-68955.294788
1762668976.856582,-39123.572409,-44424.861670,-47065.015882,-68977.043033
1762668976.857906,-39134.636521,-44442.027807,-47070.357949,-68980.857730
1762668976.861906,-39064.444602,-44381.376356,-47049.377114,-68959.876895
1762668976.857906,-39025.153965,-44339.414686,-47028.776258,-68944.998085
1762668976.861906,-39072.453976,-44379.085302,-47040.604055,-68958.729506
1762668976.881751,-39124.336094,-44427.912682,-47061.964869,-68972.840905
1762668976.885751,-39131.201804,-44440.120459,-47066.543251,-68970.933557
1762668976.881751,-39070.546627,-44385.951012,-47044.798732,-68949.952722
1762668976.885751,-39056.815207,-44376.414269,-47038.696706,-68947.285414
1762668976.896983,-39093.818516,-44397.778809,-47046.706080,-68956.062198
1762668976.900983,-39143.025875,-44436.689466,-47060.057521,-68967.506289
1762668976.896983,-39158.284664,-44449.657202,-47062.344849,-68968.646228
1762668976.900983,-39100.684226,-44409.602880,-47050.520778,-68954.914808
1762668976.911787,-39059.102535,-44366.497546,-47039.456666,-68946.138024
1762668976.915787,-39089.240134,-44381.756335,-47044.798732,-68956.062198
1762668976.914840,-39150.275290,-44438.213110,-47062.728554,-68973.228335
1762668976.918840,-39155.233651,-44450.420886,-47072.265297,-68974.748254
1762668976.927809,-39084.281772,-44387.478381,-47051.284462,-68952.627480
1762668976.931809,-39045.751095,-44346.280396,-47032.590955,-68940.415978
1762668976.927809,-39090.003818,-44387.098402,-47045.562416,-68957.582116
1762668976.931809,-39141.118526,-44439.356774,-47067.686915,-68975.135684
1762668976.933545,-39142.265916,-44447.369874,-47070.737928,-68974.368274
1762668976.937545,-39070.930332,-44381.756335,-47049.377114,-68951.100111
1762668976.954838,-39048.042148,-44368.024915,-47045.942396,-68950.340152
1762668976.958838,-39085.425436,-44388.622046,-47053.191811,-68960.256875
1762668976.958185,-39130.821824,-44434.018433,-47067.686915,-68972.080946
1762668976.962185,-39139.211178,-44446.606189,-47073.408961,-68973.228335
1762668976.974757,-39077.032357,-44398.542494,-47057.006508,-68956.822157
1762668976.978757,-39048.422128,-44363.826513,-47043.655068,-68944.618106
1762668976.985722,-39072.073996,-44377.177954,-47050.900757,-68948.432803
1762668976.989722,-39142.265916,-44437.833130,-47073.788941,-68966.358900
1762668976.993722,-39158.284664,-44454.615563,-47079.894692,-68969.026208
1762668976.997722,-39087.332785,-44389.005750,-47060.437500,-68949.952722
1762668976.985722,-39053.764194,-44347.424060,-47044.798732,-68936.601281
1762668976.989722,-39099.920541,-44392.056763,-47055.099159,-68951.100111
1762668977.002422,-39149.895310,-44432.874769,-47071.121633,-68961.396813
1762668977.006422,-39152.182639,-44433.254749,-47076.079994,-68958.729506
1762668977.017922,-39080.467075,-44371.839613,-47049.757093,-68940.035999
1762668977.021922,-39059.102535,-44360.395521,-47039.456666,-68938.896060
1762668977.025922,-39080.467075,-44376.034290,-47046.706080,-68944.618106
1762668977.029922,-39134.636521,-44417.232275,-47066.159546,-68956.442177
1762668977.031377,-39146.840572,-44430.967420,-47072.645277,-68963.691592
1762668977.035377,-39074.745029,-44389.005750,-47050.900757,-68953.007460
1762668977.046870,-39040.029049,-44352.766126,-47036.405653,-68944.618106
1762668977.050870,-39066.351950,-44370.692223,-47043.655068,-68951.480091
1762668977.046870,-39123.952389,-44424.481690,-47064.635903,-68965.211511
1762668977.050870,-39124.336094,-44439.356774,-47071.121633,-68970.173597
1762668977.046870,-39060.249925,-44378.705323,-47050.900757,-68953.767419
1762668977.050870,-39031.639695,-44345.896691,-47034.882009,-68944.998085
1762668977.054870,-39074.745029,-44388.242066,-47053.191811,-68959.489465
1762668977.058870,-39131.201804,-44441.264123,-47073.788941,-68978.562951
1762668977.072442,-39138.831198,-44453.855604,-47083.325684,-68980.857730
1762668977.076442,-39064.064622,-44384.427369,-47053.955495,-68958.729506
1762668977.072442,-39051.473141,-44385.571033,-47049.757093,-68963.691592
1762668977.076442,-39080.467075,-44406.171888,-47060.437500,-68972.840905
1762668977.072442,-39135.396481,-44446.986169,-47075.696290,-68980.090320
1762668977.076442,-39134.636521,-44458.050281,-47076.843679,-68979.330361
1762668977.091331,-39069.786668,-44408.079237,-47059.293836,-68963.691592
1762668977.095331,-39046.898484,-44379.469007,-47051.664442,-68956.822157
1762668977.092875,-39078.559726,-44401.973486,-47055.479139,-68967.886269
1762668977.096875,-39136.923850,-44458.050281,-47074.936330,-68984.284997
1762668977.109854,-39141.502231,-44465.299696,-47081.802040,-68982.377648
1762668977.113854,-39063.680917,-44395.487756,-47056.622803,-68957.582116
1762668977.117854,-39029.732347,-44350.475073,-47039.840370,-68943.850696
1762668977.121854,-39074.745029,-44390.529394,-47049.757093,-68959.489465
1762668977.121467,-39123.192430,-44427.152723,-47060.437500,-68968.266249
1762668977.125467,-39118.230343,-44426.005334,-47057.770193,-68962.164223
1762668977.122801,-39032.019675,-44357.340783,-47034.882009,-68941.183388
1762668977.126801,-39012.182504,-44339.794666,-47025.345266,-68939.276040
1762668977.131551,-39038.885385,-44355.433434,-47032.974660,-68944.998085
1762668977.135551,-39088.096470,-44396.251440,-47048.233449,-68956.822157
1762668977.131551,-39097.633213,-44412.273914,-47053.955495,-68961.016834
1762668977.135551,-39042.320102,-44365.353882,-47039.076686,-68945.758045
1762668977.151936,-39008.367807,-44326.063246,-47024.197876,-68930.879235
1762668977.155936,-39041.936398,-44349.711388,-47033.354640,-68938.896060
1762668977.157626,-39107.169956,-44418.759644,-47057.770193,-68962.544203
1762668977.161626,-39106.406271,-44433.634728,-47063.108534,-68962.924182
1762668977.173171,-39045.751095,-44376.797974,-47042.891383,-68941.943347
1762668977.177171,-39015.617222,-44338.651001,-47032.210976,-68932.406604
1762668977.182002,-39072.837681,-44390.149415,-47049.377114,-68952.627480
1762668977.186002,-39137.687534,-44441.647828,-47072.645277,-68971.700966
1762668977.190002,-39139.211178,-44450.800866,-47080.274671,-68971.320987
1762668977.194002,-39068.639278,-44391.673058,-47060.057521,-68953.007460
1762668977.203226,-39050.329477,-44381.756335,-47053.571790,-68951.860070
1762668977.207226,-39094.962180,-44407.315552,-47065.399587,-68962.924182
1762668977.203226,-39155.233651,-44452.328235,-47084.089369,-68975.515664
1762668977.207226,-39160.575718,-44461.484998,-47085.996717,-68973.608315
1762668977.210513,-39096.489549,-44408.459216,-47067.686915,-68953.387439
1762668977.214513,-39063.300937,-44369.548559,-47052.808106,-68940.803409
1762668977.210513,-39088.860154,-44380.992651,-47054.335475,-68944.998085
1762668977.214513,-39153.326303,-44440.884143,-47077.603638,-68964.071572
1762668977.226091,-39147.224277,-44442.027807,-47084.473073,-68961.784244
1762668977.230091,-39065.588266,-44372.219592,-47052.428126,-68938.128650
1762668977.227596,-39028.968662,-44332.165271,-47032.210976,-68925.924599
1762668977.231596,-39073.601365,-44378.321618,-47047.849745,-68940.415978
1762668977.252508,-39112.128317,-44416.088611,-47059.677541,-68954.154849
1762668977.256508,-39105.642587,-44412.273914,-47054.715455,-68953.387439
1762668977.256264,-39033.547044,-44348.187745,-47029.539943,-68928.971887
1762668977.260264,-39006.460458,-44336.743653,-47024.961561,-68929.359317
1762668977.264265,-39038.121700,-44356.580824,-47030.303627,-68938.896060
1762668977.268265,-39105.262607,-44406.931847,-47051.284462,-68956.062198
1762668977.256264,-39104.118943,-44419.903308,-47059.293836,-68959.109485
1762668977.260264,-39042.320102,-44373.746961,-47043.655068,-68946.905434
1762668977.270714,-39015.997201,-44346.660376,-47030.683607,-68942.710757
1762668977.274714,-39050.713181,-44372.219592,-47036.025673,-68952.627480
1762668977.270714,-39120.521396,-44435.542077,-47059.293836,-68972.080946
1762668977.274714,-39125.859737,-44446.226209,-47071.121633,-68973.988295
1762668977.286844,-39059.486240,-44385.951012,-47049.757093,-68956.442177
1762668977.290844,-39030.876011,-44353.146106,-47037.549317,-68944.618106
1762668977.286844,-39075.888693,-44405.408204,-47053.191811,-68961.016834
1762668977.290844,-39135.016501,-44455.379248,-47070.357949,-68976.275623
1762668977.300964,-39144.933224,-44461.484998,-47071.121633,-68977.043033
1762668977.304964,-39075.125009,-44403.500855,-47052.048147,-68960.636854
1762668977.316143,-39058.722556,-44394.727796,-47045.942396,-68961.396813
1762668977.320143,-39098.013192,-44421.046972,-47056.242824,-68969.793618
1762668977.316143,-39154.469967,-44458.813965,-47071.881592,-68981.997669
1762668977.320143,-39151.418954,-44456.522912,-47071.501613,-68975.515664
1762668977.331313,-39073.217660,-44395.487756,-47045.942396,-68953.767419
1762668977.335313,-39040.412754,-44359.248132,-47032.590955,-68943.850696
1762668977.331313,-39075.508714,-44375.270605,-47042.127699,-68947.285414
1762668977.335313,-39131.201804,-44429.440051,-47059.677541,-68962.924182
1762668977.343389,-39118.614048,-44425.245374,-47063.108534,-68959.876895
1762668977.347389,-39042.700082,-44355.053455,-47039.840370,-68936.988711
1762668977.347770,-39005.696774,-44316.142797,-47021.146864,-68924.397230
1762668977.351770,-39052.236825,-44365.733862,-47036.789358,-68943.470716
1762668977.361784,-39106.786251,-44408.839196,-47051.664442,-68956.822157
1762668977.365784,-39093.818516,-44406.931847,-47052.428126,-68956.062198
1762668977.361784,-39024.010301,-44346.660376,-47031.067312,-68940.035999
1762668977.365784,-39015.233517,-44339.414686,-47031.447291,-68941.183388
1762668977.371823,-39055.671543,-44371.839613,-47039.456666,-68951.100111
1762668977.375823,-39106.026292,-44418.375939,-47053.955495,-68971.700966
1762668977.371823,-39101.064205,-44432.111084,-47060.437500,-68976.275623
1762668977.375823,-39045.371115,-44392.056763,-47044.418752,-68959.489465
1762668977.395149,-39031.255990,-44368.024915,-47031.067312,-68951.860070
1762668977.399149,-39064.824581,-44397.778809,-47045.942396,-68961.396813
1762668977.406010,-39139.974862,-44467.587024,-47072.645277,-68981.237710
1762668977.410010,-39149.131626,-44478.267431,-47079.131007,-68982.377648
1762668977.414010,-39079.703391,-44414.944947,-47054.335475,-68961.784244
1762668977.418010,-39044.227451,-44376.414269,-47040.220350,-68949.192762
1762668977.406010,-39095.342159,-44428.676367,-47056.622803,-68968.266249
1762668977.410010,-39134.252816,-44465.679675,-47069.974244,-68983.905017
1762668977.412369,-39124.716073,-44457.286596,-47065.015882,-68975.515664
1762668977.416369,-39048.422128,-44388.242066,-47038.696706,-68949.572742
1762668977.442699,-39036.214352,-44368.024915,-47032.974660,-68941.563368
1762668977.446699,-39070.930332,-44381.376356,-47042.127699,-68944.618106
1762668977.450699,-39110.600948,-44418.759644,-47057.386488,-68956.062198
1762668977.454699,-39108.693600,-44424.097985,-47058.530152,-68956.442177
1762668977.450516,-39029.732347,-44364.590198,-47035.261989,-68938.128650
1762668977.454516,-39011.038840,-44331.401587,-47020.003200,-68927.831948
1762668977.452826,-39044.991136,-44342.081994,-47024.197876,-68930.499256
1762668977.456826,-39094.582200,-44397.015125,-47047.849745,-68949.572742
1762668977.462964,-39088.476449,-44394.727796,-47045.178711,-68946.905434
1762668977.466964,-39018.288255,-44329.114258,-47020.766884,-68925.544620
1762668977.462964,-38992.345333,-44300.120324,-47006.271780,-68917.915225
1762668977.466964,-39044.227451,-44354.673475,-47026.105225,-68939.276040
1762668977.473257,-39094.198495,-44398.922473,-47046.326101,-68951.480091
1762668977.477257,-39089.620113,-44399.686158,-47049.757093,-68948.432803
1762668977.473257,-39019.048214,-44345.136732,-47026.868910,-68929.739296
1762668977.477257,-39013.709873,-44340.558350,-47026.868910,-68932.026625
1762668977.493409,-39053.380489,-44366.877526,-47037.933022,-68939.656019
1762668977.497409,-39108.693600,-44415.708631,-47053.571790,-68951.860070
1762668977.493409,-39121.665061,-44429.820031,-47061.964869,-68956.822157
1762668977.497409,-39058.342576,-44377.941638,-47045.562416,-68940.415978
1762668977.503504,-39033.163339,-44356.580824,-47036.025673,-68933.174014
1762668977.507504,-39077.032357,-44383.283705,-47044.798732,-68944.998085
1762668977.503504,-39143.409580,-44445.842505,-47070.737928,-68966.358900
1762668977.507504,-39135.780185,-44444.318861,-47076.843679,-68962.924182
1762668977.533772,-39050.329477,-44374.890625,-47050.520778,-68940.415978
1762668977.537771,-39023.246616,-44340.938330,-47035.641968,-68931.646645
1762668977.533772,-39085.805416,-44390.529394,-47052.428126,-68946.905434
1762668977.537771,-39125.099778,-44421.430677,-47069.214284,-68953.007460
1762668977.533772,-39111.748338,-44416.088611,-47064.252198,-68947.665393
1762668977.537771,-39035.834372,-44361.155480,-47047.086060,-68931.266665
1762668977.553900,-39010.275155,-44339.414686,-47036.025673,-68927.831948
1762668977.557900,-39046.898484,-44372.219592,-47039.840370,-68940.803409
1762668977.553900,-39096.489549,-44412.653893,-47051.664442,-68954.914808
1762668977.557900,-39086.189121,-44414.181262,-47050.520778,-68953.767419
1762668977.563952,-39012.566209,-44363.446534,-47029.539943,-68938.128650
1762668977.567952,-38992.345333,-44330.257922,-47016.188502,-68930.499256
1762668977.563952,-39029.732347,-44347.044080,-47023.054212,-68937.368691
1762668977.567952,-39091.147482,-44415.324926,-47044.798732,-68956.062198
1762668977.584278,-39085.805416,-44420.283288,-47048.993409,-68956.442177
1762668977.588278,-39012.566209,-44354.673475,-47026.105225,-68935.841322
1762668977.584278,-38993.492723,-44325.679541,-47013.137490,-68924.777210
1762668977.588278,-39040.412754,-44376.034290,-47031.067312,-68937.368691
1762668977.594406,-39090.003818,-44421.430677,-47049.757093,-68951.860070
1762668977.598406,-39089.620113,-44416.468590,-47048.993409,-68947.665393
1762668977.603037,-39024.390280,-44355.433434,-47027.632594,-68927.451968
1762668977.607037,-39012.182504,-44348.951429,-47018.859535,-68928.211927
1762668977.614062,-39051.093161,-44375.270605,-47030.303627,-68938.896060
1762668977.618062,-39103.735238,-44424.861670,-47051.284462,-68953.007460
1762668977.614062,-39104.498923,-44437.833130,-47056.242824,-68957.582116
1762668977.618062,-39035.454392,-44384.043664,-47038.696706,-68943.470716
1762668977.630711,-39013.326168,-44350.858778,-47029.539943,-68932.026625
1762668977.634711,-39060.249925,-44372.219592,-47038.696706,-68937.748671
1762668977.630711,-39111.364633,-44435.542077,-47061.964869,-68959.876895
1762668977.634711,-39090.003818,-44422.574341,-47057.386488,-68954.534829
1762668977.641890,-39013.709873,-44350.095093,-47030.683607,-68931.266665
1762668977.645890,-38977.470249,-44316.906482,-47010.846436,-68922.869861
1762668977.657861,-39030.112326,-44365.733862,-47028.396279,-68941.183388
1762668977.661860,-39072.837681,-44401.973486,-47043.655068,-68951.480091
1762668977.657861,-39057.578892,-44397.015125,-47040.984035,-68943.850696
1762668977.661860,-38983.955979,-44336.359948,-47014.661133,-68920.962512
1762668977.678265,-38978.993893,-44314.619154,-47007.415444,-68920.202553
1762668977.682265,-39015.233517,-44341.322035,-47016.188502,-68930.119276
1762668977.691625,-39062.537253,-44384.807348,-47035.641968,-68941.563368
1762668977.695625,-39066.731930,-44395.107776,-47042.511404,-68944.230676
1762668977.699625,-39007.604122,-44346.660376,-47030.683607,-68931.266665
1762668977.703625,-38992.729038,-44323.392212,-47021.910548,-68925.157189
1762668977.692822,-39030.492306,-44352.382421,-47032.590955,-68936.601281
1762668977.696822,-39094.198495,-44420.666993,-47052.048147,-68956.822157
1762668977.702598,-39081.990719,-44418.759644,-47048.233449,-68953.387439
1762668977.706598,-39020.195603,-44360.011816,-47029.539943,-68935.841322
1762668977.702598,-39001.122117,-44337.507337,-47016.952187,-68931.646645
1762668977.706598,-39055.287838,-44395.487756,-47036.405653,-68950.340152
1762668977.719967,-39106.406271,-44446.606189,-47058.913857,-68965.211511
1762668977.723967,-39100.304246,-44442.411512,-47059.293836,-68960.636854
1762668977.719967,-39044.227451,-44384.807348,-47036.025673,-68939.656019
1762668977.723967,-39035.070688,-44379.085302,-47035.261989,-68940.803409
1762668977.735748,-39062.917233,-44402.737170,-47046.706080,-68951.860070
1762668977.739748,-39113.655686,-44440.884143,-47061.964869,-68967.506289
1762668977.735748,-39114.799351,-44447.749853,-47068.830580,-68970.933557
1762668977.739748,-39036.978036,-44388.622046,-47048.613429,-68950.720131
1762668977.745956,-39013.326168,-44357.724488,-47031.827271,-68941.563368
1762668977.749956,-39042.320102,-44372.599572,-47035.641968,-68947.285414
1762668977.745956,-39095.342159,-44426.389039,-47053.571790,-68962.924182
1762668977.749956,-39073.981345,-44409.602880,-47053.571790,-68951.100111
1762668977.764102,-38992.345333,-44334.452599,-47028.776258,-68922.489882
1762668977.768102,-38974.799216,-44302.411377,-47015.044838,-68914.100528
1762668977.780128,-39029.732347,-44351.618737,-47029.539943,-68931.266665
1762668977.784127,-39071.694016,-44393.200427,-47043.271363,-68944.230676
1762668977.780128,-39065.971971,-44394.344091,-47042.891383,-68946.138024
1762668977.784127,-38998.451084,-44334.452599,-47018.095851,-68927.064538
1762668977.790480,-38988.150656,-44319.957495,-47007.795423,-68924.777210
1762668977.794480,-39030.492306,-44356.580824,-47020.383179,-68936.988711
1762668977.790480,-39079.323411,-44397.015125,-47039.456666,-68948.432803
1762668977.794480,-39079.703391,-44407.695532,-47039.840370,-68949.952722
1762668977.819495,-39015.233517,-44360.011816,-47022.674233,-68933.933973
1762668977.823495,-38997.307420,-44342.465699,-47013.517469,-68924.397230
1762668977.819495,-39038.505405,-44378.321618,-47024.961561,-68937.368691
1762668977.823495,-39107.933640,-44449.277222,-47049.757093,-68964.071572
1762668977.826164,-39090.003818,-44441.647828,-47048.233449,-68961.784244
1762668977.830164,-39032.399654,-44376.797974,-47028.776258,-68941.943347
1762668977.828168,-39017.524570,-44351.618737,-47020.003200,-68933.553994
1762668977.832168,-39077.032357,-44411.893934,-47042.127699,-68954.154849
1762668977.836116,-39129.294455,-44454.235584,-47058.913857,-68965.211511
1762668977.840116,-39110.220969,-44436.689466,-47054.335475,-68955.674767
1762668977.836116,-39038.121700,-44373.363256,-47033.734620,-68934.693933
1762668977.840116,-39021.719247,-44362.682849,-47033.734620,-68933.933973
1762668977.866540,-39060.249925,-44391.673058,-47038.313001,-68942.710757
1762668977.870540,-39099.540561,-44426.389039,-47053.571790,-68955.674767
1762668977.866540,-39083.898067,-44426.389039,-47055.862844,-68957.202137
1762668977.870540,-39017.904550,-44364.970177,-47034.882009,-68935.461342
1762668977.874540,-38995.016366,-44330.257922,-47021.146864,-68927.064538
1762668977.878540,-39031.255990,-44350.475073,-47025.725245,-68933.553994
1762668977.866540,-39088.476449,-44408.839196,-47047.469765,-68950.340152
1762668977.870540,-39072.073996,-44397.395104,-47048.613429,-68946.138024
1762668977.886718,-38991.201669,-44327.970594,-47023.054212,-68922.869861
1762668977.890718,-38980.521262,-44306.226075,-47010.466456,-68917.147815
1762668977.916967,-39048.042148,-44362.682849,-47032.974660,-68937.748671
1762668977.920967,-39093.434811,-44407.695532,-47050.520778,-68951.100111
1762668977.916967,-39078.939706,-44401.209801,-47047.469765,-68946.905434
1762668977.920967,-39017.140865,-44348.187745,-47023.054212,-68933.174014
1762668977.924967,-39001.502097,-44336.743653,-47017.332166,-68933.553994
1762668977.928967,-39058.342576,-44377.941638,-47033.734620,-68946.905434
1762668977.916967,-39111.364633,-44430.203736,-47053.571790,-68964.831531
1762668977.920967,-39104.118943,-44443.171471,-47057.770193,-68969.413638
1762668977.928097,-39041.936398,-44390.149415,-47038.313001,-68948.812783
1762668977.932096,-39026.677608,-44369.932264,-47031.067312,-68941.943347
1762668977.928097,-39069.402963,-44399.686158,-47039.456666,-68950.340152
1762668977.932096,-39128.530771,-44459.577650,-47060.821205,-68967.886269
1762668977.937130,-39110.600948,-44440.504164,-47057.006508,-68961.016834
1762668977.941130,-39032.399654,-44371.455908,-47032.974660,-68938.128650
1762668977.947232,-39009.511471,-44342.845678,-47018.475831,-68931.266665
1762668977.951232,-39060.629904,-44389.765710,-47032.590955,-68948.432803
1762668977.957350,-39100.684226,-44427.912682,-47046.326101,-68958.349526
1762668977.961350,-39069.786668,-44407.695532,-47039.840370,-68952.627480
1762668977.957350,-39000.738412,-44346.660376,-47015.044838,-68934.693933
1762668977.961350,-38998.831064,-44334.072620,-47011.230141,-68933.933973
1762668977.976537,-39034.690708,-44361.155480,-47022.290528,-68942.710757
1762668977.980536,-39076.652378,-44396.251440,-47036.789358,-68952.247500
1762668977.977600,-39067.495614,-44396.635145,-47039.456666,-68950.720131
1762668977.981600,-39013.326168,-44340.558350,-47021.530569,-68933.553994
1762668977.987170,-38996.543735,-44318.433851,-47016.188502,-68925.157189
1762668977.991170,-39037.361741,-44347.804040,-47034.118325,-68933.933973
1762668977.987170,-39110.984653,-44421.430677,-47063.108534,-68959.489465
1762668977.991170,-39094.198495,-44416.468590,-47062.344849,-68957.202137
1762668978.008618,-39026.677608,-44356.197119,-47037.549317,-68936.221302
1762668978.012618,-39015.997201,-44337.887317,-47027.632594,-68928.971887
1762668978.021548,-39072.837681,-44396.251440,-47050.900757,-68948.812783
1762668978.025548,-39122.808725,-44440.504164,-47064.635903,-68962.164223
1762668978.022543,-39110.220969,-44432.491064,-47060.437500,-68959.876895
1762668978.026543,-39040.412754,-44376.797974,-47040.220350,-68942.710757
1762668978.030469,-39039.269090,-44369.168580,-47039.076686,-68938.128650
1762668978.034469,-39080.847055,-44402.737170,-47051.284462,-68948.045373
1762668978.030469,-39120.137691,-44438.976794,-47060.057521,-68958.729506
1762668978.034469,-39115.179330,-44445.078820,-47060.437500,-68960.256875
1762668978.050143,-39048.042148,-44392.056763,-47039.076686,-68944.998085
1762668978.054143,-39029.732347,-44369.168580,-47030.303627,-68940.803409
1762668978.050143,-39065.208286,-44400.449842,-47041.364014,-68951.860070
1762668978.054143,-39129.294455,-44464.915991,-47064.252198,-68973.608315
1762668978.060211,-39112.508297,-44448.513538,-47063.108534,-68967.118859
1762668978.064211,-39041.556418,-44380.992651,-47040.604055,-68945.758045
1762668978.060211,-39021.719247,-44356.960803,-47031.447291,-68937.748671
1762668978.064211,-39075.125009,-44406.931847,-47052.808106,-68957.202137
1762668978.080420,-39125.479758,-44451.948255,-47073.028982,-68975.135684
1762668978.084419,-39112.508297,-44438.976794,-47069.214284,-68970.173597
1762668978.080420,-39041.176438,-44377.561659,-47047.849745,-68949.572742
1762668978.084419,-39032.783359,-44368.024915,-47043.655068,-68946.905434
1762668978.100626,-39073.217660,-44396.635145,-47053.571790,-68956.062198
1762668978.104625,-39111.748338,-44430.967420,-47067.306936,-68967.118859
1762668978.110735,-39102.971554,-44431.727380,-47063.872218,-68967.118859
1762668978.114735,-39036.598057,-44374.126941,-47042.127699,-68948.045373
1762668978.118735,-39021.719247,-44358.868152,-47035.641968,-68944.230676
1762668978.122735,-39065.208286,-44393.200427,-47048.233449,-68957.202137
1762668978.110735,-39120.521396,-44456.142932,-47067.686915,-68976.275623
1762668978.114735,-39091.911167,-44435.162097,-47060.437500,-68962.924182
1762668978.120810,-39016.380906,-44365.733862,-47028.396279,-68938.896060
1762668978.124810,-39003.029466,-44342.845678,-47018.859535,-68932.406604
1762668978.141014,-39060.629904,-44399.686158,-47039.076686,-68952.627480
1762668978.145014,-39110.220969,-44441.264123,-47056.622803,-68964.831531
1762668978.151117,-39089.240134,-44420.666993,-47053.571790,-68952.627480
1762668978.155117,-39017.140865,-44358.868152,-47031.067312,-68930.499256
1762668978.159117,-39012.182504,-44345.896691,-47027.252614,-68931.266665
1762668978.163117,-39054.527879,-44380.992651,-47039.076686,-68943.470716
1762668978.151117,-39088.860154,-44419.903308,-47052.048147,-68953.007460
1762668978.155117,-39073.601365,-44420.283288,-47052.048147,-68952.247500
1762668978.171288,-39000.738412,-44354.673475,-47029.159963,-68932.786584
1762668978.175288,-38997.687399,-44339.794666,-47022.674233,-68933.174014
1762668978.171288,-39056.435227,-44372.599572,-47037.933022,-68944.230676
1762668978.175288,-39105.262607,-44437.833130,-47064.635903,-68965.211511
1762668978.191496,-39074.361324,-44418.375939,-47058.913857,-68956.442177
1762668978.195496,-38997.307420,-44353.526086,-47032.974660,-68933.553994
1762668978.191496,-38990.437984,-44337.887317,-47024.961561,-68932.026625
1762668978.195496,-39051.473141,-44389.385730,-47046.706080,-68953.007460
1762668978.201526,-39095.342159,-44430.583715,-47062.344849,-68964.451551
1762668978.205526,-39063.680917,-44408.839196,-47055.099159,-68954.154849
1762668978.201526,-38988.530636,-44341.322035,-47029.159963,-68930.879235
1762668978.205526,-38979.757577,-44337.887317,-47023.817897,-68932.406604
1762668978.211650,-39027.061313,-44364.590198,-47035.641968,-68940.803409
1762668978.215650,-39083.898067,-44398.542494,-47054.335475,-68948.432803
1762668978.211650,-39072.073996,-44401.973486,-47055.479139,-68949.192762
1762668978.215650,-38994.636387,-44339.414686,-47030.303627,-68926.684558
1762668978.231885,-38983.192295,-44320.341200,-47024.581581,-68919.822574
1762668978.235885,-39023.246616,-44346.280396,-47034.498304,-68932.786584
1762668978.231885,-39080.467075,-44402.357191,-47053.955495,-68953.387439
1762668978.235885,-39072.453976,-44383.283705,-47049.377114,-68941.563368
1762668978.241924,-38998.831064,-44322.628528,-47026.105225,-68919.822574
1762668978.245924,-38990.821689,-44308.133423,-47020.383179,-68916.387856
1762668978.252351,-39045.751095,-44354.673475,-47034.882009,-68936.988711
1762668978.256351,-39086.952806,-44394.727796,-47047.086060,-68952.627480
1762668978.262435,-39064.824581,-44384.043664,-47045.178711,-68948.045373
1762668978.266435,-38995.016366,-44334.072620,-47024.197876,-68933.933973
1762668978.282646,-38989.678025,-44327.970594,-47017.715871,-68935.841322
1762668978.286646,-39027.061313,-44363.446534,-47030.303627,-68946.905434
1762668978.292702,-39073.601365,-44409.602880,-47047.086060,-68961.016834
1762668978.296702,-39082.754403,-44417.232275,-47053.571790,-68960.256875
1762668978.292702,-39008.751512,-44362.302870,-47032.974660,-68941.943347
1762668978.296702,-39004.553109,-44353.526086,-47025.345266,-68944.998085
1762668978.302782,-39043.083787,-44386.334717,-47034.498304,-68958.349526
1762668978.306782,-39096.869528,-44451.564550,-47061.201185,-68976.655602
1762668978.310782,-39082.754403,-44441.647828,-47065.015882,-68973.228335
1762668978.314782,-39014.089853,-44379.469007,-47046.326101,-68951.100111
1762668978.302782,-39014.089853,-44366.877526,-47045.942396,-68951.100111
1762668978.306782,-39085.805416,-44435.162097,-47076.079994,-68975.135684
1762668978.312925,-39127.007127,-44468.350708,-47092.862427,-68984.672427
1762668978.316925,-39095.342159,-44437.833130,-47084.853053,-68973.608315
1762668978.322980,-39033.163339,-44383.283705,-47068.066895,-68957.582116
1762668978.326980,-39027.441293,-44372.219592,-47063.108534,-68953.387439
1762668978.333076,-39070.930332,-44395.871460,-47070.737928,-68959.876895
1762668978.337076,-39109.840989,-44424.481690,-47084.473073,-68965.978920
1762668978.333076,-39091.147482,-44422.574341,-47079.131007,-68962.164223
1762668978.337076,-39028.584957,-44361.919165,-47061.584890,-68944.618106
1762668978.343392,-39020.575583,-44342.081994,-47055.099159,-68938.896060
1762668978.347392,-39065.588266,-44370.312244,-47065.779567,-68950.720131
1762668978.363916,-39123.572409,-44439.740479,-47091.338784,-68974.748254
1762668978.367916,-39095.342159,-44422.574341,-47085.233033,-68969.026208
1762668978.363916,-39029.732347,-44354.673475,-47059.293836,-68947.665393
1762668978.367916,-39013.326168,-44344.373047,-47050.900757,-68946.525455
1762668978.386214,-39078.176022,-44399.302453,-47069.594264,-68965.598941
1762668978.390214,-39122.045040,-44441.647828,-47087.140381,-68977.802992
1762668978.391782,-39091.911167,-44420.666993,-47081.038356,-68965.978920
1762668978.395782,-39029.732347,-44373.363256,-47060.057521,-68950.720131
1762668978.399782,-39034.307003,-44379.085302,-47056.242824,-68957.969546
1762668978.403782,-39088.476449,-44416.852295,-47078.367323,-68972.840905
1762668978.397805,-39135.016501,-44458.813965,-47097.440809,-68984.284997
1762668978.401805,-39124.716073,-44471.401721,-47101.639211,-68986.959755
1762668978.402836,-39060.249925,-44419.139624,-47083.325684,-68972.460926
1762668978.406836,-39067.879319,-44411.130250,-47083.709389,-68974.368274
1762668978.402836,-39110.600948,-44446.986169,-47094.769776,-68985.432386
1762668978.406836,-39160.955697,-44508.785009,-47112.319618,-69003.745914
1762668978.423187,-39136.543870,-44489.331543,-47106.977552,-68996.876478
1762668978.427187,-39064.064622,-44420.283288,-47087.524086,-68975.515664
1762668978.423187,-39061.773568,-44409.222901,-47083.709389,-68975.515664
1762668978.427187,-39123.192430,-44462.628663,-47106.213868,-68999.163806
1762668978.433361,-39153.710008,-44490.475208,-47113.843262,-69007.560611
1762668978.437361,-39116.322994,-44461.101294,-47106.213868,-68995.349109
1762668978.433361,-39050.329477,-44398.158789,-47087.140381,-68977.802992
1762668978.437361,-39051.473141,-44387.478381,-47081.802040,-68975.895643
1762668978.453525,-39091.527462,-44426.389039,-47095.153481,-68990.394473
1762668978.457525,-39132.345468,-44462.628663,-47107.361257,-69001.451135
1762668978.453525,-39128.150791,-44467.967004,-47111.935914,-69006.793201
1762668978.457525,-39055.671543,-44400.449842,-47087.904066,-68985.052407
1762668978.473820,-39046.514779,-44380.612671,-47078.751028,-68974.748254
1762668978.477820,-39091.527462,-44413.037598,-47087.524086,-68985.052407
1762668978.483882,-39147.224277,-44474.072754,-47105.453908,-69001.451135
1762668978.487882,-39109.457284,-44450.040907,-47097.060829,-68988.099694
1762668978.483882,-39048.422128,-44387.858361,-47080.274671,-68973.228335
1762668978.487882,-39062.537253,-44390.149415,-47087.140381,-68980.857730
1762668978.493994,-39115.563035,-44441.647828,-47102.782875,-68994.969130
1762668978.497994,-39159.432054,-44485.516846,-47115.750611,-69002.978504
1762668978.493994,-39139.974862,-44466.823339,-47113.463283,-68993.441761
1762668978.497994,-39083.518088,-44417.615980,-47095.533460,-68972.460926
1762668978.524171,-39085.805416,-44412.653893,-47099.348158,-68971.320987
1762668978.528171,-39130.438119,-44445.078820,-47111.175954,-68980.470300
1762668978.528732,-39171.256125,-44483.989477,-47126.434743,-68992.301822
1762668978.532732,-39159.048349,-44481.318444,-47125.287354,-68993.061781
1762668978.536732,-39090.383798,-44419.523329,-47106.977552,-68979.330361
1762668978.540732,-39086.189121,-44408.459216,-47104.690224,-68982.377648
1762668978.528732,-39137.687534,-44437.833130,-47115.370631,-68996.116519
1762668978.532732,-39189.949632,-44496.197253,-47139.786184,-69015.569985
1762668978.544318,-39160.192013,-44466.443360,-47132.916749,-69002.978504
1762668978.548318,-39079.703391,-44390.913099,-47103.162855,-68977.423012
1762668978.544318,-39069.786668,-44377.941638,-47096.297145,-68973.608315
1762668978.548318,-39118.614048,-44431.727380,-47116.898000,-68990.774453
1762668978.554475,-39144.933224,-44462.244958,-47126.434743,-68999.931216
1762668978.558475,-39123.572409,-44442.791492,-47118.805349,-68994.209170
1762668978.564546,-39066.351950,-44393.580407,-47102.399170,-68977.423012
1762668978.568546,-39062.157273,-44395.871460,-47100.875527,-68977.802992
1762668978.574605,-39107.933640,-44434.782118,-47113.083303,-68991.154432
1762668978.578605,-39155.617356,-44473.689049,-47123.380005,-69002.218544
1762668978.574605,-39147.604257,-44474.836439,-47122.620046,-68999.931216
1762668978.578605,-39074.361324,-44413.801283,-47104.690224,-68979.330361
1762668978.584715,-39073.217660,-44407.695532,-47102.019191,-68978.950381
1762668978.588715,-39124.716073,-44447.749853,-47114.990652,-68992.301822
1762668978.615195,-39184.987545,-44514.890760,-47141.693532,-69015.190005
1762668978.619195,-39150.655270,-44491.238892,-47134.824097,-69006.033242
1762668978.615195,-39081.230760,-44432.111084,-47111.935914,-68986.579776
1762668978.619195,-39099.540561,-44426.389039,-47109.268606,-68987.339735
1762668978.615195,-39155.233651,-44475.216419,-47124.907374,-69008.700550
1762668978.619195,-39192.236960,-44512.983412,-47137.878835,-69017.477334
1762668978.615195,-39159.432054,-44485.516846,-47130.249441,-69003.745914
1762668978.619195,-39104.878902,-44443.171471,-47115.370631,-68989.247084
1762668978.635395,-39109.840989,-44444.698840,-47119.949013,-68992.301822
1762668978.639395,-39157.904685,-44482.465833,-47135.207802,-69005.265832
1762668978.635395,-39199.866354,-44519.085437,-47148.559242,-69016.329944
1762668978.639395,-39179.649204,-44512.219727,-47148.559242,-69013.662636
1762668978.645516,-39109.077305,-44446.226209,-47123.000026,-68994.969130
1762668978.649516,-39095.725864,-44428.296387,-47114.606947,-68992.301822
1762668978.645516,-39132.345468,-44459.957629,-47124.527395,-69000.691175
1762668978.649516,-39188.042283,-44513.363391,-47145.888209,-69019.004703
1762668978.665698,-39153.710008,-44478.651136,-47136.351466,-69007.940590
1762668978.669698,-39076.652378,-44408.839196,-47115.750611,-68986.579776
1762668978.665698,-39065.971971,-44398.922473,-47110.412270,-68980.470300
1762668978.669698,-39117.470384,-44450.040907,-47123.763710,-68999.543786
1762668978.675801,-39157.524705,-44486.660510,-47137.495130,-69014.042616
1762668978.679801,-39126.623422,-44459.577650,-47128.342092,-69005.265832
1762668978.675801,-39066.731930,-44415.324926,-47109.648585,-68992.301822
1762668978.679801,-39065.208286,-44413.037598,-47106.977552,-68993.441761
1762668978.695987,-39119.377732,-44450.420886,-47118.421644,-69004.885852
1762668978.699987,-39151.038975,-44485.133141,-47131.393105,-69018.237293
1762668978.706068,-39131.201804,-44481.318444,-47129.102051,-69016.709924
1762668978.710068,-39059.866220,-44421.430677,-47110.792249,-68998.783827
1762668978.706068,-39061.773568,-44415.324926,-47102.019191,-68999.931216
1762668978.710068,-39108.313620,-44455.379248,-47115.750611,-69012.515247
1762668978.726231,-39163.246751,-44520.229101,-47139.786184,-69031.968713
1762668978.730231,-39137.303829,-44495.433569,-47129.865736,-69020.524621
1762668978.726231,-39071.694016,-44431.727380,-47105.070204,-69000.691175
1762668978.730231,-39066.731930,-44431.727380,-47101.255506,-68998.783827
1762668978.736371,-39128.530771,-44484.373182,-47118.421644,-69014.422596
1762668978.740371,-39167.061448,-44516.414404,-47133.680433,-69027.394056
1762668978.736371,-39135.016501,-44483.609498,-47127.578408,-69015.949965
1762668978.740371,-39077.032357,-44432.111084,-47111.555934,-68998.783827
1762668978.756533,-39070.166647,-44419.523329,-47106.977552,-68994.209170
1762668978.760533,-39112.508297,-44448.893517,-47122.620046,-69003.745914
1762668978.756533,-39157.524705,-44481.702149,-47132.156789,-69009.847939
1762668978.760533,-39133.489132,-44473.309070,-47129.865736,-69006.033242
1762668978.766654,-39057.958871,-44409.986585,-47110.412270,-68985.052407
1762668978.770654,-39047.658443,-44403.880835,-47105.453908,-68986.192346
1762668978.766654,-39098.776877,-44437.069446,-47115.370631,-68995.729089
1762668978.770654,-39156.761020,-44496.197253,-47140.166163,-69013.282657
1762668978.776863,-39123.192430,-44466.823339,-47132.916749,-69004.885852
1762668978.780863,-39053.380489,-44398.542494,-47110.028565,-68984.672427
1762668978.786922,-39045.751095,-44392.436743,-47104.690224,-68985.432386
1762668978.790922,-39104.118943,-44451.564550,-47122.620046,-69004.505873
1762668978.807099,-39158.284664,-44493.146241,-47139.022499,-69014.422596
1762668978.811099,-39120.137691,-44460.337609,-47131.009400,-69000.311196
1762668978.807099,-39062.537253,-44414.561242,-47112.699598,-68987.719715
1762668978.811099,-39066.351950,-44416.088611,-47108.884901,-68991.914392
1762668978.815099,-39113.655686,-44458.430260,-47121.472657,-69005.265832
1762668978.819099,-39157.524705,-44497.340918,-47137.495130,-69014.422596
1762668978.817168,-39142.265916,-44492.002577,-47139.402479,-69014.422596
1762668978.821167,-39077.032357,-44427.532703,-47113.843262,-68993.441761
1762668978.828800,-39072.453976,-44414.181262,-47105.070204,-68988.867104
1762668978.832800,-39115.563035,-44448.133558,-47120.328993,-68998.023868
1762668978.837339,-39167.821407,-44506.877661,-47144.360840,-69016.709924
1762668978.841339,-39137.687534,-44473.689049,-47136.731446,-69006.413221
1762668978.847422,-39081.610739,-44408.079237,-47113.843262,-68983.905017
1762668978.851422,-39083.898067,-44406.171888,-47112.319618,-68984.284997
1762668978.857523,-39129.674435,-44450.040907,-47129.102051,-68999.543786
1762668978.861523,-39155.233651,-44485.896826,-47141.693532,-69007.560611
1762668978.857523,-39115.563035,-44454.615563,-47128.722072,-68995.729089
1762668978.861523,-39066.351950,-44406.551868,-47106.213868,-68984.284997
1762668978.867597,-39069.022983,-44405.024499,-47102.399170,-68987.339735
1762668978.871597,-39108.693600,-44442.027807,-47114.990652,-68997.256458
1762668978.867597,-39144.933224,-44473.689049,-47125.287354,-69005.265832
1762668978.871597,-39114.415646,-44464.152306,-47123.000026,-69001.838565
1762668978.898106,-39041.556418,-44399.686158,-47099.731863,-68983.525038
1762668978.902106,-39040.412754,-44393.200427,-47093.246132,-68983.145058
1762668978.898106,-39088.860154,-44435.925782,-47108.884901,-68996.876478
1762668978.902106,-39142.645895,-44498.104602,-47133.680433,-69017.477334
1762668978.906106,-39103.355259,-44466.443360,-47121.856362,-69006.793201
1762668978.910106,-39039.269090,-44403.500855,-47100.111842,-68986.579776
1762668978.898106,-39044.607431,-44404.644519,-47101.255506,-68988.099694
1762668978.902106,-39098.776877,-44457.670301,-47116.898000,-69004.125893
1762668978.918276,-39139.594883,-44492.762536,-47130.629420,-69012.515247
1762668978.922276,-39110.984653,-44459.193945,-47120.712698,-68999.543786
1762668978.918276,-39050.713181,-44412.273914,-47104.306519,-68985.052407
1762668978.922276,-39052.620530,-44408.459216,-47102.019191,-68984.284997
1762668978.938929,-39096.869528,-44440.884143,-47115.370631,-68994.209170
1762668978.942929,-39140.738547,-44474.452734,-47128.342092,-69001.838565
1762668978.938929,-39121.665061,-44470.638037,-47126.051039,-69000.311196
1762668978.942929,-39052.620530,-44407.315552,-47100.875527,-68980.857730
1762668978.949031,-39058.342576,-44395.107776,-47096.677125,-68980.857730
1762668978.953031,-39096.489549,-44425.625354,-47105.833888,-68993.441761
1762668978.959125,-39151.802659,-44483.225793,-47124.907374,-69011.755288
1762668978.963125,-39118.230343,-44451.948255,-47119.949013,-68999.543786
1762668978.959125,-39054.144174,-44391.673058,-47098.968178,-68979.710340
1762668978.963125,-39059.102535,-44392.820448,-47094.009817,-68981.997669
1762668978.989085,-39109.457284,-44440.504164,-47112.699598,-68998.403847
1762668978.993085,-39145.696908,-44478.267431,-47124.527395,-69008.700550
1762668978.989085,-39108.693600,-44448.133558,-47113.083303,-68998.023868
1762668978.993085,-39057.578892,-44408.839196,-47101.255506,-68987.719715
1762668978.997085,-39062.917233,-44417.232275,-47103.926539,-68992.681801
1762668979.001085,-39106.786251,-44460.721314,-47114.990652,-69006.033242
1762668978.989085,-39151.038975,-44500.775635,-47132.916749,-69019.384682
1762668978.993085,-39127.767086,-44497.340918,-47133.680433,-69017.477334
1762668979.009252,-39060.249925,-44431.727380,-47111.935914,-68998.403847
1762668979.013252,-39067.495614,-44428.296387,-47111.555934,-68999.543786
1762668979.009252,-39121.285081,-44469.114393,-47131.009400,-69012.135267
1762668979.013252,-39173.927158,-44520.992786,-47157.712281,-69030.061364
1762668979.019333,-39131.581783,-44485.896826,-47147.795558,-69016.709924
1762668979.023333,-39067.115635,-44421.430677,-47121.856362,-68996.116519
1762668979.019333,-39074.745029,-44420.666993,-47118.421644,-68999.931216
1762668979.023333,-39124.716073,-44468.350708,-47136.731446,-69016.709924
1762668979.039016,-39174.307138,-44504.970312,-47157.712281,-69030.061364
1762668979.043016,-39138.451219,-44464.536011,-47145.888209,-69016.329944
1762668979.039016,-39081.610739,-44415.708631,-47123.380005,-68999.931216
1762668979.043016,-39081.230760,-44406.931847,-47116.514295,-68995.349109
1762668979.049092,-39126.243442,-44451.184571,-47129.865736,-69009.467959
1762668979.053092,-39159.048349,-44480.174780,-47141.309828,-69018.237293
1762668979.049092,-39129.674435,-44469.874352,-47136.351466,-69014.042616
1762668979.053092,-39065.971971,-44408.839196,-47110.028565,-68995.349109
1762668979.079347,-39075.888693,-44409.602880,-47111.175954,-69000.311196
1762668979.083347,-39122.428745,-44451.948255,-47124.143690,-69010.987878
1762668979.079347,-39167.821407,-44504.970312,-47142.073512,-69028.541446
1762668979.083347,-39119.377732,-44467.967004,-47126.814723,-69015.190005
1762668979.079347,-39061.393589,-44414.944947,-47109.648585,-69000.691175
1762668979.083347,-39072.453976,-44423.338026,-47113.463283,-69006.033242
1762668979.099533,-39123.572409,-44470.258057,-47130.629420,-69019.384682
1762668979.103533,-39165.914059,-44509.928674,-47146.268189,-69030.448794
1762668979.099533,-39127.007127,-44475.216419,-47139.402479,-69014.802575
1762668979.103533,-39076.652378,-44435.542077,-47122.620046,-69002.598524
1762668979.109593,-39096.869528,-44439.356774,-47131.009400,-69004.505873
1762668979.113593,-39154.089987,-44481.702149,-47148.939222,-69018.617272
1762668979.109593,-39198.338985,-44511.456043,-47161.146998,-69027.394056
1762668979.113593,-39170.492440,-44504.590333,-47159.619629,-69023.959339
1762668979.129261,-39105.262607,-44436.305761,-47139.786184,-69005.265832
1762668979.133261,-39107.169956,-44430.583715,-47139.402479,-69009.467959
1762668979.129261,-39154.469967,-44471.781701,-47158.475965,-69024.339318
1762668979.133261,-39207.495749,-44527.478516,-47174.878418,-69045.320153
1762668979.139313,-39153.326303,-44485.133141,-47158.859670,-69033.116102
1762668979.143313,-39082.754403,-44414.944947,-47134.824097,-69010.227919
1762668979.139313,-39095.725864,-44425.625354,-47138.638794,-69013.662636
1762668979.143313,-39162.483066,-44482.845813,-47161.146998,-69033.876061
1762668979.159500,-39196.051657,-44512.219727,-47171.063721,-69041.505456
1762668979.163500,-39147.224277,-44474.836439,-47158.475965,-69025.866687
1762668979.159500,-39089.240134,-44434.398413,-47140.546143,-69014.422596
1762668979.163500,-39094.198495,-44437.449425,-47136.731446,-69015.569985
1762668979.169592,-39144.933224,-44471.781701,-47145.888209,-69027.014077
1762668979.173592,-39176.598191,-44498.484582,-47153.137624,-69035.403430
1762668979.189764,-39133.109152,-44482.465833,-47145.888209,-69028.541446
1762668979.193764,-39069.402963,-44420.666993,-47123.000026,-69008.700550
1762668979.189764,-39073.981345,-44417.232275,-47118.805349,-69007.173181
1762668979.193764,-39126.623422,-44461.864978,-47137.115151,-69020.524621
1762668979.199846,-39173.163474,-44510.312378,-47155.044973,-69033.876061
1762668979.203846,-39133.872837,-44478.267431,-47146.268189,-69024.339318
1762668979.199846,-39077.032357,-44418.375939,-47126.814723,-69009.080529
1762668979.203846,-39099.920541,-44431.347400,-47129.485756,-69013.662636
1762668979.221528,-39154.089987,-44486.660510,-47149.702907,-69032.356143
1762668979.225528,-39193.000644,-44519.085437,-47161.526978,-69043.800235
1762668979.229558,-39151.418954,-44477.503747,-47151.610255,-69026.246667
1762668979.233558,-39102.971554,-44440.884143,-47138.638794,-69016.329944
1762668979.237558,-39115.179330,-44443.935156,-47139.022499,-69020.524621
1762668979.241558,-39174.307138,-44491.238892,-47158.859670,-69034.263492
1762668979.229558,-39204.444736,-44517.558068,-47173.734754,-69040.365517
1762668979.233558,-39172.019809,-44503.062963,-47169.540077,-69032.736123
1762668979.249710,-39100.304246,-44436.305761,-47147.795558,-69014.422596
1762668979.253710,-39099.920541,-44423.718005,-47141.309828,-69012.895226
1762668979.249710,-39164.770395,-44471.021742,-47154.281288,-69023.579359
1762668979.253710,-39209.403098,-44523.663819,-47175.262123,-69038.458169
1762668979.270230,-39156.761020,-44482.845813,-47158.859670,-69020.912051
1762668979.274230,-39078.559726,-44415.708631,-47137.495130,-68999.163806
1762668979.270230,-39089.620113,-44426.769018,-47140.546143,-69004.125893
1762668979.274230,-39144.173265,-44475.980103,-47154.281288,-69021.672010
1762668979.280340,-39178.121835,-44502.682984,-47162.290663,-69027.774036
1762668979.284340,-39124.336094,-44448.513538,-47144.744545,-69007.940590
1762668979.290832,-39067.115635,-44408.079237,-47127.194703,-68996.496499
1762668979.294832,-39070.546627,-44411.893934,-47119.949013,-68997.636437
1762668979.298832,-39118.230343,-44447.369874,-47131.393105,-69009.080529
1762668979.302832,-39143.025875,-44471.781701,-47140.166163,-69014.042616
1762668979.321110,-39116.706699,-44457.670301,-47135.587782,-69009.467959
1762668979.325110,-39049.949497,-44392.056763,-47114.606947,-68989.247084
1762668979.321110,-39061.393589,-44390.913099,-47110.792249,-68993.061781
1762668979.325110,-39121.665061,-44438.213110,-47124.527395,-69010.227919
1762668979.329739,-39162.483066,-44488.567859,-47147.795558,-69027.014077
1762668979.333739,-39121.285081,-44457.286596,-47140.546143,-69017.097354
1762668979.341572,-39062.157273,-44400.449842,-47120.712698,-69000.311196
1762668979.345572,-39077.032357,-44413.801283,-47126.814723,-69007.173181
1762668979.349572,-39133.109152,-44471.021742,-47145.888209,-69026.246667
1762668979.353572,-39174.690843,-44511.836022,-47160.003334,-69034.263492
1762668979.341572,-39128.914475,-44476.360083,-47149.702907,-69023.959339
1762668979.345572,-39078.559726,-44437.069446,-47134.824097,-69014.422596
1762668979.361741,-39085.045457,-44437.833130,-47125.671059,-69014.802575
1762668979.365741,-39120.901376,-44475.216419,-47135.207802,-69023.579359
1762668979.371816,-39149.131626,-44502.299279,-47149.322927,-69031.588733
1762668979.375816,-39126.243442,-44483.609498,-47147.415578,-69026.246667
1762668979.379817,-39059.486240,-44419.523329,-47123.380005,-69001.451135
1762668979.383816,-39063.680917,-44411.893934,-47123.380005,-69001.838565
1762668979.371816,-39114.799351,-44449.657202,-47141.309828,-69016.329944
1762668979.375816,-39154.853672,-44496.197253,-47158.859670,-69030.448794
1762668979.381899,-39109.077305,-44453.471899,-47144.744545,-69014.422596
1762668979.385899,-39045.371115,-44384.427369,-47118.805349,-68988.867104
1762668979.381899,-39058.722556,-44398.922473,-47123.380005,-68993.821740
1762668979.385899,-39120.137691,-44447.749853,-47143.980861,-69010.987878
1762668979.392021,-39148.367941,-44474.452734,-47152.753919,-69017.097354
1762668979.396021,-39098.776877,-44432.111084,-47137.495130,-69001.838565
1762668979.402084,-39045.751095,-44393.580407,-47124.143690,-68993.441761
1762668979.406084,-39055.287838,-44393.964112,-47121.472657,-68996.496499
1762668979.412166,-39110.984653,-44438.976794,-47133.300453,-69011.375308
1762668979.416166,-39150.655270,-44471.781701,-47149.702907,-69020.524621
1762668979.429906,-39116.706699,-44463.392347,-47147.031873,-69016.329944
1762668979.433906,-39056.051522,-44406.171888,-47124.907374,-68998.783827
1762668979.432442,-39072.837681,-44415.708631,-47124.527395,-69005.653262
1762668979.436442,-39122.808725,-44470.258057,-47135.587782,-69022.819400
1762668979.462711,-39164.770395,-44520.229101,-47148.175538,-69035.403430
1762668979.466711,-39113.271981,-44488.567859,-47134.444118,-69024.339318
1762668979.462711,-39049.949497,-44423.338026,-47111.175954,-69004.505873
1762668979.466711,-39064.824581,-44432.111084,-47114.606947,-69006.793201
1762668979.470711,-39120.137691,-44475.216419,-47135.971487,-69022.431970
1762668979.474711,-39155.233651,-44503.446668,-47147.795558,-69030.061364
1762668979.472738,-39101.827890,-44461.484998,-47131.009400,-69011.755288
1762668979.476737,-39043.843746,-44410.746545,-47113.843262,-68993.061781
1762668979.480738,-39050.329477,-44403.117150,-47110.792249,-68995.349109
1762668979.484738,-39097.249508,-44436.689466,-47122.620046,-69007.940590
1762668979.472738,-39120.901376,-44454.999268,-47132.156789,-69011.375308
1762668979.476737,-39093.818516,-44447.749853,-47133.300453,-69009.080529
1762668979.482960,-39028.968662,-44381.376356,-47112.699598,-68988.867104
1762668979.486960,-39032.399654,-44373.363256,-47105.070204,-68986.959755
1762668979.482960,-39085.805416,-44417.995960,-47118.421644,-68999.543786
1762668979.486960,-39125.099778,-44465.679675,-47139.022499,-69014.422596
1762668979.503142,-39083.138108,-44429.820031,-47127.194703,-68995.349109
1762668979.507142,-39028.968662,-44370.312244,-47106.977552,-68978.182971
1762668979.513258,-39054.907858,-44382.900000,-47114.990652,-68986.192346
1762668979.517258,-39114.035666,-44433.254749,-47134.444118,-69002.978504
1762668979.521258,-39146.460593,-44462.244958,-47147.415578,-69010.987878
1762668979.525258,-39089.620113,-44419.139624,-47129.865736,-68993.441761
1762668979.533412,-39048.805833,-44392.436743,-47110.792249,-68985.812366
1762668979.537412,-39068.639278,-44407.315552,-47111.175954,-68992.301822
1762668979.553613,-39123.952389,-44452.708215,-47131.009400,-69005.265832
1762668979.557613,-39149.895310,-44483.225793,-47144.360840,-69015.190005
1762668979.553613,-39122.808725,-44464.152306,-47139.022499,-69010.227919
1762668979.557613,-39069.022983,-44415.708631,-47123.763710,-68993.821740
1762668979.561613,-39076.268673,-44422.574341,-47123.380005,-69001.451135
1762668979.565613,-39127.387106,-44469.874352,-47135.971487,-69015.569985
1762668979.563681,-39168.205112,-44518.321753,-47151.610255,-69028.541446
1762668979.567681,-39116.706699,-44477.123767,-47135.207802,-69014.042616
1762668979.563681,-39048.042148,-44413.801283,-47108.884901,-68996.116519
1762668979.567681,-39073.217660,-44433.634728,-47112.319618,-69005.653262
1762668979.573811,-39134.252816,-44484.753162,-47133.300453,-69019.764662
1762668979.577811,-39159.812033,-44502.299279,-47143.600881,-69020.912051
1762668979.573811,-39099.156857,-44445.842505,-47124.527395,-68996.876478
1762668979.577811,-39044.607431,-44398.158789,-47104.690224,-68983.525038
1762668979.593944,-39048.042148,-44395.487756,-47102.782875,-68985.812366
1762668979.597944,-39102.211595,-44436.689466,-47119.565308,-68998.783827
1762668979.593944,-39134.252816,-44461.864978,-47131.773084,-69004.505873
1762668979.597944,-39099.920541,-44445.078820,-47128.722072,-68997.636437
1762668979.604039,-39031.255990,-44384.043664,-47110.412270,-68980.857730
1762668979.608039,-39051.093161,-44382.136315,-47109.648585,-68984.284997
1762668979.604039,-39104.498923,-44426.005334,-47122.620046,-68996.876478
1762668979.608039,-39142.265916,-44473.689049,-47142.073512,-69010.987878
1762668979.624140,-39088.096470,-44434.398413,-47132.536769,-69000.311196
1762668979.628140,-39025.917649,-44371.455908,-47106.977552,-68984.284997
1762668979.624140,-39048.422128,-44393.580407,-47108.121216,-68993.441761
1762668979.628140,-39102.971554,-44444.318861,-47129.485756,-69007.560611
1762668979.634290,-39139.974862,-44476.360083,-47141.693532,-69014.422596
1762668979.638290,-39086.569101,-44432.491064,-47122.236341,-68998.783827
1762668979.644316,-39043.843746,-44398.922473,-47105.833888,-68988.099694
1762668979.648316,-39057.578892,-44406.931847,-47105.070204,-68991.154432
1762668979.654387,-39106.786251,-44451.948255,-47118.041664,-69003.745914
1762668979.658387,-39125.099778,-44483.989477,-47129.102051,-69009.467959
1762668979.664481,-39085.425436,-44462.244958,-47117.657959,-69002.978504
1762668979.668481,-39046.514779,-44397.395104,-47097.824514,-68978.950381
1762668979.664481,-39049.949497,-44396.251440,-47097.060829,-68979.710340
1762668979.668481,-39099.920541,-44447.369874,-47110.792249,-68998.023868
1762668979.694771,-39125.859737,-44478.267431,-47123.000026,-69004.885852
1762668979.698771,-39075.125009,-44429.060072,-47110.792249,-68983.905017
1762668979.694771,-39021.719247,-44364.590198,-47087.904066,-68963.304162
1762668979.698771,-39050.713181,-44385.191053,-47095.533460,-68970.173597
1762668979.694771,-39100.304246,-44429.440051,-47113.843262,-68986.579776
1762668979.698771,-39124.336094,-44450.420886,-47123.000026,-68992.681801
1762668979.694771,-39071.310312,-44401.209801,-47107.361257,-68975.135684
1762668979.698771,-39020.955563,-44366.877526,-47094.009817,-68966.358900
1762668979.714904,-39032.399654,-44369.548559,-47094.389796,-68967.118859
1762668979.718904,-39085.805416,-44412.273914,-47107.361257,-68978.950381
1762668979.714904,-39111.748338,-44442.027807,-47115.370631,-68985.432386
1762668979.718904,-39072.073996,-44420.283288,-47112.699598,-68978.950381
1762668979.735286,-39016.380906,-44363.062829,-47096.677125,-68961.016834
1762668979.739286,-39030.876011,-44372.983277,-47095.533460,-68964.451551
1762668979.745413,-39092.674851,-44423.718005,-47115.750611,-68985.432386
1762668979.749413,-39130.438119,-44463.772327,-47133.680433,-68999.543786
1762668979.753413,-39077.032357,-44422.574341,-47117.277980,-68982.377648
1762668979.757413,-39014.853537,-44361.919165,-47093.246132,-68961.396813
1762668979.745413,-39040.029049,-44386.334717,-47096.677125,-68971.320987
1762668979.749413,-39098.776877,-44439.740479,-47114.990652,-68988.099694
1762668979.755540,-39135.396481,-44472.929090,-47130.249441,-68999.543786
1762668979.759540,-39081.990719,-44428.676367,-47113.463283,-68985.052407
1762668979.755540,-39036.598057,-44398.542494,-47096.297145,-68977.802992
1762668979.759540,-39064.444602,-44408.839196,-47102.399170,-68981.237710
1762668979.785757,-39112.508297,-44448.133558,-47118.805349,-68997.636437
1762668979.789757,-39144.173265,-44472.929090,-47129.485756,-69006.413221
1762668979.785757,-39107.549936,-44450.040907,-47119.949013,-68999.163806
1762668979.789757,-39048.042148,-44392.056763,-47100.111842,-68982.765079
1762668979.785757,-39054.907858,-44392.436743,-47101.639211,-68986.959755
1762668979.789757,-39107.549936,-44437.069446,-47116.134316,-69005.265832
1762668979.805891,-39132.345468,-44467.587024,-47128.342092,-69013.662636
1762668979.809891,-39085.045457,-44424.861670,-47113.083303,-68994.969130
1762668979.805891,-39023.246616,-44362.682849,-47089.047730,-68970.933557
1762668979.809891,-39045.371115,-44382.136315,-47094.009817,-68977.423012
1762668979.816021,-39113.655686,-44432.111084,-47117.657959,-68994.969130
1762668979.820021,-39142.265916,-44461.864978,-47129.102051,-69000.311196
1762668979.816021,-39084.281772,-44414.181262,-47110.028565,-68982.765079
1762668979.820021,-39033.547044,-44377.561659,-47094.389796,-68975.515664
1762668979.836214,-39055.671543,-44382.900000,-47096.297145,-68977.423012
1762668979.840214,-39112.508297,-44422.574341,-47113.083303,-68986.192346
1762668979.836214,-39138.067514,-44447.369874,-47124.527395,-68989.247084
1762668979.840214,-39103.355259,-44428.676367,-47119.565308,-68983.145058
1762668979.846331,-39053.764194,-44375.654310,-47099.348158,-68965.598941
1762668979.850331,-39065.208286,-44380.228966,-47104.690224,-68964.831531
1762668979.846331,-39127.007127,-44435.925782,-47123.380005,-68985.052407
1762668979.850331,-39161.339402,-44481.702149,-47137.115151,-69000.691175
1762668979.866531,-39099.920541,-44437.069446,-47122.236341,-68984.284997
1762668979.870531,-39049.185812,-44379.848987,-47101.639211,-68967.506289
1762668979.876636,-39074.361324,-44400.829822,-47108.884901,-68977.423012
1762668979.880636,-39127.387106,-44448.893517,-47127.194703,-68994.209170
1762668979.876636,-39145.696908,-44471.021742,-47136.351466,-69001.451135
1762668979.880636,-39086.952806,-44419.139624,-47114.606947,-68985.812366
1762668979.876636,-39053.380489,-44387.478381,-47098.204494,-68978.950381
1762668979.880636,-39056.815207,-44390.913099,-47098.968178,-68980.470300
1762668979.896746,-39102.591574,-44428.676367,-47114.990652,-68994.209170
1762668979.900746,-39123.952389,-44453.091919,-47122.620046,-68999.163806
1762668979.906843,-39077.796042,-44429.440051,-47111.935914,-68988.487124
1762668979.910843,-39024.390280,-44369.548559,-47090.955079,-68969.026208
1762668979.906843,-39038.121700,-44374.890625,-47091.718763,-68971.320987
1762668979.910843,-39097.249508,-44427.912682,-47106.977552,-68990.394473
1762668979.926951,-39120.521396,-44459.577650,-47119.949013,-68999.543786
1762668979.930951,-39064.064622,-44412.273914,-47099.731863,-68982.377648
1762668979.926951,-39006.844163,-44351.618737,-47075.316310,-68961.396813
1762668979.930951,-39035.070688,-44377.941638,-47081.038356,-68968.266249
1762668979.937063,-39084.281772,-44423.718005,-47097.060829,-68982.377648
1762668979.941063,-39111.364633,-44449.657202,-47112.699598,-68988.867104
1762668979.937063,-39064.444602,-44403.500855,-47097.060829,-68969.026208
1762668979.941063,-39033.163339,-44381.756335,-47087.524086,-68963.304162
1762668979.947141,-39054.527879,-44395.487756,-47093.246132,-68971.320987
1762668979.951141,-39105.262607,-44442.411512,-47111.175954,-68987.339735
1762668979.957237,-39144.933224,-44471.781701,-47127.578408,-68994.589150
1762668979.961237,-39109.840989,-44444.698840,-47118.805349,-68987.339735
1762668979.978688,-39051.856846,-44389.765710,-47098.968178,-68972.840905
1762668979.982688,-39065.971971,-44398.542494,-47106.213868,-68978.950381
1762668979.986329,-39125.479758,-44451.184571,-47125.671059,-68994.969130
1762668979.990329,-39150.655270,-44482.082129,-47138.638794,-69003.358483
1762668979.994329,-39086.569101,-44428.676367,-47116.134316,-68988.099694
1762668979.998329,-39021.719247,-44365.733862,-47094.009817,-68972.460926
1762668979.987072,-39049.949497,-44392.056763,-47105.833888,-68982.765079
1762668979.991071,-39110.220969,-44439.356774,-47125.671059,-68996.496499
1762668979.997309,-39128.914475,-44461.484998,-47130.249441,-69002.598524
1762668980.001309,-39057.958871,-44407.695532,-47111.175954,-68984.672427
1762668980.017513,-39022.482932,-44380.228966,-47098.584473,-68976.655602
1762668980.021513,-39038.121700,-44383.283705,-47101.255506,-68978.182971
1762668980.029667,-39089.240134,-44424.097985,-47117.657959,-68993.821740
1762668980.033667,-39117.470384,-44450.800866,-47124.527395,-68999.931216
1762668980.037667,-39062.537253,-44414.561242,-47106.977552,-68981.237710
1762668980.041667,-39017.904550,-44361.539185,-47085.616738,-68960.256875
1762668980.029667,-39033.547044,-44368.404895,-47084.473073,-68964.831531
1762668980.033667,-39086.952806,-44425.625354,-47103.926539,-68982.377648
1762668980.037712,-39122.808725,-44461.101294,-47123.763710,-68989.247084
1762668980.041712,-39075.508714,-44413.801283,-47105.833888,-68970.933557
1762668980.047792,-39022.862911,-44364.210218,-47084.853053,-68955.294788
1762668980.051792,-39058.342576,-44402.737170,-47095.533460,-68972.460926
1762668980.067984,-39119.377732,-44458.430260,-47113.843262,-68991.154432
1762668980.071984,-39138.451219,-44484.753162,-47122.236341,-68995.349109
1762668980.075984,-39080.847055,-44434.018433,-47105.453908,-68978.182971
1762668980.079984,-39046.514779,-44405.788183,-47095.917165,-68969.413638
1762668980.067984,-39059.102535,-44407.695532,-47096.677125,-68972.460926
1762668980.071984,-39107.169956,-44445.078820,-47109.648585,-68986.192346
1762668980.067984,-39133.109152,-44470.258057,-47121.472657,-68993.441761
1762668980.071984,-39088.860154,-44434.398413,-47108.884901,-68982.765079
1762668980.088170,-39031.255990,-44372.599572,-47087.524086,-68962.164223
1762668980.092170,-39037.741721,-44369.548559,-47086.760402,-68958.729506
1762668980.088170,-39088.860154,-44419.903308,-47102.399170,-68973.988295
1762668980.092170,-39113.655686,-44448.133558,-47119.185328,-68981.997669
1762668980.098249,-39054.907858,-44393.964112,-47100.111842,-68961.396813
1762668980.102249,-38996.160030,-44334.452599,-47081.802040,-68944.230676
1762668980.098249,-39022.102952,-44363.826513,-47088.667750,-68956.822157
1762668980.102249,-39069.402963,-44410.746545,-47102.399170,-68971.700966
1762668980.118403,-39095.725864,-44429.820031,-47111.935914,-68977.423012
1762668980.122403,-39046.134800,-44384.807348,-47094.389796,-68960.256875
1762668980.129997,-39008.751512,-44355.817139,-47082.565725,-68951.860070
1762668980.133997,-39029.732347,-44366.877526,-47083.709389,-68956.442177
1762668980.129997,-39077.796042,-44410.746545,-47098.204494,-68972.460926
1762668980.133997,-39110.220969,-44445.462525,-47112.319618,-68982.765079
1762668980.148636,-39062.917233,-44410.746545,-47102.782875,-68972.460926
1762668980.152636,-39007.987827,-44360.775501,-47084.853053,-68956.822157
1762668980.158683,-39032.783359,-44371.075928,-47089.811414,-68957.582116
1762668980.162683,-39092.674851,-44426.769018,-47107.741237,-68976.275623
1762668980.158683,-39120.901376,-44460.721314,-47122.620046,-68983.905017
1762668980.162683,-39061.773568,-44417.232275,-47102.782875,-68966.738880
1762668980.158683,-39017.140865,-44367.261231,-47082.565725,-68957.969546
1762668980.162683,-39056.815207,-44402.737170,-47095.533460,-68971.700966
1762668980.178862,-39109.077305,-44447.369874,-47110.028565,-68983.905017
1762668980.182862,-39129.294455,-44469.114393,-47116.898000,-68989.247084
1762668980.178862,-39061.773568,-44415.708631,-47100.491822,-68970.173597
1762668980.182862,-39015.617222,-44382.136315,-47090.955079,-68962.544203
1762668980.188907,-39028.968662,-44374.890625,-47092.102468,-68963.691592
1762668980.192907,-39080.467075,-44410.746545,-47108.504921,-68973.988295
1762668980.188907,-39099.156857,-44429.820031,-47115.370631,-68975.135684
1762668980.192907,-39047.278464,-44391.293079,-47106.977552,-68961.396813
1762668980.209084,-38991.585374,-44331.021607,-47085.616738,-68942.323327
1762668980.213084,-39006.844163,-44337.123632,-47088.287771,-68945.378065
1762668980.209084,-39067.115635,-44393.200427,-47105.070204,-68962.164223
1762668980.213084,-39104.118943,-44427.912682,-47116.514295,-68974.368274
1762668980.223787,-39050.713181,-44382.520020,-47099.348158,-68960.256875
1762668980.227787,-38993.872702,-44330.637902,-47079.510987,-68944.618106
1762668980.223787,-39028.584957,-44366.497546,-47092.862427,-68956.062198
1762668980.227787,-39082.754403,-44416.468590,-47110.028565,-68974.368274
1762668980.239383,-39109.077305,-44441.264123,-47120.328993,-68981.617689
1762668980.243383,-39051.856846,-44396.251440,-47101.639211,-68969.413638
1762668980.259522,-39025.533944,-44379.469007,-47092.482448,-68966.358900
1762668980.263522,-39047.658443,-44394.727796,-47095.917165,-68970.173597
1762668980.259522,-39103.735238,-44441.264123,-47113.843262,-68984.672427
1762668980.263522,-39123.952389,-44469.114393,-47124.527395,-68992.681801
1762668980.269598,-39081.230760,-44428.676367,-47111.555934,-68978.182971
1762668980.273598,-39036.598057,-44380.612671,-47092.102468,-68964.451551
1762668980.269598,-39055.287838,-44392.056763,-47089.431435,-68968.646228
1762668980.273598,-39105.262607,-44444.318861,-47103.926539,-68982.377648
1762668980.279685,-39123.952389,-44474.452734,-47114.990652,-68988.487124
1762668980.283685,-39059.486240,-44414.944947,-47092.102468,-68965.211511
1762668980.279685,-39005.316794,-44353.909791,-47071.121633,-68944.618106
1762668980.283685,-39033.163339,-44377.561659,-47083.325684,-68950.340152
1762668980.299888,-39080.847055,-44413.801283,-47098.968178,-68958.349526
1762668980.303888,-39094.582200,-44423.718005,-47105.833888,-68958.729506
1762668980.299888,-39025.153965,-44359.631836,-47084.853053,-68936.221302
1762668980.303888,-38992.729038,-44328.350574,-47072.645277,-68928.971887
1762668980.309951,-39012.946188,-44338.267297,-47075.696290,-68934.693933
1762668980.313951,-39070.930332,-44382.900000,-47093.246132,-68950.340152
1762668980.309951,-39090.767503,-44412.273914,-47102.399170,-68956.442177
1762668980.313951,-39041.936398,-44383.283705,-47085.233033,-68947.285414
1762668980.330140,-38986.243308,-44331.021607,-47066.543251,-68935.081363
1762668980.334140,-39005.696774,-44342.845678,-47071.501613,-68944.230676
1762668980.330140,-39070.166647,-44408.079237,-47092.482448,-68967.886269
1762668980.334140,-39110.600948,-44442.791492,-47108.884901,-68979.710340
1762668980.350317,-39055.671543,-44396.251440,-47095.153481,-68962.544203
1762668980.354317,-39002.645761,-44346.660376,-47078.751028,-68947.285414
1762668980.350317,-39044.227451,-44382.520020,-47092.102468,-68965.211511
1762668980.354317,-39098.013192,-44437.069446,-47113.463283,-68983.525038
1762668980.360417,-39122.428745,-44465.299696,-47123.000026,-68991.534412
1762668980.364417,-39070.166647,-44418.375939,-47103.546560,-68975.135684
1762668980.370504,-39050.713181,-44396.635145,-47097.060829,-68973.988295
1762668980.374504,-39069.786668,-44408.459216,-47103.546560,-68981.617689
1762668980.370504,-39119.377732,-44452.708215,-47118.421644,-68993.441761
1762668980.374504,-39144.173265,-44479.411095,-47126.051039,-68999.543786
1762668980.400751,-39082.374424,-44432.491064,-47110.792249,-68984.284997
1762668980.404751,-39031.255990,-44380.612671,-47092.482448,-68970.553577
1762668980.400751,-39058.342576,-44386.334717,-47095.917165,-68975.135684
1762668980.404751,-39126.623422,-44444.318861,-47121.472657,-68994.209170
1762668980.400751,-39138.451219,-44466.059655,-47134.824097,-69001.071155
1762668980.404751,-39070.546627,-44404.264539,-47112.699598,-68975.895643
1762668980.400751,-39019.811898,-44351.618737,-47094.009817,-68961.016834
1762668980.404751,-39052.620530,-44379.469007,-47103.162855,-68971.320987
1762668980.420946,-39109.077305,-44424.861670,-47124.143690,-68980.857730
1762668980.424946,-39122.808725,-44444.698840,-47131.393105,-68981.617689
1762668980.420946,-39064.444602,-44390.913099,-47110.792249,-68962.924182
1762668980.424946,-39032.019675,-44360.775501,-47096.297145,-68959.109485
1762668980.440572,-39053.764194,-44372.219592,-47103.162855,-68963.691592
1762668980.444572,-39097.633213,-44412.273914,-47117.277980,-68975.895643
1762668980.450708,-39127.767086,-44442.791492,-47126.434743,-68985.812366
1762668980.454708,-39079.323411,-44414.561242,-47115.370631,-68975.515664
1762668980.458709,-39036.214352,-44369.548559,-47105.070204,-68964.071572
1762668980.462708,-39059.102535,-44384.043664,-47109.268606,-68969.026208
1762668980.450708,-39127.007127,-44451.184571,-47132.156789,-68987.339735
1762668980.454708,-39152.946323,-44481.702149,-47145.508230,-68996.116519
1762668980.460767,-39088.096470,-44428.296387,-47128.342092,-68979.710340
1762668980.464767,-39039.269090,-44377.561659,-47110.412270,-68964.831531
1762668980.460767,-39072.453976,-44417.232275,-47121.092677,-68980.857730
1762668980.464767,-39137.303829,-44467.587024,-47141.693532,-68994.969130
1762668980.491091,-39167.441428,-44486.660510,-47152.373940,-68998.783827
1762668980.495091,-39105.642587,-44434.398413,-47128.722072,-68980.090320
1762668980.491091,-39064.064622,-44407.695532,-47113.463283,-68975.135684
1762668980.495091,-39080.083370,-44412.273914,-47116.134316,-68979.330361
1762668980.491091,-39125.479758,-44448.513538,-47129.485756,-68990.007043
1762668980.495091,-39132.345468,-44468.730688,-47137.878835,-68991.534412
1762668980.511271,-39070.546627,-44418.759644,-47120.712698,-68975.135684
1762668980.515271,-39020.195603,-44363.062829,-47096.677125,-68960.256875
1762668980.511271,-39033.163339,-44367.641211,-47096.297145,-68959.489465
1762668980.515271,-39088.096470,-44424.481690,-47116.514295,-68977.043033
1762668980.531420,-39107.549936,-44445.078820,-47127.578408,-68982.765079
1762668980.535420,-39039.649069,-44385.571033,-47107.741237,-68963.304162
1762668980.531420,-38982.808590,-44329.877943,-47089.811414,-68947.285414
1762668980.535420,-39018.288255,-44365.353882,-47101.639211,-68961.396813
1762668980.541462,-39089.240134,-44413.417578,-47116.898000,-68975.895643
1762668980.545462,-39102.971554,-44434.398413,-47124.527395,-68980.470300
1762668980.541462,-39044.227451,-44385.951012,-47107.741237,-68962.164223
1762668980.545462,-39013.326168,-44360.011816,-47098.968178,-68956.062198
1762668980.551535,-39035.834372,-44366.877526,-47102.399170,-68961.016834
1762668980.555535,-39080.083370,-44409.602880,-47118.805349,-68973.228335
1762668980.551535,-39105.642587,-44439.356774,-47131.009400,-68979.710340
1762668980.555535,-39060.629904,-44410.746545,-47119.185328,-68970.553577
1762668980.571684,-39018.288255,-44371.075928,-47100.491822,-68959.489465
1762668980.575684,-39049.949497,-44385.571033,-47100.491822,-68963.304162
1762668980.571684,-39115.563035,-44452.708215,-47121.856362,-68984.672427
1762668980.575684,-39135.780185,-44479.794800,-47137.115151,-68994.209170
1762668980.581758,-39074.745029,-44429.060072,-47116.514295,-68979.710340
1762668980.585758,-39033.547044,-44384.427369,-47099.731863,-68969.026208
1762668980.581758,-39068.639278,-44424.097985,-47116.134316,-68984.284997
1762668980.585758,-39120.901376,-44460.337609,-47132.536769,-68992.681801
1762668980.591864,-39125.479758,-44465.679675,-47133.300453,-68989.627063
1762668980.595864,-39057.195187,-44404.644519,-47111.935914,-68969.793618
1762668980.612002,-39020.195603,-44375.270605,-47101.639211,-68961.016834
1762668980.616002,-39035.834372,-44378.705323,-47100.875527,-68959.876895
1762668980.612002,-39083.518088,-44416.088611,-47120.328993,-68971.320987
1762668980.616002,-39100.304246,-44432.111084,-47127.578408,-68976.275623
1762668980.630678,-39043.083787,-44384.427369,-47108.504921,-68959.489465
1762668980.634678,-39003.029466,-44339.794666,-47089.431435,-68944.998085
1762668980.632430,-39023.626596,-44344.753027,-47091.338784,-68946.525455
1762668980.636430,-39090.003818,-44403.117150,-47116.514295,-68965.978920
1762668980.642493,-39101.447910,-44426.005334,-47126.434743,-68973.608315
1762668980.646493,-39038.505405,-44375.270605,-47105.070204,-68955.294788
1762668980.642493,-38998.067379,-44329.494238,-47088.667750,-68942.323327
1762668980.646493,-39040.412754,-44369.548559,-47104.306519,-68959.876895
1762668980.652622,-39091.527462,-44418.375939,-47123.380005,-68976.275623
1762668980.656622,-39107.169956,-44440.884143,-47131.009400,-68980.470300
1762668980.662721,-39049.565792,-44390.149415,-47109.268606,-68962.164223
1762668980.666721,-39023.626596,-44370.692223,-47102.782875,-68957.969546
1762668980.672799,-39046.514779,-44385.191053,-47106.977552,-68961.016834
1762668980.676799,-39099.156857,-44429.060072,-47122.620046,-68972.080946
1762668980.672799,-39120.901376,-44462.244958,-47134.064138,-68979.330361
1762668980.676799,-39063.300937,-44424.861670,-47116.898000,-68965.978920
1762668980.682904,-39021.339267,-44384.427369,-47101.639211,-68956.822157
1762668980.686904,-39052.236825,-44399.686158,-47108.504921,-68961.396813
1762668980.692978,-39117.470384,-44463.008642,-47128.342092,-68980.857730
1762668980.696978,-39122.808725,-44475.980103,-47133.680433,-68985.432386
1762668980.703085,-39051.856846,-44414.561242,-47110.792249,-68964.831531
1762668980.707085,-39008.751512,-44356.580824,-47089.431435,-68947.665393
1762668980.703085,-39050.713181,-44390.529394,-47100.111842,-68959.489465
1762668980.707085,-39093.818516,-44429.060072,-47115.750611,-68972.460926
1762668980.723299,-39102.971554,-44439.356774,-47122.236341,-68976.655602
1762668980.727299,-39029.732347,-44375.654310,-47090.195119,-68950.340152
1762668980.733520,-38993.109018,-44344.373047,-47073.788941,-68941.943347
1762668980.737520,-39011.418819,-44356.197119,-47077.223659,-68945.758045
1762668980.733520,-39059.486240,-44400.829822,-47094.009817,-68957.202137
1762668980.737520,-39078.939706,-44422.190636,-47107.741237,-68961.784244
1762668980.743632,-39035.070688,-44376.797974,-47095.153481,-68944.230676
1762668980.747632,-38991.201669,-44340.558350,-47083.325684,-68936.601281
1762668980.743632,-39022.102952,-44355.053455,-47092.862427,-68945.758045
1762668980.747632,-39090.383798,-44422.954321,-47117.657959,-68968.646228
1762668980.763766,-39105.262607,-44446.606189,-47129.485756,-68976.655602
1762668980.767766,-39045.371115,-44392.820448,-47113.083303,-68960.636854
1762668980.773895,-39002.265781,-44347.044080,-47094.769776,-68949.192762
1762668980.777895,-39051.093161,-44399.302453,-47114.606947,-68966.358900
1762668980.781895,-39111.748338,-44449.657202,-47137.878835,-68981.237710
1762668980.785895,-39126.623422,-44463.392347,-47148.939222,-68985.052407
1762668980.773895,-39067.115635,-44413.801283,-47135.587782,-68970.933557
1762668980.777895,-39044.991136,-44397.015125,-47128.342092,-68967.118859
1762668980.794024,-39069.402963,-44413.037598,-47127.578408,-68972.080946
1762668980.798024,-39124.716073,-44464.152306,-47148.175538,-68985.812366
1762668980.794024,-39141.882211,-44494.289905,-47157.332301,-68996.116519
1762668980.798024,-39091.147482,-44445.842505,-47140.166163,-68977.802992
1762668980.819965,-39041.936398,-44394.727796,-47118.805349,-68962.544203
1762668980.823965,-39064.824581,-44402.737170,-47118.041664,-68967.118859
1762668980.826792,-39129.674435,-44467.587024,-47142.073512,-68988.487124
1762668980.830792,-39139.594883,-44482.465833,-47150.846571,-68993.821740
1762668980.834792,-39067.115635,-44417.995960,-47129.102051,-68973.608315
1762668980.838792,-39014.853537,-44367.641211,-47106.213868,-68956.822157
1762668980.836622,-39059.866220,-44404.264539,-47116.514295,-68968.266249
1762668980.840622,-39106.026292,-44442.411512,-47129.102051,-68978.562951
1762668980.836622,-39107.549936,-44457.286596,-47132.156789,-68983.145058
1762668980.840622,-39053.764194,-44405.788183,-47119.185328,-68968.266249
1762668980.856635,-39022.862911,-44369.932264,-47103.162855,-68956.442177
1762668980.860635,-39053.000510,-44385.571033,-47105.833888,-68961.396813
1762668980.866736,-39098.776877,-44423.718005,-47119.565308,-68973.608315
1762668980.870736,-39115.563035,-44449.657202,-47131.773084,-68981.237710
1762668980.866736,-39050.713181,-44404.644519,-47118.805349,-68968.266249
1762668980.870736,-39009.511471,-44359.631836,-47101.255506,-68953.387439
1762668980.866736,-39046.514779,-44380.228966,-47111.175954,-68962.924182
1762668980.870736,-39124.336094,-44451.948255,-47138.258815,-68983.145058
1762668980.886754,-39137.303829,-44468.730688,-47146.268189,-68987.339735
1762668980.890754,-39072.073996,-44414.181262,-47136.731446,-68973.228335
1762668980.887996,-39031.255990,-44374.506921,-47121.472657,-68963.304162
1762668980.891996,-39083.518088,-44423.338026,-47132.156789,-68980.470300
1762668980.901942,-39139.974862,-44476.360083,-47153.517604,-68999.163806
1762668980.905942,-39148.747921,-44488.567859,-47165.341675,-69003.745914
1762668980.903688,-39093.818516,-44435.542077,-47146.651894,-68985.432386
1762668980.907688,-39061.393589,-44412.653893,-47134.064138,-68977.423012
1762668980.916057,-39094.198495,-44437.449425,-47137.878835,-68984.284997
1762668980.920057,-39149.131626,-44489.331543,-47156.568617,-69000.691175
1762668980.918067,-39165.914059,-44509.928674,-47165.341675,-69008.320570
1762668980.922067,-39106.406271,-44466.823339,-47151.990235,-68993.441761
1762668980.932316,-39068.259299,-44427.912682,-47135.971487,-68982.377648
1762668980.936316,-39085.425436,-44438.596815,-47135.971487,-68984.672427
1762668980.933312,-39151.802659,-44496.960938,-47154.281288,-68998.023868
1762668980.937312,-39157.141000,-44500.011951,-47155.044973,-68995.349109
1762668980.941813,-39072.453976,-44428.296387,-47130.629420,-68967.506289
1762668980.945813,-39026.297629,-44382.136315,-47110.792249,-68952.627480
1762668980.962264,-39071.310312,-44420.666993,-47120.712698,-68966.738880
1762668980.966264,-39116.706699,-44458.430260,-47134.444118,-68978.562951
1762668980.976692,-39119.757712,-44462.628663,-47139.786184,-68980.470300
1762668980.980692,-39056.051522,-44411.130250,-47123.380005,-68963.691592
1762668980.984692,-39022.102952,-44381.756335,-47111.175954,-68954.914808
1762668980.988692,-39045.751095,-44394.727796,-47113.843262,-68960.636854
1762668980.977691,-39100.304246,-44440.120459,-47126.814723,-68975.515664
1762668980.981691,-39126.623422,-44461.101294,-47133.680433,-68978.950381
1762668980.991441,-39071.310312,-44415.324926,-47120.712698,-68964.831531
1762668980.995441,-39030.112326,-44376.034290,-47106.597573,-68953.387439
1762668980.996620,-39059.486240,-44391.673058,-47109.268606,-68959.109485
1762668981.000620,-39124.716073,-44463.008642,-47132.536769,-68981.237710
1762668981.009065,-39134.252816,-44473.309070,-47137.878835,-68982.377648
1762668981.013065,-39060.629904,-44406.931847,-47119.565308,-68963.691592
1762668981.009065,-39028.968662,-44370.312244,-47106.977552,-68953.767419
1762668981.013065,-39087.332785,-44417.615980,-47123.380005,-68971.320987
1762668981.019767,-39132.345468,-44460.337609,-47142.453492,-68984.284997
1762668981.023767,-39143.025875,-44465.679675,-47153.517604,-68986.959755
1762668981.019767,-39077.032357,-44410.746545,-47126.434743,-68967.118859
1762668981.023767,-39044.227451,-44391.293079,-47113.083303,-68961.016834
1762668981.031106,-39073.217660,-44410.746545,-47121.092677,-68970.553577
1762668981.035106,-39116.706699,-44450.040907,-47135.971487,-68980.090320
1762668981.031106,-39130.821824,-44471.401721,-47145.508230,-68986.192346
1762668981.035106,-39070.930332,-44421.430677,-47131.393105,-68971.320987
1762668981.050210,-39019.431919,-44377.561659,-47109.268606,-68956.442177
1762668981.054210,-39051.856846,-44390.529394,-47111.175954,-68960.256875
1762668981.060273,-39118.614048,-44456.906617,-47139.402479,-68980.090320
1762668981.064273,-39114.799351,-44467.207044,-47143.980861,-68979.330361
1762668981.068274,-39036.978036,-44401.209801,-47115.370631,-68957.202137
1762668981.072273,-38998.451084,-44359.248132,-47095.153481,-68946.138024
1762668981.080446,-39048.422128,-44404.644519,-47111.935914,-68962.164223
1762668981.084446,-39089.240134,-44441.647828,-47128.342092,-68974.368274
1762668981.080446,-39094.198495,-44443.171471,-47126.814723,-68973.988295
1762668981.084446,-39028.204978,-44393.580407,-47107.361257,-68954.914808
1762668981.100578,-39008.751512,-44364.590198,-47097.440809,-68946.525455
1762668981.104578,-39044.991136,-44385.951012,-47105.453908,-68953.007460
1762668981.110685,-39094.582200,-44430.583715,-47126.051039,-68967.506289
1762668981.114685,-39107.933640,-44454.235584,-47137.115151,-68976.275623
1762668981.118685,-39049.565792,-44407.695532,-47122.236341,-68962.924182
1762668981.122685,-39013.326168,-44369.168580,-47104.690224,-68954.154849
1762668981.110685,-39037.361741,-44379.469007,-47110.412270,-68960.256875
1762668981.114685,-39103.735238,-44448.893517,-47135.971487,-68979.710340
1762668981.120750,-39107.169956,-44454.235584,-47139.022499,-68977.423012
1762668981.124750,-39035.454392,-44389.765710,-47115.370631,-68955.294788
1762668981.120750,-39014.089853,-44359.248132,-47106.597573,-68948.045373
1762668981.124750,-39052.236825,-44403.500855,-47119.185328,-68964.451551
1762668981.141433,-39105.642587,-44445.842505,-47132.536769,-68976.655602
1762668981.145432,-39105.642587,-44450.420886,-47134.824097,-68976.275623
1762668981.141433,-39030.112326,-44390.149415,-47113.083303,-68955.674767
1762668981.145432,-39001.882076,-44367.641211,-47103.546560,-68949.192762
1762668981.151515,-39025.153965,-44382.900000,-47106.597573,-68954.154849
1762668981.155515,-39074.361324,-44425.625354,-47122.236341,-68967.118859
1762668981.151515,-39090.767503,-44450.040907,-47131.773084,-68971.320987
1762668981.155515,-39021.719247,-44393.580407,-47112.319618,-68951.480091
1762668981.171659,-38990.821689,-44352.002442,-47095.917165,-68940.415978
1762668981.175659,-39021.719247,-44369.932264,-47102.019191,-68946.525455
1762668981.171659,-39094.198495,-44436.689466,-47124.527395,-68967.506289
1762668981.175659,-39096.489549,-44444.698840,-47133.300453,-68968.646228
1762668981.191851,-39032.783359,-44385.191053,-47116.898000,-68951.100111
1762668981.195851,-38994.252682,-44348.187745,-47097.824514,-68937.748671
1762668981.201876,-39038.885385,-44390.529394,-47104.306519,-68949.572742
1762668981.205876,-39090.383798,-44429.820031,-47117.657959,-68962.164223
1762668981.203452,-39091.147482,-44438.596815,-47123.000026,-68964.071572
1762668981.207452,-39024.010301,-44389.005750,-47103.546560,-68948.812783
1762668981.214478,-38994.252682,-44360.011816,-47093.246132,-68941.943347
1762668981.218478,-39044.227451,-44387.478381,-47105.453908,-68950.720131
1762668981.214478,-39097.633213,-44433.634728,-47126.434743,-68965.211511
1762668981.218478,-39115.179330,-44461.864978,-47141.693532,-68974.368274
1762668981.240640,-39063.680917,-44410.746545,-47129.865736,-68957.582116
1762668981.244640,-39028.204978,-44377.177954,-47110.028565,-68946.905434
1762668981.240640,-39058.342576,-44399.686158,-47112.699598,-68954.154849
1762668981.244640,-39115.943015,-44466.443360,-47135.207802,-68977.423012
1762668981.248640,-39115.563035,-44474.452734,-47141.693532,-68979.330361
1762668981.252640,-39046.134800,-44411.130250,-47121.856362,-68958.729506
1762668981.240640,-39003.789425,-44367.261231,-47100.875527,-68947.665393
1762668981.244640,-39048.805833,-44405.788183,-47116.134316,-68962.164223
1762668981.260805,-39098.013192,-44445.078820,-47130.629420,-68973.228335
1762668981.264805,-39096.869528,-44446.226209,-47128.342092,-68969.413638
1762668981.260805,-39020.955563,-44386.714697,-47109.268606,-68947.285414
1762668981.264805,-38998.831064,-44366.877526,-47100.875527,-68941.183388
1762668981.270877,-39027.824998,-44381.756335,-47104.690224,-68945.758045
1762668981.274877,-39075.508714,-44421.046972,-47122.236341,-68954.914808
1762668981.270877,-39083.518088,-44434.782118,-47121.856362,-68954.914808
1762668981.274877,-39015.997201,-44376.414269,-47101.255506,-68934.313953
1762668981.291427,-38987.006992,-44341.702014,-47087.524086,-68921.342492
1762668981.295427,-39017.140865,-44358.488172,-47090.955079,-68927.064538
1762668981.301504,-39081.990719,-44426.005334,-47114.226967,-68947.665393
1762668981.305504,-39078.559726,-44429.060072,-47114.606947,-68944.230676
1762668981.309504,-39011.802524,-44368.404895,-47093.246132,-68921.729922
1762668981.313504,-38974.799216,-44332.928956,-47077.223659,-68909.898400
1762668981.321663,-39032.783359,-44382.900000,-47093.246132,-68924.397230
1762668981.325663,-39103.355259,-44428.296387,-47113.463283,-68940.415978
1762668981.331736,-39101.827890,-44434.398413,-47120.328993,-68944.998085
1762668981.335736,-39034.690708,-44382.136315,-47104.306519,-68930.879235
1762668981.339736,-39004.173130,-44357.724488,-47095.533460,-68925.544620
1762668981.343736,-39046.134800,-44382.520020,-47106.977552,-68937.748671
1762668981.331736,-39106.786251,-44427.532703,-47122.236341,-68955.674767
1762668981.335736,-39111.364633,-44447.369874,-47127.194703,-68962.544203
1762668981.341799,-39039.649069,-44391.673058,-47106.213868,-68945.758045
1762668981.345799,-39002.265781,-44353.526086,-47094.769776,-68935.081363
1762668981.351876,-39028.584957,-44371.075928,-47103.546560,-68939.656019
1762668981.355876,-39091.147482,-44438.213110,-47130.249441,-68961.784244
1762668981.361907,-39088.096470,-44436.689466,-47132.916749,-68961.784244
1762668981.365907,-39014.473557,-44374.126941,-47109.648585,-68942.323327
1762668981.361907,-38983.955979,-44342.081994,-47094.009817,-68934.693933
1762668981.365907,-39024.010301,-44383.283705,-47106.213868,-68949.192762
1762668981.372030,-39083.898067,-44424.861670,-47122.236341,-68958.729506
1762668981.376030,-39075.125009,-44425.245374,-47119.565308,-68954.534829
1762668981.382087,-38999.594748,-44366.497546,-47094.009817,-68930.879235
1762668981.386087,-38986.623287,-44352.002442,-47085.996717,-68929.359317
1762668981.392152,-39026.677608,-44378.705323,-47092.862427,-68937.368691
1762668981.396152,-39073.601365,-44417.995960,-47107.361257,-68949.952722
1762668981.392152,-39081.990719,-44438.213110,-47116.134316,-68956.442177
1762668981.396152,-39013.326168,-44381.376356,-47094.769776,-68934.693933
1762668981.402255,-38987.770677,-44349.711388,-47079.894692,-68926.304579
1762668981.406255,-39025.533944,-44371.075928,-47089.811414,-68934.313953
1762668981.412555,-39093.818516,-44442.411512,-47111.935914,-68954.914808
1762668981.416555,-39092.674851,-44446.226209,-47116.514295,-68953.007460
1762668981.422649,-39022.102952,-44380.228966,-47094.389796,-68929.739296
1762668981.426649,-38997.687399,-44348.187745,-47081.418335,-68919.822574
1762668981.432770,-39051.856846,-44394.344091,-47102.019191,-68938.508630
1762668981.436770,-39103.355259,-44438.596815,-47121.856362,-68952.247500
1762668981.442787,-39107.169956,-44437.449425,-47120.712698,-68949.572742
1762668981.446787,-39038.121700,-44382.900000,-47098.584473,-68934.313953
1762668981.453285,-39003.789425,-44352.002442,-47086.760402,-68928.211927
1762668981.457284,-39031.639695,-44368.404895,-47094.769776,-68930.119276
1762668981.453285,-39080.083370,-44407.315552,-47108.504921,-68936.221302
1762668981.457284,-39086.952806,-44422.954321,-47118.041664,-68939.656019
1762668981.463550,-39015.233517,-44365.733862,-47098.584473,-68924.397230
1762668981.467550,-38988.914341,-44335.216284,-47088.667750,-68920.582533
1762668981.471550,-39019.431919,-44356.960803,-47094.769776,-68929.359317
1762668981.475550,-39075.888693,-44421.810657,-47115.750611,-68951.100111
1762668981.483768,-39073.217660,-44422.954321,-47120.328993,-68949.192762
1762668981.487767,-38997.687399,-44356.580824,-47098.204494,-68926.304579
1762668981.483768,-38972.128183,-44326.443225,-47082.182020,-68919.822574
1762668981.487767,-39023.626596,-44378.321618,-47096.297145,-68936.221302
1762668981.493875,-39073.981345,-44422.574341,-47110.792249,-68946.138024
1762668981.497875,-39071.310312,-44419.903308,-47111.175954,-68940.035999
1762668981.493875,-39011.038840,-44371.455908,-47091.338784,-68924.017251
1762668981.497875,-38996.923715,-44360.011816,-47084.853053,-68924.017251
1762668981.524107,-39040.412754,-44391.293079,-47095.917165,-68933.933973
1762668981.528106,-39088.096470,-44430.203736,-47108.504921,-68943.090737
1762668981.531678,-39097.633213,-44446.606189,-47115.750611,-68946.905434
1762668981.535678,-39032.783359,-44389.765710,-47098.204494,-68927.831948
1762668981.539678,-39006.460458,-44359.631836,-47087.904066,-68918.675184
1762668981.543678,-39033.927023,-44377.561659,-47092.482448,-68919.822574
1762668981.531678,-39104.878902,-44444.318861,-47113.083303,-68939.276040
1762668981.535678,-39101.064205,-44443.171471,-47115.370631,-68936.988711
1762668981.546582,-39026.297629,-44380.228966,-47088.667750,-68914.100528
1762668981.550582,-39004.936814,-44359.248132,-47082.182020,-68911.425769
1762668981.564447,-39064.064622,-44412.273914,-47102.019191,-68932.786584
1762668981.568447,-39112.508297,-44457.670301,-47118.805349,-68948.045373
1762668981.574507,-39093.054831,-44454.999268,-47121.092677,-68948.045373
1762668981.578507,-39021.719247,-44401.593506,-47104.690224,-68931.266665
1762668981.582507,-39009.131491,-44381.376356,-47094.009817,-68929.739296
1762668981.586507,-39045.371115,-44407.695532,-47103.162855,-68944.230676
1762668981.574507,-39091.911167,-44440.504164,-47118.041664,-68955.294788
1762668981.578507,-39104.118943,-44460.337609,-47127.958387,-68963.304162
1762668981.584816,-39030.876011,-44399.302453,-47106.597573,-68941.183388
1762668981.588815,-39000.738412,-44370.312244,-47094.389796,-68932.026625
1762668981.584816,-39030.112326,-44392.436743,-47098.968178,-68937.368691
1762668981.588815,-39094.962180,-44457.670301,-47116.514295,-68953.767419
1762668981.613305,-39089.240134,-44456.522912,-47116.134316,-68951.860070
1762668981.617305,-39019.811898,-44394.344091,-47097.440809,-68934.693933
1762668981.614644,-38986.243308,-44363.062829,-47082.945704,-68927.451968
1762668981.618644,-39031.639695,-44406.931847,-47093.626112,-68943.090737
1762668981.621343,-39091.911167,-44447.369874,-47113.083303,-68953.007460
1762668981.625343,-39087.712765,-44442.791492,-47114.990652,-68946.525455
1762668981.622344,-39020.195603,-44389.765710,-47097.060829,-68930.119276
1762668981.626343,-39004.173130,-44376.414269,-47091.718763,-68927.831948
1762668981.636935,-39041.176438,-44399.686158,-47099.731863,-68934.313953
1762668981.640935,-39085.805416,-44438.596815,-47116.134316,-68946.525455
1762668981.638339,-39088.096470,-44453.091919,-47121.856362,-68950.340152
1762668981.642339,-39014.853537,-44387.858361,-47097.824514,-68928.591907
1762668981.657337,-38998.451084,-44367.641211,-47096.677125,-68926.684558
1762668981.661337,-39043.843746,-44397.015125,-47107.741237,-68940.803409
1762668981.665368,-39097.249508,-44460.721314,-47130.249441,-68961.396813
1762668981.669368,-39078.559726,-44451.184571,-47131.773084,-68958.349526
1762668981.665368,-39007.604122,-44390.149415,-47108.504921,-68941.563368
1762668981.669368,-38988.150656,-44365.353882,-47103.926539,-68936.601281
1762668981.681270,-39047.278464,-44409.222901,-47125.671059,-68951.480091
1762668981.685270,-39104.498923,-44453.855604,-47143.217176,-68964.451551
1762668981.681270,-39093.434811,-44450.420886,-47145.508230,-68965.978920
1762668981.685270,-39032.399654,-44401.973486,-47131.773084,-68954.154849
1762668981.696979,-39004.553109,-44378.705323,-47124.143690,-68948.045373
1762668981.700979,-39046.134800,-44405.024499,-47133.680433,-68954.914808
1762668981.697943,-39098.776877,-44442.027807,-47147.795558,-68965.978920
1762668981.701943,-39103.735238,-44452.708215,-47154.281288,-68970.553577
1762668981.713298,-39041.176438,-44393.580407,-47135.587782,-68951.100111
1762668981.717298,-39015.233517,-44366.497546,-47123.000026,-68946.138024
1762668981.725685,-39055.287838,-44394.344091,-47128.722072,-68956.822157
1762668981.729685,-39118.614048,-44464.152306,-47155.424953,-68979.710340
1762668981.733685,-39103.355259,-44457.670301,-47155.424953,-68974.748254
1762668981.737685,-39034.307003,-44396.251440,-47135.207802,-68954.534829
1762668981.725685,-39019.048214,-44369.932264,-47124.527395,-68948.045373
1762668981.729685,-39067.115635,-44413.801283,-47137.495130,-68961.016834
1762668981.741036,-39113.655686,-44453.855604,-47153.137624,-68973.988295
1762668981.745036,-39104.498923,-44447.369874,-47146.651894,-68970.553577
1762668981.746001,-39041.936398,-44394.727796,-47124.527395,-68953.387439
1762668981.750001,-39016.760886,-44372.599572,-47118.041664,-68946.525455
1762668981.752147,-39052.236825,-44395.487756,-47126.434743,-68953.007460
1762668981.756147,-39095.725864,-44432.111084,-47139.022499,-68963.304162
1762668981.752147,-39090.767503,-44449.657202,-47151.610255,-68968.266249
1762668981.756147,-39027.441293,-44392.056763,-47132.536769,-68948.432803
1762668981.770410,-38999.214768,-44362.302870,-47119.185328,-68938.508630
1762668981.774410,-39033.547044,-44388.242066,-47125.671059,-68945.378065
1762668981.786763,-39108.693600,-44462.628663,-47154.281288,-68970.933557
1762668981.790763,-39091.147482,-44453.471899,-47150.466591,-68969.026208
1762668981.786763,-39021.719247,-44390.913099,-47124.907374,-68948.045373
1762668981.790763,-39005.696774,-44374.506921,-47121.856362,-68943.470716
1762668981.801799,-39047.658443,-44417.232275,-47138.638794,-68956.062198
1762668981.805799,-39109.840989,-44469.114393,-47160.383314,-68970.933557
1762668981.801799,-39106.406271,-44458.813965,-47161.146998,-68965.598941
1762668981.805799,-39047.278464,-44404.644519,-47139.022499,-68948.045373
1762668981.816673,-39031.639695,-44384.807348,-47137.878835,-68945.758045
1762668981.820673,-39068.259299,-44411.893934,-47143.980861,-68954.154849
1762668981.818176,-39111.748338,-44445.842505,-47151.990235,-68962.544203
1762668981.822176,-39112.892002,-44457.670301,-47161.910683,-68967.118859
1762668981.829827,-39041.176438,-44393.580407,-47141.693532,-68949.572742
1762668981.833827,-39015.233517,-44365.353882,-47126.051039,-68943.090737
1762668981.831997,-39054.907858,-44391.293079,-47131.009400,-68951.100111
1762668981.835997,-39118.230343,-44454.615563,-47153.897583,-68970.173597
1762668981.849203,-39092.674851,-44439.740479,-47148.175538,-68962.544203
1762668981.853203,-39014.473557,-44367.641211,-47121.092677,-68936.221302
1762668981.860546,-38997.687399,-44344.373047,-47107.741237,-68928.211927
1762668981.864546,-39036.978036,-44385.571033,-47118.805349,-68942.323327
1762668981.868546,-39077.416062,-44421.430677,-47129.485756,-68949.572742
1762668981.872546,-39063.300937,-44407.695532,-47126.434743,-68945.378065
1762668981.860546,-39004.936814,-44357.340783,-47106.977552,-68927.831948
1762668981.864546,-38983.192295,-44343.609363,-47103.926539,-68927.064538
1762668981.870719,-39020.195603,-44371.455908,-47112.699598,-68940.035999
1762668981.874719,-39059.486240,-44413.417578,-47120.712698,-68949.192762
1762668981.870719,-39061.393589,-44423.718005,-47127.578408,-68950.340152
1762668981.874719,-39010.275155,-44360.011816,-47110.028565,-68930.879235
1762668981.891297,-38991.585374,-44344.753027,-47101.255506,-68928.971887
1762668981.895297,-39032.783359,-44384.043664,-47114.990652,-68941.183388
1762668981.905775,-39102.591574,-44459.193945,-47144.360840,-68969.026208
1762668981.909775,-39089.620113,-44457.286596,-47143.217176,-68965.978920
1762668981.905775,-39017.524570,-44397.395104,-47122.620046,-68949.192762
1762668981.909775,-39006.080478,-44380.992651,-47115.370631,-68946.905434
1762668981.912934,-39056.051522,-44419.903308,-47130.629420,-68960.256875
1762668981.916934,-39113.271981,-44462.628663,-47154.281288,-68973.988295
1762668981.922623,-39101.064205,-44442.411512,-47147.031873,-68962.924182
1762668981.926623,-39033.927023,-44382.520020,-47125.671059,-68941.943347
1762668981.943571,-39020.195603,-44362.302870,-47123.380005,-68935.081363
1762668981.947571,-39060.629904,-44389.005750,-47129.865736,-68941.563368
1762668981.950975,-39099.156857,-44420.666993,-47141.309828,-68953.767419
1762668981.954975,-39088.096470,-44428.676367,-47148.175538,-68955.294788
1762668981.958975,-39007.987827,-44358.488172,-47121.092677,-68930.499256
1762668981.962975,-38987.386972,-44330.637902,-47106.977552,-68922.109902
1762668981.952690,-39021.339267,-44355.433434,-47113.463283,-68929.359317
1762668981.956690,-39078.559726,-44419.523329,-47139.022499,-68946.525455
1762668981.966081,-39052.236825,-44409.986585,-47133.300453,-68940.803409
1762668981.970081,-38989.678025,-44346.280396,-47106.977552,-68919.435143
1762668981.966081,-38979.757577,-44329.494238,-47104.306519,-68918.675184
1762668981.970081,-39038.505405,-44379.848987,-47123.000026,-68936.988711
1762668981.988653,-39090.003818,-44424.481690,-47136.731446,-68947.285414
1762668981.992653,-39062.157273,-44406.171888,-47129.865736,-68936.221302
1762668981.996743,-38998.451084,-44360.395521,-47110.792249,-68922.109902
1762668982.000743,-38990.821689,-44354.289770,-47103.162855,-68921.729922
1762668982.004743,-39033.547044,-44386.714697,-47113.843262,-68932.026625
1762668982.008743,-39081.990719,-44429.820031,-47133.680433,-68947.285414
1762668981.996743,-39082.754403,-44454.235584,-47140.166163,-68953.767419
1762668982.000743,-39011.038840,-44397.015125,-47116.514295,-68936.988711
1762668982.013181,-39004.553109,-44381.376356,-47113.843262,-68935.081363
1762668982.017181,-39053.764194,-44418.759644,-47129.485756,-68947.285414
1762668982.035221,-39122.808725,-44491.238892,-47154.661268,-68969.793618
1762668982.039221,-39110.220969,-44479.031116,-47157.712281,-68967.886269
1762668982.041308,-39043.463767,-44407.315552,-47139.022499,-68946.905434
1762668982.045308,-39030.876011,-44383.663684,-47131.773084,-68941.943347
1762668982.055908,-39079.703391,-44419.523329,-47147.031873,-68954.914808
1762668982.059908,-39125.859737,-44457.286596,-47163.054347,-68967.118859
1762668982.057082,-39103.355259,-44439.740479,-47153.517604,-68958.349526
1762668982.061082,-39026.297629,-44379.085302,-47129.102051,-68938.896060
1762668982.058272,-38992.729038,-44353.526086,-47114.606947,-68932.406604
1762668982.062272,-39027.824998,-44379.085302,-47124.143690,-68939.656019
1762668982.066272,-39077.796042,-44419.903308,-47135.971487,-68951.100111
1762668982.070272,-39072.073996,-44420.666993,-47135.587782,-68947.665393
1762668982.072399,-38993.109018,-44350.858778,-47108.121216,-68927.831948
1762668982.076399,-38975.562900,-44323.772192,-47094.389796,-68918.675184
1762668982.084553,-39006.844163,-44342.081994,-47100.111842,-68923.249841
1762668982.088553,-39075.508714,-44422.574341,-47129.865736,-68948.045373
1762668982.087764,-39057.578892,-44409.986585,-47126.814723,-68938.508630
1762668982.091764,-38987.770677,-44342.465699,-47097.060829,-68915.620446
1762668982.087764,-38982.808590,-44329.494238,-47090.195119,-68915.240467
1762668982.091764,-39031.639695,-44381.376356,-47111.175954,-68934.313953
1762668982.092805,-39080.847055,-44428.296387,-47129.102051,-68946.905434
1762668982.096805,-39061.009884,-44419.523329,-47129.485756,-68941.563368
1762668982.102071,-39008.367807,-44380.612671,-47114.990652,-68930.499256
1762668982.106071,-39001.882076,-44370.312244,-47103.926539,-68926.684558
1762668982.116370,-39049.949497,-44403.500855,-47118.041664,-68935.081363
1762668982.120370,-39101.827890,-44447.369874,-47135.587782,-68948.432803
1762668982.119806,-39101.064205,-44466.443360,-47142.837197,-68953.387439
1762668982.123806,-39025.533944,-44403.117150,-47117.657959,-68928.971887
1762668982.136078,-39011.418819,-44381.756335,-47110.028565,-68920.582533
1762668982.140078,-39049.565792,-44410.366565,-47121.092677,-68932.026625
1762668982.142927,-39110.220969,-44470.258057,-47143.980861,-68954.534829
1762668982.146927,-39084.281772,-44443.555176,-47138.258815,-68943.470716
1762668982.142927,-38999.974728,-44366.117567,-47108.504921,-68918.295205
1762668982.146927,-38983.955979,-44350.095093,-47098.204494,-68912.573159
1762668982.161617,-39035.834372,-44385.951012,-47110.792249,-68924.017251
1762668982.165617,-39075.125009,-44421.810657,-47125.287354,-68936.221302
1762668982.163661,-39051.856846,-44400.829822,-47118.805349,-68927.831948
1762668982.167661,-38995.780051,-44350.095093,-47100.875527,-68911.805749
1762668982.175756,-38977.086544,-44327.586889,-47094.009817,-68907.231092
1762668982.179756,-39013.709873,-44355.817139,-47103.926539,-68915.620446
1762668982.175756,-39065.208286,-44395.487756,-47117.657959,-68927.064538
1762668982.179756,-39059.102535,-44398.158789,-47114.990652,-68927.831948
1762668982.191746,-38985.099643,-44333.692640,-47092.102468,-68905.323744
1762668982.195746,-38973.271847,-44317.286462,-47083.709389,-68901.129067
1762668982.192757,-39019.811898,-44349.711388,-47097.824514,-68914.480507
1762668982.196757,-39078.939706,-44416.088611,-47123.380005,-68937.368691
1762668982.206785,-39060.249925,-44405.024499,-47118.421644,-68931.646645
1762668982.210785,-38985.863328,-44341.322035,-47093.246132,-68911.425769
1762668982.206785,-38977.086544,-44335.216284,-47088.287771,-68914.100528
1762668982.210785,-39034.307003,-44387.858361,-47106.213868,-68933.933973
1762668982.223440,-39098.396897,-44433.634728,-47133.300453,-68948.432803
1762668982.227440,-39081.610739,-44425.625354,-47136.731446,-68942.323327
1762668982.235207,-39030.876011,-44391.293079,-47117.277980,-68930.119276
1762668982.239207,-39020.195603,-44382.520020,-47114.226967,-68932.786584
1762668982.243207,-39064.444602,-44414.944947,-47127.578408,-68948.045373
1762668982.247207,-39111.364633,-44457.286596,-47144.360840,-68959.876895
1762668982.235207,-39106.786251,-44466.823339,-47148.939222,-68961.016834
1762668982.239207,-39037.361741,-44403.500855,-47124.907374,-68939.656019
1762668982.249252,-39019.048214,-44379.848987,-47114.606947,-68936.988711
1762668982.253252,-39057.195187,-44402.737170,-47124.527395,-68946.138024
1762668982.276870,-39110.600948,-44459.577650,-47145.508230,-68963.691592
1762668982.280870,-39074.361324,-44427.912682,-47135.587782,-68950.340152
1762668982.279189,-38993.492723,-44355.433434,-47106.977552,-68923.637271
1762668982.283189,-38986.623287,-44342.081994,-47099.348158,-68919.822574
1762668982.287189,-39025.153965,-44378.321618,-47109.648585,-68934.313953
1762668982.291189,-39072.837681,-44421.430677,-47124.143690,-68948.045373
1762668982.285578,-39053.380489,-44403.880835,-47117.277980,-68940.803409
1762668982.289578,-38985.099643,-44355.433434,-47096.677125,-68924.777210
1762668982.295695,-38970.984519,-44335.979968,-47088.287771,-68919.822574
1762668982.299695,-39020.575583,-44373.363256,-47105.070204,-68935.461342
1762668982.295695,-39063.300937,-44409.222901,-47121.472657,-68945.758045
1762668982.299695,-39052.620530,-44414.561242,-47127.194703,-68946.905434
1762668982.315865,-38984.335959,-44351.618737,-47102.782875,-68926.684558
1762668982.319865,-38974.419236,-44339.794666,-47094.009817,-68922.489882
1762668982.325971,-39017.140865,-44376.034290,-47107.741237,-68933.553994
1762668982.329971,-39080.467075,-44440.884143,-47131.773084,-68957.582116
1762668982.325971,-39065.208286,-44427.152723,-47129.485756,-68952.247500
1762668982.329971,-38998.067379,-44364.590198,-47108.504921,-68931.266665
1762668982.325971,-38998.067379,-44360.395521,-47107.361257,-68929.739296
1762668982.329971,-39050.329477,-44399.686158,-47123.763710,-68941.183388
1762668982.341244,-39099.540561,-44440.504164,-47144.744545,-68953.007460
1762668982.345244,-39064.064622,-44412.273914,-47137.115151,-68940.415978
1762668982.341244,-39002.645761,-44369.168580,-47119.185328,-68927.064538
1762668982.345244,-39003.409445,-44359.631836,-47116.898000,-68925.544620
1762668982.364962,-39037.361741,-44384.043664,-47125.671059,-68932.786584
1762668982.368962,-39081.230760,-44415.708631,-47134.444118,-68942.710757
1762668982.370234,-39067.495614,-44416.468590,-47135.207802,-68944.230676
1762668982.374234,-38987.006992,-44343.229383,-47110.028565,-68915.620446
1762668982.370676,-38970.604539,-44321.864843,-47102.399170,-68909.898400
1762668982.374676,-39006.844163,-44356.197119,-47109.648585,-68922.109902
1762668982.381468,-39063.300937,-44420.283288,-47132.536769,-68939.276040
1762668982.385468,-39040.412754,-44397.778809,-47126.051039,-68929.359317
1762668982.387237,-38966.789842,-44332.545251,-47100.875527,-68907.991052
1762668982.391237,-38965.642452,-44323.008507,-47095.153481,-68908.758461
1762668982.399939,-39019.048214,-44366.117567,-47109.648585,-68922.109902
1762668982.403939,-39061.009884,-44410.746545,-47126.814723,-68932.026625
1762668982.406265,-39040.029049,-44392.056763,-47121.856362,-68921.342492
1762668982.410265,-38986.243308,-44347.424060,-47104.306519,-68910.665810
1762668982.415901,-38982.048631,-44338.651001,-47103.546560,-68911.045790
1762668982.419901,-39035.070688,-44379.085302,-47116.898000,-68922.869861
1762668982.431600,-39082.754403,-44422.574341,-47136.351466,-68935.841322
1762668982.435600,-39080.083370,-44435.542077,-47140.166163,-68939.276040
1762668982.439600,-39003.029466,-44368.024915,-47117.277980,-68917.147815
1762668982.443600,-38992.345333,-44354.289770,-47107.361257,-68914.860487
1762668982.432604,-39036.978036,-44394.727796,-47116.514295,-68929.359317
1762668982.436604,-39098.776877,-44457.670301,-47139.022499,-68948.432803
1762668982.454766,-39072.453976,-44434.398413,-47135.587782,-68940.035999
1762668982.458766,-38992.729038,-44366.497546,-47110.792249,-68921.729922
1762668982.454766,-38993.492723,-44360.011816,-47108.121216,-68922.109902
1762668982.458766,-39042.700082,-44403.500855,-47120.712698,-68935.461342
1762668982.462766,-39080.467075,-44437.833130,-47134.064138,-68944.618106
1762668982.466766,-39062.157273,-44412.273914,-47127.194703,-68935.841322
1762668982.454766,-38999.974728,-44368.024915,-47109.648585,-68921.729922
1762668982.458766,-38984.335959,-44347.044080,-47100.491822,-68914.480507
1762668982.475324,-39023.626596,-44373.363256,-47108.884901,-68921.342492
1762668982.479324,-39065.971971,-44410.746545,-47122.236341,-68930.499256
1762668982.490947,-39049.185812,-44411.510229,-47123.000026,-68927.831948
1762668982.494947,-38978.613913,-44345.136732,-47098.584473,-68904.176354
1762668982.495418,-38971.364498,-44327.586889,-47090.575099,-68901.509047
1762668982.499418,-39024.390280,-44368.784875,-47106.213868,-68916.007876
1762668982.505672,-39073.601365,-44418.759644,-47131.009400,-68930.119276
1762668982.509671,-39047.278464,-44400.449842,-47124.907374,-68920.202553
1762668982.521760,-38975.562900,-44333.692640,-47104.690224,-68898.454309
1762668982.525759,-38982.048631,-44332.165271,-47100.111842,-68901.129067
1762668982.529760,-39029.348642,-44377.561659,-47113.083303,-68914.480507
1762668982.533760,-39072.073996,-44417.995960,-47128.342092,-68925.544620
1762668982.521760,-39046.514779,-44394.344091,-47121.472657,-68918.295205
1762668982.525759,-38993.109018,-44352.382421,-47104.306519,-68904.176354
1762668982.535994,-38985.479623,-44343.609363,-47100.875527,-68902.656436
1762668982.539994,-39032.783359,-44381.756335,-47113.843262,-68915.620446
1762668982.535994,-39076.652378,-44418.759644,-47126.814723,-68927.831948
1762668982.539994,-39055.671543,-44421.046972,-47122.236341,-68930.119276
1762668982.560079,-38969.840854,-44350.095093,-47090.575099,-68909.138441
1762668982.564079,-38958.013058,-44332.165271,-47080.658376,-68906.851113
1762668982.565864,-39018.668234,-44374.506921,-47097.060829,-68922.489882
1762668982.569864,-39075.125009,-44439.740479,-47120.712698,-68941.943347
1762668982.573864,-39040.412754,-44411.130250,-47107.361257,-68932.026625
1762668982.577864,-38968.697190,-44340.174645,-47085.233033,-68910.665810
1762668982.565864,-38967.549801,-44337.507337,-47092.482448,-68914.860487
1762668982.569864,-39025.917649,-44387.858361,-47107.361257,-68931.646645
1762668982.576119,-39071.694016,-44427.532703,-47120.712698,-68942.710757
1762668982.580119,-39037.361741,-44403.500855,-47114.606947,-68928.971887
1762668982.576119,-38977.086544,-44358.868152,-47098.968178,-68914.480507
1762668982.580119,-38984.715939,-44353.146106,-47095.153481,-68914.860487
1762668982.597537,-39027.824998,-44387.478381,-47111.555934,-68925.157189
1762668982.601537,-39073.601365,-44422.954321,-47126.814723,-68932.786584
1762668982.606583,-39067.879319,-44421.046972,-47131.393105,-68928.591907
1762668982.610583,-39002.265781,-44357.724488,-47107.361257,-68907.231092
1762668982.606583,-38996.543735,-44342.465699,-47105.833888,-68903.796375
1762668982.610583,-39043.463767,-44376.034290,-47119.185328,-68914.480507
1762668982.616788,-39092.674851,-44422.954321,-47135.587782,-68926.304579
1762668982.620788,-39064.824581,-44398.922473,-47127.958387,-68912.573159
1762668982.626911,-38983.572274,-44327.970594,-47097.060829,-68888.917565
1762668982.630911,-38980.521262,-44326.443225,-47089.047730,-68891.212344
1762668982.653451,-39031.255990,-44376.414269,-47108.884901,-68910.665810
1762668982.657451,-39083.898067,-44420.283288,-47128.342092,-68924.777210
1762668982.653451,-39052.620530,-44391.293079,-47119.949013,-68916.007876
1762668982.657451,-38986.243308,-44344.753027,-47098.204494,-68904.176354
1762668982.657119,-38983.955979,-44333.308935,-47093.626112,-68904.176354
1762668982.661119,-39034.307003,-44370.312244,-47105.453908,-68917.915225
1762668982.671520,-39076.268673,-44405.408204,-47115.750611,-68927.831948
1762668982.675520,-39059.102535,-44407.695532,-47118.421644,-68927.064538
1762668982.679521,-38981.284946,-44343.989342,-47102.019191,-68910.285830
1762668982.683521,-38975.179195,-44333.308935,-47094.389796,-68908.758461
1762668982.673188,-39027.824998,-44375.654310,-47108.884901,-68923.249841
1762668982.677188,-39090.003818,-44439.356774,-47132.916749,-68946.525455
1762668982.686109,-39046.898484,-44415.324926,-47124.527395,-68938.896060
1762668982.690109,-38967.169821,-44359.631836,-47099.348158,-68921.342492
1762668982.693012,-38992.345333,-44374.890625,-47102.782875,-68931.266665
1762668982.697012,-39059.866220,-44422.954321,-47128.342092,-68952.627480
1762668982.699148,-39100.304246,-44460.337609,-47145.124525,-68960.256875
1762668982.703148,-39065.208286,-44427.532703,-47134.064138,-68943.470716
1762668982.699148,-39013.709873,-44389.765710,-47121.856362,-68928.591907
1762668982.703148,-39014.473557,-44381.756335,-47118.805349,-68927.451968
1762668982.716343,-39056.051522,-44414.944947,-47132.156789,-68935.081363
1762668982.720343,-39099.920541,-44447.749853,-47145.124525,-68942.710757
1762668982.739893,-39078.939706,-44442.027807,-47137.115151,-68938.896060
1762668982.743893,-39010.658860,-44374.126941,-47111.175954,-68917.147815
1762668982.746217,-38997.687399,-44353.146106,-47098.584473,-68909.518421
1762668982.750216,-39041.936398,-44387.098402,-47103.926539,-68917.147815
1762668982.754217,-39086.952806,-44431.727380,-47122.236341,-68929.359317
1762668982.758217,-39051.093161,-44400.449842,-47111.935914,-68917.147815
1762668982.748076,-38973.655552,-44329.494238,-47085.233033,-68896.166980
1762668982.752076,-38979.757577,-44332.545251,-47083.325684,-68899.221718
1762668982.758218,-39022.102952,-44369.168580,-47097.824514,-68909.898400
1762668982.762218,-39055.287838,-44396.635145,-47110.792249,-68917.147815
1762668982.758218,-39013.326168,-44360.395521,-47100.111842,-68906.471133
1762668982.762218,-38956.105709,-44311.184436,-47082.945704,-68893.499672
1762668982.775717,-38957.253098,-44303.175062,-47073.788941,-68895.407021
1762668982.779717,-39014.473557,-44347.044080,-47085.996717,-68909.518421
1762668982.780988,-39050.329477,-44385.951012,-47105.833888,-68920.962512
1762668982.784988,-39028.584957,-44382.900000,-47106.597573,-68921.342492
1762668982.788661,-38970.984519,-44323.008507,-47087.904066,-68903.416395
1762668982.792661,-38967.169821,-44316.142797,-47083.325684,-68901.889026
1762668982.788661,-39024.010301,-44365.353882,-47098.204494,-68915.620446
1762668982.792661,-39091.147482,-44428.296387,-47121.092677,-68934.693933
1762668982.806704,-39061.773568,-44408.079237,-47119.949013,-68927.064538
1762668982.810704,-38998.067379,-44349.331409,-47100.491822,-68911.045790
1762668982.807247,-39007.604122,-44361.919165,-47107.741237,-68919.435143
1762668982.811247,-39065.971971,-44411.510229,-47127.578408,-68935.461342
1762668982.828794,-39111.748338,-44450.420886,-47139.786184,-68942.710757
1762668982.832794,-39080.467075,-44424.481690,-47132.916749,-68933.174014
1762668982.836794,-39025.533944,-44380.992651,-47116.514295,-68921.342492
1762668982.840794,-39027.824998,-44371.455908,-47112.699598,-68919.055164
1762668982.832773,-39078.939706,-44407.695532,-47126.814723,-68930.119276
1762668982.836773,-39113.271981,-44442.791492,-47138.638794,-68939.276040
1762668982.849577,-39090.003818,-44434.782118,-47138.638794,-68936.221302
1762668982.853577,-39015.997201,-44363.446534,-47115.750611,-68914.480507
1762668982.852422,-39001.502097,-44348.187745,-47104.306519,-68909.138441
1762668982.856422,-39043.083787,-44389.765710,-47113.843262,-68920.202553
1762668982.865054,-39086.569101,-44436.305761,-47129.485756,-68934.313953
1762668982.869054,-39048.422128,-44406.171888,-47122.236341,-68923.637271
1762668982.865054,-38980.141282,-44334.836304,-47100.491822,-68902.269006
1762668982.869054,-38984.335959,-44340.174645,-47096.297145,-68905.703723
1762668982.880264,-39032.399654,-44382.900000,-47114.990652,-68919.055164
1762668982.884264,-39072.453976,-44422.954321,-47131.393105,-68931.266665
1762668982.880264,-39025.153965,-44387.098402,-47116.898000,-68920.202553
1762668982.884264,-38969.840854,-44347.804040,-47098.204494,-68910.285830
1762668982.896025,-38966.026157,-44338.267297,-47095.533460,-68909.518421
1762668982.900025,-39012.946188,-44374.890625,-47107.741237,-68924.017251
1762668982.896025,-39065.588266,-44415.708631,-47123.380005,-68936.601281
1762668982.900025,-39041.936398,-44408.839196,-47122.620046,-68932.786584
1762668982.911087,-38968.313485,-44346.280396,-47095.533460,-68912.193179
1762668982.915087,-38969.457150,-44340.938330,-47092.482448,-68913.333118
1762668982.911087,-39025.533944,-44384.807348,-47109.268606,-68928.211927
1762668982.915087,-39088.096470,-44438.213110,-47133.300453,-68945.758045
1762668982.931576,-39053.764194,-44410.746545,-47123.000026,-68932.786584
1762668982.935576,-38990.058005,-44345.136732,-47098.968178,-68910.285830
1762668982.933082,-39004.936814,-44356.960803,-47100.491822,-68915.620446
1762668982.937082,-39055.671543,-44401.973486,-47115.370631,-68930.879235
1762668982.941861,-39102.591574,-44437.449425,-47134.444118,-68942.323327
1762668982.945861,-39059.102535,-44402.737170,-47128.342092,-68927.451968
1762668982.941861,-38996.160030,-44360.011816,-47104.690224,-68915.240467
1762668982.945861,-38986.243308,-44349.331409,-47100.875527,-68914.100528
1762668982.951873,-39048.042148,-44387.858361,-47118.805349,-68925.924599
1762668982.955873,-39090.767503,-44419.903308,-47132.156789,-68936.601281
1762668982.972399,-39058.722556,-44406.171888,-47125.287354,-68929.739296
1762668982.976398,-38986.243308,-44332.545251,-47095.533460,-68900.361657
1762668982.972399,-38974.035531,-44315.762818,-47085.996717,-68893.119693
1762668982.976398,-39030.112326,-44368.404895,-47113.083303,-68915.240467
1762668982.986883,-39077.796042,-44419.523329,-47134.824097,-68930.879235
1762668982.990883,-39044.607431,-44389.005750,-47123.763710,-68916.767836
1762668982.986883,-38966.406137,-44318.433851,-47097.824514,-68893.879652
1762668982.990883,-38972.891867,-44329.114258,-47099.731863,-68899.601698
1762668983.000888,-39033.547044,-44379.085302,-47121.472657,-68918.295205
1762668983.004888,-39075.888693,-44417.232275,-47136.731446,-68930.879235
1762668983.000888,-39030.112326,-44387.858361,-47121.092677,-68921.729922
1762668983.004888,-38982.808590,-44355.433434,-47107.361257,-68913.333118
1762668983.020389,-38985.099643,-44350.858778,-47106.597573,-68917.527795
1762668983.024389,-39037.361741,-44396.251440,-47123.380005,-68936.601281
1762668983.047035,-39077.032357,-44442.791492,-47144.360840,-68951.480091
1762668983.051035,-39059.102535,-44440.504164,-47142.837197,-68949.192762
1762668983.055035,-38997.307420,-44376.034290,-47125.287354,-68928.971887
1762668983.059035,-39003.789425,-44368.024915,-47122.236341,-68924.017251
1762668983.047035,-39060.249925,-44413.801283,-47140.546143,-68940.035999
1762668983.051035,-39105.262607,-44461.484998,-47161.910683,-68954.534829
1762668983.047035,-39068.259299,-44429.820031,-47154.661268,-68942.710757
1762668983.051035,-39003.789425,-44362.302870,-47132.536769,-68921.342492
1762668983.055035,-39017.904550,-44371.455908,-47135.971487,-68927.831948
1762668983.059035,-39070.166647,-44414.561242,-47157.332301,-68943.090737
1762668983.062465,-39112.508297,-44448.893517,-47171.827406,-68954.154849
1762668983.066465,-39060.249925,-44403.880835,-47152.373940,-68937.748671
1762668983.076525,-39007.224143,-44371.839613,-47140.929848,-68927.064538
1762668983.080525,-39007.987827,-44371.839613,-47141.309828,-68929.359317
1762668983.084525,-39056.815207,-44398.542494,-47151.610255,-68937.748671
1762668983.088525,-39100.304246,-44429.440051,-47167.249024,-68944.618106
1762668983.084823,-39066.351950,-44419.523329,-47161.146998,-68940.803409
1762668983.088823,-38998.831064,-44354.673475,-47135.207802,-68918.295205
1762668983.084823,-38996.160030,-44351.618737,-47131.773084,-68919.435143
1762668983.088823,-39054.907858,-44401.593506,-47146.651894,-68937.748671
1762668983.115986,-39098.013192,-44442.791492,-47167.249024,-68951.480091
1762668983.119986,-39053.000510,-44414.561242,-47160.003334,-68939.656019
1762668983.115986,-38984.335959,-44351.618737,-47132.916749,-68917.527795
1762668983.119986,-39004.173130,-44369.932264,-47135.207802,-68924.397230
1762668983.120676,-39055.287838,-44416.088611,-47150.846571,-68938.508630
1762668983.124676,-39099.540561,-44452.708215,-47163.434327,-68948.432803
1762668983.120676,-39062.537253,-44419.139624,-47152.373940,-68933.553994
1762668983.124676,-39010.658860,-44384.807348,-47139.022499,-68923.637271
1762668983.136003,-39020.195603,-44389.005750,-47145.508230,-68927.831948
1762668983.140003,-39072.453976,-44435.542077,-47161.526978,-68943.090737
1762668983.137350,-39116.706699,-44473.689049,-47177.169472,-68957.969546
1762668983.141350,-39091.147482,-44459.957629,-47176.025808,-68957.582116
1762668983.154259,-39015.617222,-44386.334717,-47153.137624,-68936.601281
1762668983.158259,-39017.904550,-44378.705323,-47146.268189,-68932.786584
1762668983.154259,-39080.467075,-44422.954321,-47163.054347,-68944.230676
1762668983.158259,-39115.563035,-44463.392347,-47182.507813,-68951.860070
1762668983.165581,-39067.495614,-44419.523329,-47169.540077,-68935.461342
1762668983.169581,-38993.492723,-44352.382421,-47142.837197,-68912.953138
1762668983.167087,-39004.936814,-44368.784875,-47143.217176,-68920.582533
1762668983.171087,-39061.773568,-44410.746545,-47159.239650,-68936.221302
1762668983.181511,-39103.355259,-44445.078820,-47174.878418,-68948.432803
1762668983.185511,-39050.713181,-44403.880835,-47156.952322,-68932.406604
1762668983.181511,-38994.252682,-44364.970177,-47137.878835,-68921.342492
1762668983.185511,-39006.844163,-44360.775501,-47135.587782,-68920.202553
1762668983.196847,-39050.329477,-44393.200427,-47147.795558,-68928.591907
1762668983.200847,-39080.847055,-44424.861670,-47158.475965,-68933.933973
1762668983.211303,-39056.051522,-44416.088611,-47152.753919,-68933.174014
1762668983.215303,-39005.316794,-44361.539185,-47139.022499,-68920.202553
1762668983.211303,-39007.604122,-44359.248132,-47137.495130,-68919.055164
1762668983.215303,-39063.300937,-44406.931847,-47150.466591,-68933.933973
1762668983.221620,-39107.169956,-44451.948255,-47169.156373,-68948.812783
1762668983.225620,-39066.731930,-44424.861670,-47157.712281,-68938.128650
1762668983.221620,-39000.358433,-44366.117567,-47136.351466,-68921.342492
1762668983.225620,-39024.390280,-44394.727796,-47147.031873,-68934.693933
1762668983.238417,-39083.898067,-44448.133558,-47167.632729,-68954.914808
1762668983.242417,-39127.387106,-44487.804174,-47182.891518,-68965.598941
1762668983.238417,-39093.054831,-44453.855604,-47171.827406,-68954.534829
1762668983.242417,-39046.514779,-44423.338026,-47163.434327,-68949.192762
1762668983.258393,-39037.361741,-44412.653893,-47159.239650,-68948.432803
1762668983.262393,-39084.661752,-44443.935156,-47172.591090,-68956.442177
1762668983.267951,-39119.377732,-44470.258057,-47183.271497,-68964.451551
1762668983.271951,-39088.096470,-44448.513538,-47175.642103,-68956.062198
1762668983.275951,-39015.617222,-44376.034290,-47150.082886,-68933.553994
1762668983.279951,-39016.380906,-44368.404895,-47150.082886,-68931.646645
1762668983.267951,-39064.444602,-44413.801283,-47169.540077,-68944.998085
1762668983.271951,-39105.642587,-44459.957629,-47185.562551,-68957.582116
1762668983.284027,-39065.971971,-44425.625354,-47173.354775,-68946.525455
1762668983.288027,-39003.789425,-44360.395521,-47142.453492,-68922.109902
1762668983.284027,-39011.802524,-44375.654310,-47142.837197,-68927.451968
1762668983.288027,-39062.917233,-44416.088611,-47161.910683,-68940.035999
1762668983.301883,-39102.591574,-44446.606189,-47171.063721,-68944.998085
1762668983.305883,-39061.009884,-44406.171888,-47153.897583,-68930.879235
1762668983.314390,-39010.658860,-44366.497546,-47142.453492,-68918.295205
1762668983.318390,-39016.760886,-44361.539185,-47140.166163,-68918.295205
1762668983.314390,-39073.601365,-44404.264539,-47153.897583,-68932.406604
1762668983.318390,-39122.045040,-44447.369874,-47166.489065,-68943.850696
1762668983.330196,-39082.754403,-44424.481690,-47158.859670,-68933.174014
1762668983.334196,-39025.533944,-44368.784875,-47139.402479,-68915.240467
1762668983.330196,-39033.547044,-44369.168580,-47141.693532,-68915.620446
1762668983.334196,-39088.476449,-44423.338026,-47155.044973,-68930.119276
1762668983.349548,-39138.067514,-44472.929090,-47180.984169,-68948.432803
1762668983.353548,-39091.147482,-44440.884143,-47169.156373,-68941.563368
1762668983.360981,-39024.010301,-44373.363256,-47139.022499,-68923.249841
1762668983.364981,-39043.843746,-44388.242066,-47147.031873,-68932.026625
1762668983.368981,-39091.147482,-44430.203736,-47164.198011,-68946.525455
1762668983.372981,-39124.716073,-44462.244958,-47173.734754,-68955.294788
1762668983.360981,-39070.166647,-44421.430677,-47161.910683,-68940.415978
1762668983.364981,-39016.380906,-44389.765710,-47145.508230,-68930.119276
1762668983.374802,-39019.811898,-44383.283705,-47138.258815,-68932.786584
1762668983.378802,-39078.176022,-44421.430677,-47156.188637,-68948.432803
1762668983.374802,-39108.693600,-44454.615563,-47175.262123,-68957.969546
1762668983.378802,-39070.546627,-44436.305761,-47169.540077,-68949.572742
1762668983.400590,-39006.844163,-44368.784875,-47146.268189,-68929.359317
1762668983.404590,-39009.131491,-44361.155480,-47142.453492,-68927.451968
1762668983.400590,-39076.268673,-44415.324926,-47163.818032,-68943.090737
1762668983.404590,-39116.706699,-44456.142932,-47177.169472,-68953.767419
1762668983.405891,-39066.351950,-44416.088611,-47162.674367,-68939.656019
1762668983.409891,-39010.275155,-44356.580824,-47140.546143,-68922.869861
1762668983.405891,-39032.399654,-44377.941638,-47146.651894,-68928.591907
1762668983.409891,-39085.425436,-44422.574341,-47162.674367,-68941.563368
1762668983.421416,-39120.137691,-44456.142932,-47176.025808,-68950.720131
1762668983.425416,-39070.930332,-44420.283288,-47162.290663,-68936.601281
1762668983.441240,-39026.297629,-44386.714697,-47151.230276,-68927.451968
1762668983.445240,-39033.547044,-44385.191053,-47149.702907,-68929.739296
1762668983.441240,-39085.805416,-44432.491064,-47162.674367,-68944.618106
1762668983.445240,-39134.252816,-44474.836439,-47173.734754,-68956.062198
1762668983.451410,-39091.147482,-44451.184571,-47167.632729,-68948.045373
1762668983.455410,-39033.547044,-44397.778809,-47149.322927,-68933.174014
1762668983.451410,-39049.949497,-44398.922473,-47148.559242,-68936.601281
1762668983.455410,-39103.355259,-44450.420886,-47168.012708,-68955.674767
1762668983.464704,-39131.965488,-44484.373182,-47182.507813,-68964.451551
1762668983.468704,-39088.096470,-44442.027807,-47169.540077,-68948.812783
1762668983.464704,-39021.719247,-44376.034290,-47141.693532,-68926.684558
1762668983.468704,-39044.227451,-44390.529394,-47146.651894,-68933.174014
1762668983.490813,-39089.620113,-44427.152723,-47161.910683,-68944.998085
1762668983.494813,-39115.563035,-44458.050281,-47177.169472,-68953.767419
1762668983.494917,-39059.486240,-44411.893934,-47162.674367,-68937.368691
1762668983.498917,-39004.553109,-44374.126941,-47143.600881,-68925.544620
1762668983.502917,-39012.566209,-44371.075928,-47142.837197,-68925.924599
1762668983.506917,-39059.866220,-44406.551868,-47154.661268,-68935.461342
1762668983.494917,-39100.684226,-44441.264123,-47170.303762,-68946.905434
1762668983.498917,-39060.249925,-44417.995960,-47165.725380,-68939.656019
1762668983.504765,-39006.080478,-44361.919165,-47145.124525,-68924.017251
1762668983.508765,-39017.904550,-44359.631836,-47146.651894,-68924.017251
1762668983.512530,-39072.837681,-44416.852295,-47165.725380,-68941.563368
1762668983.516530,-39110.220969,-44463.772327,-47182.507813,-68953.767419
1762668983.534487,-39061.009884,-44424.097985,-47168.396413,-68936.221302
1762668983.538487,-38999.594748,-44364.970177,-47140.929848,-68916.387856
1762668983.539827,-39027.441293,-44390.913099,-47148.939222,-68929.739296
1762668983.543827,-39083.138108,-44432.874769,-47164.198011,-68943.470716
1762668983.547827,-39114.035666,-44462.244958,-47178.313136,-68951.480091
1762668983.551827,-39064.824581,-44424.097985,-47166.489065,-68937.368691
1762668983.553127,-39017.524570,-44392.820448,-47154.281288,-68927.451968
1762668983.557127,-39024.010301,-44392.820448,-47151.230276,-68932.406604
1762668983.553127,-39078.559726,-44438.976794,-47160.767019,-68946.905434
1762668983.557127,-39114.415646,-44478.651136,-47177.169472,-68957.582116
1762668983.571318,-39073.981345,-44455.379248,-47172.211111,-68946.905434
1762668983.575318,-39012.182504,-44398.922473,-47150.466591,-68927.831948
1762668983.576112,-39016.380906,-44397.015125,-47149.702907,-68930.119276
1762668983.580112,-39076.268673,-44447.749853,-47165.341675,-68950.340152
1762668983.585971,-39117.850363,-44484.373182,-47187.086195,-68962.924182
1762668983.589971,-39059.486240,-44438.976794,-47180.600464,-68946.138024
1762668983.589032,-38992.345333,-44375.270605,-47151.990235,-68925.924599
1762668983.593032,-39018.288255,-44398.158789,-47158.095986,-68935.461342
1762668983.601305,-39070.546627,-44440.504164,-47173.734754,-68947.665393
1762668983.605305,-39099.920541,-44463.008642,-47185.942531,-68952.247500
1762668983.601305,-39048.042148,-44415.708631,-47169.540077,-68933.933973
1762668983.605305,-39000.358433,-44383.283705,-47151.990235,-68926.304579
1762668983.616461,-39011.038840,-44383.283705,-47149.322927,-68925.157189
1762668983.620461,-39061.773568,-44419.903308,-47164.961696,-68937.368691
1762668983.617047,-39098.396897,-44450.040907,-47179.456800,-68947.665393
1762668983.621047,-39062.157273,-44423.338026,-47171.827406,-68940.803409
1762668983.633353,-39002.265781,-44364.210218,-47150.082886,-68920.582533
1762668983.637353,-39012.182504,-44361.919165,-47148.175538,-68917.527795
1762668983.645542,-39073.601365,-44418.375939,-47164.581716,-68934.693933
1762668983.649542,-39110.220969,-44459.577650,-47179.076821,-68946.905434
1762668983.653542,-39059.102535,-44417.615980,-47166.489065,-68934.313953
1762668983.657542,-38995.016366,-44356.580824,-47143.217176,-68916.007876
1762668983.645542,-39032.019675,-44388.242066,-47148.939222,-68925.544620
1762668983.649542,-39074.745029,-44428.296387,-47163.054347,-68937.368691
1762668983.661489,-39098.013192,-44451.948255,-47169.920057,-68941.183388
1762668983.665489,-39045.751095,-44410.746545,-47151.610255,-68925.924599
1762668983.679621,-38995.016366,-44377.941638,-47133.300453,-68915.620446
1762668983.683621,-39004.553109,-44378.705323,-47135.587782,-68916.007876
1762668983.679621,-39060.249925,-44420.666993,-47150.466591,-68929.359317
1762668983.683621,-39097.633213,-44453.091919,-47163.818032,-68937.368691
1762668983.685853,-39046.514779,-44420.283288,-47156.188637,-68929.739296
1762668983.689852,-38987.386972,-44361.919165,-47134.064138,-68913.333118
1762668983.685853,-38999.214768,-44362.302870,-47133.680433,-68912.953138
1762668983.689852,-39053.380489,-44411.510229,-47151.990235,-68928.211927
1762668983.706698,-39084.281772,-44444.318861,-47166.105360,-68938.896060
1762668983.710698,-39027.824998,-44396.251440,-47150.082886,-68923.249841
1762668983.706698,-38967.169821,-44331.785291,-47123.000026,-68902.656436
1762668983.710698,-38990.821689,-44354.289770,-47133.300453,-68908.758461
1762668983.729125,-39036.598057,-44394.344091,-47149.322927,-68921.729922
1762668983.733125,-39070.930332,-44421.810657,-47161.146998,-68927.451968
1762668983.729125,-39016.760886,-44378.705323,-47144.744545,-68912.193179
1762668983.733125,-38969.457150,-44340.174645,-47126.051039,-68897.694349
1762668983.734216,-38980.141282,-44337.123632,-47122.236341,-68896.166980
1762668983.738216,-39031.639695,-44379.848987,-47138.638794,-68907.991052
1762668983.737541,-39080.467075,-44424.097985,-47153.137624,-68917.915225
1762668983.741541,-39035.454392,-44395.487756,-47142.073512,-68909.138441
1762668983.747597,-38973.655552,-44335.979968,-47118.041664,-68894.259632
1762668983.751597,-38992.729038,-44339.414686,-47118.041664,-68896.546960
1762668983.747597,-39057.958871,-44403.500855,-47140.929848,-68913.713098
1762668983.751597,-39089.620113,-44440.120459,-47152.373940,-68925.157189
1762668983.768288,-39047.658443,-44400.449842,-47134.824097,-68913.333118
1762668983.772288,-38987.770677,-44341.702014,-47112.699598,-68897.314370
1762668983.768288,-39009.895176,-44369.168580,-47124.907374,-68909.898400
1762668983.772288,-39062.157273,-44414.181262,-47142.073512,-68924.017251
1762668983.778488,-39090.767503,-44442.027807,-47158.859670,-68930.879235
1762668983.782488,-39031.255990,-44391.673058,-47140.929848,-68913.333118
1762668983.788557,-38980.901241,-44355.817139,-47126.051039,-68903.796375
1762668983.792557,-38992.345333,-44353.146106,-47123.380005,-68904.563785
1762668983.798910,-39044.227451,-44393.580407,-47137.495130,-68917.915225
1762668983.802910,-39081.610739,-44433.254749,-47156.568617,-68930.879235
1762668983.819449,-39031.255990,-44396.635145,-47145.124525,-68920.582533
1762668983.823449,-38972.891867,-44342.081994,-47124.527395,-68904.176354
1762668983.819449,-38980.901241,-44342.465699,-47126.814723,-68907.231092
1762668983.823449,-39043.463767,-44397.395104,-47148.559242,-68930.119276
1762668983.827449,-39078.176022,-44434.782118,-47169.156373,-68941.183388
1762668983.831449,-39032.019675,-44398.542494,-47154.661268,-68931.646645
1762668983.819449,-38961.827755,-44338.267297,-47126.051039,-68912.573159
1762668983.823449,-38982.808590,-44356.580824,-47129.102051,-68914.100528
1762668983.841064,-39060.249925,-44411.130250,-47157.712281,-68935.081363
1762668983.845064,-39094.962180,-44449.277222,-47174.878418,-68945.758045
1762668983.843113,-39048.805833,-44405.788183,-47160.767019,-68927.451968
1762668983.847113,-39008.751512,-44372.983277,-47150.082886,-68918.675184
1762668983.860447,-39014.473557,-44378.705323,-47153.137624,-68920.962512
1762668983.864447,-39076.652378,-44423.338026,-47170.303762,-68932.026625
1762668983.870520,-39115.563035,-44461.864978,-47185.178846,-68943.470716
1762668983.874520,-39071.694016,-44431.347400,-47173.734754,-68933.174014
1762668983.878520,-39007.987827,-44369.932264,-47151.230276,-68911.805749
1762668983.882520,-39022.862911,-44370.312244,-47152.753919,-68913.713098
1762668983.872559,-39091.147482,-44431.347400,-47174.878418,-68931.646645
1762668983.876559,-39118.614048,-44458.430260,-47189.377248,-68934.693933
1762668983.886419,-39056.435227,-44400.449842,-47169.156373,-68909.518421
1762668983.890419,-38988.914341,-44332.545251,-47144.360840,-68884.342909
1762668983.886419,-39018.668234,-44355.817139,-47151.230276,-68892.732263
1762668983.890419,-39066.731930,-44394.344091,-47165.341675,-68907.231092
1762668983.908144,-39093.434811,-44417.995960,-47177.549452,-68913.333118
1762668983.912143,-39031.639695,-44367.641211,-47160.767019,-68894.259632
1762668983.913346,-38979.757577,-44330.257922,-47147.415578,-68882.815540
1762668983.917346,-39003.029466,-44340.174645,-47150.846571,-68889.684975
1762668983.918062,-39048.805833,-44385.951012,-47161.910683,-68907.611072
1762668983.922062,-39080.847055,-44426.389039,-47172.971070,-68919.055164
1762668983.931088,-39038.505405,-44394.727796,-47162.290663,-68907.991052
1762668983.935088,-38995.400071,-44346.660376,-47144.360840,-68893.499672
1762668983.933034,-38997.307420,-44359.248132,-47149.322927,-68901.129067
1762668983.937034,-39070.930332,-44427.532703,-47176.785767,-68925.544620
1762668983.943592,-39110.600948,-44459.957629,-47192.044556,-68933.933973
1762668983.947592,-39064.064622,-44416.088611,-47176.405787,-68920.202553
1762668983.954564,-38983.192295,-44361.919165,-47153.137624,-68903.036416
1762668983.958564,-39019.048214,-44390.913099,-47164.198011,-68914.100528
1762668983.961764,-39108.693600,-44435.925782,-47182.507813,-68928.211927
1762668983.965764,-39139.594883,-44466.443360,-47195.859253,-68935.841322
1762668983.972004,-39075.508714,-44422.954321,-47182.127833,-68918.675184
1762668983.976004,-39031.255990,-44393.964112,-47166.869044,-68911.805749
1762668983.980004,-39044.607431,-44400.066137,-47160.003334,-68913.333118
1762668983.984004,-39101.447910,-44439.356774,-47174.118459,-68922.869861
1762668983.972004,-39132.345468,-44472.929090,-47186.322510,-68928.971887
1762668983.976004,-39081.990719,-44434.398413,-47176.025808,-68915.240467
1762668983.982503,-39022.102952,-44369.932264,-47151.610255,-68895.787001
1762668983.986503,-39028.968662,-44363.446534,-47146.651894,-68891.592324
1762668983.999119,-39080.847055,-44417.995960,-47164.961696,-68909.518421
1762668984.003119,-39109.077305,-44446.606189,-47175.262123,-68917.147815
1762668984.007539,-39057.195187,-44401.209801,-47154.661268,-68899.981678
1762668984.011539,-38998.067379,-44340.938330,-47133.680433,-68885.102868
1762668984.014673,-39025.153965,-44368.404895,-47141.309828,-68893.879652
1762668984.018673,-39075.125009,-44409.986585,-47156.568617,-68908.378482
1762668984.022673,-39098.776877,-44432.111084,-47165.725380,-68914.860487
1762668984.026673,-39032.783359,-44382.900000,-47147.795558,-68897.694349
1762668984.036619,-38990.821689,-44348.951429,-47135.971487,-68892.352283
1762668984.040619,-39004.173130,-44352.766126,-47137.495130,-68895.787001
1762668984.037410,-39059.102535,-44401.209801,-47155.424953,-68911.045790
1762668984.041410,-39088.096470,-44434.782118,-47169.920057,-68920.962512
1762668984.047884,-39045.371115,-44396.251440,-47156.568617,-68908.758461
1762668984.051884,-38994.252682,-44346.280396,-47135.587782,-68892.352283
1762668984.047884,-39002.265781,-44356.197119,-47138.258815,-68896.546960
1762668984.051884,-39079.323411,-44416.088611,-47161.910683,-68917.147815
1762668984.064233,-39117.086679,-44446.226209,-47177.169472,-68925.157189
1762668984.068233,-39061.009884,-44401.209801,-47165.341675,-68910.285830
1762668984.064233,-39003.029466,-44341.702014,-47144.744545,-68892.352283
1762668984.068233,-39036.978036,-44377.177954,-47156.568617,-68904.176354
1762668984.077645,-39089.620113,-44416.088611,-47166.489065,-68916.767836
1762668984.081645,-39114.415646,-44435.925782,-47174.878418,-68920.582533
1762668984.077645,-39054.144174,-44387.858361,-47156.952322,-68903.036416
1762668984.081645,-39011.418819,-44349.711388,-47144.360840,-68892.352283
1762668984.096719,-39028.204978,-44353.909791,-47147.415578,-68894.259632
1762668984.100719,-39077.032357,-44396.251440,-47161.526978,-68907.991052
1762668984.111563,-39102.591574,-44430.967420,-47172.971070,-68916.387856
1762668984.115563,-39053.380489,-44400.449842,-47161.526978,-68905.703723
1762668984.119563,-38994.636387,-44345.896691,-47137.878835,-68890.444934
1762668984.123563,-39006.844163,-44344.753027,-47136.731446,-68891.212344
1762668984.111563,-39067.879319,-44409.222901,-47157.712281,-68911.805749
1762668984.115563,-39082.754403,-44434.398413,-47166.869044,-68917.147815
1762668984.125153,-39028.968662,-44381.376356,-47150.082886,-68897.314370
1762668984.129153,-38967.933506,-44324.535877,-47128.722072,-68881.288171
1762668984.145531,-38997.307420,-44358.488172,-47133.300453,-68893.879652
1762668984.149531,-39057.195187,-44397.395104,-47151.610255,-68905.323744
1762668984.145531,-39081.990719,-44419.523329,-47161.526978,-68907.991052
1762668984.149531,-39015.617222,-44371.075928,-47145.124525,-68892.732263
1762668984.155776,-38976.706564,-44335.599989,-47130.629420,-68883.582950
1762668984.159775,-39001.122117,-44352.382421,-47134.824097,-68891.212344
1762668984.165372,-39052.236825,-44399.302453,-47155.804932,-68907.991052
1762668984.169372,-39078.176022,-44430.583715,-47168.396413,-68916.767836
1762668984.165372,-39025.917649,-44394.727796,-47150.466591,-68905.703723
1762668984.169372,-38974.035531,-44346.660376,-47130.629420,-68892.732263
1762668984.165372,-38992.729038,-44357.340783,-47133.300453,-68896.546960
1762668984.169372,-39064.064622,-44425.245374,-47160.767019,-68917.147815
1762668984.198449,-39094.198495,-44454.999268,-47171.827406,-68928.971887
1762668984.202449,-39035.834372,-44406.931847,-47151.990235,-68915.240467
1762668984.198449,-38981.284946,-44347.804040,-47132.536769,-68898.074329
1762668984.202449,-39018.668234,-44383.283705,-47147.415578,-68911.045790
1762668984.199249,-39068.639278,-44419.523329,-47161.526978,-68922.869861
1762668984.203249,-39088.476449,-44434.398413,-47170.683742,-68925.924599
1762668984.199249,-39023.626596,-44383.663684,-47151.990235,-68906.851113
1762668984.203249,-38977.086544,-44348.951429,-47135.587782,-68896.166980
1762668984.216335,-38995.016366,-44353.909791,-47134.064138,-68898.841739
1762668984.220335,-39050.713181,-44393.964112,-47149.702907,-68911.425769
1762668984.216335,-39067.495614,-44429.440051,-47163.434327,-68920.962512
1762668984.220335,-39013.326168,-44393.200427,-47150.846571,-68907.611072
1762668984.236651,-38968.697190,-44338.267297,-47129.865736,-68891.972303
1762668984.240651,-38992.729038,-44343.609363,-47132.156789,-68891.592324
1762668984.246723,-39056.051522,-44407.315552,-47161.146998,-68909.518421
1762668984.250723,-39075.125009,-44426.769018,-47169.540077,-68911.425769
1762668984.254723,-39014.853537,-44372.219592,-47150.466591,-68890.824914
1762668984.258723,-38959.540427,-44318.050146,-47130.249441,-68871.751428
1762668984.261757,-38995.780051,-44348.567724,-47142.073512,-68888.157606
1762668984.265757,-39048.422128,-44391.293079,-47158.859670,-68903.036416
1762668984.261757,-39074.745029,-44417.232275,-47168.776393,-68909.518421
1762668984.265757,-39021.719247,-44375.270605,-47152.373940,-68895.027041
1762668984.276552,-38985.099643,-44342.081994,-47134.824097,-68885.870278
1762668984.280552,-39009.511471,-44361.539185,-47146.268189,-68896.934390
1762668984.277817,-39064.444602,-44406.171888,-47163.818032,-68909.518421
1762668984.281817,-39094.582200,-44440.884143,-47172.971070,-68913.713098
1762668984.294011,-39040.029049,-44404.644519,-47157.332301,-68902.656436
1762668984.298011,-38996.923715,-44355.817139,-47135.971487,-68892.352283
1762668984.294011,-39009.511471,-44359.631836,-47138.258815,-68896.166980
1762668984.298011,-39073.601365,-44427.912682,-47161.526978,-68919.435143
1762668984.306469,-39090.003818,-44449.657202,-47171.447426,-68924.017251
1762668984.310469,-39028.584957,-44394.727796,-47154.661268,-68908.378482
1762668984.306469,-38970.604539,-44339.794666,-47133.680433,-68893.119693
1762668984.310469,-38999.594748,-44372.219592,-47142.837197,-68903.796375
1762668984.329305,-39043.843746,-44413.801283,-47159.239650,-68917.915225
1762668984.333305,-39067.879319,-44429.060072,-47166.105360,-68920.962512
1762668984.336259,-39015.997201,-44376.414269,-47149.322927,-68899.601698
1762668984.340259,-38969.077170,-44342.465699,-47140.166163,-68888.157606
1762668984.344259,-38987.006992,-44345.136732,-47143.217176,-68889.684975
1762668984.348259,-39046.514779,-44383.283705,-47156.568617,-68902.656436
1762668984.337826,-39082.754403,-44416.468590,-47172.971070,-68913.333118
1762668984.341826,-39021.339267,-44372.219592,-47158.859670,-68898.074329
1762668984.350250,-38969.457150,-44323.008507,-47139.402479,-68882.435560
1762668984.354250,-38990.437984,-44329.114258,-47139.786184,-68886.250257
1762668984.350250,-39052.236825,-44393.964112,-47162.290663,-68905.703723
1762668984.354250,-39069.786668,-44419.903308,-47172.211111,-68914.100528
1762668984.366777,-39026.677608,-44372.599572,-47159.239650,-68895.787001
1762668984.370777,-38977.850229,-44325.679541,-47141.693532,-68883.582950
1762668984.380876,-39018.668234,-44370.312244,-47155.804932,-68902.656436
1762668984.384876,-39072.453976,-44419.903308,-47170.303762,-68920.202553
1762668984.380876,-39096.489549,-44447.369874,-47178.693116,-68927.831948
1762668984.384876,-39040.792733,-44408.459216,-47161.146998,-68915.240467
1762668984.390992,-38998.067379,-44368.784875,-47148.175538,-68904.176354
1762668984.394992,-39020.195603,-44379.085302,-47149.322927,-68906.851113
1762668984.390992,-39064.444602,-44411.893934,-47154.281288,-68915.240467
1762668984.394992,-39081.610739,-44439.740479,-47163.818032,-68924.397230
1762668984.411854,-39010.658860,-44388.622046,-47151.990235,-68909.138441
1762668984.415854,-38966.026157,-44330.637902,-47134.824097,-68893.499672
1762668984.411854,-38987.006992,-44334.836304,-47134.444118,-68895.027041
1762668984.415854,-39046.514779,-44397.778809,-47155.424953,-68914.480507
1762668984.434527,-39065.208286,-44420.666993,-47169.156373,-68922.109902
1762668984.438527,-38999.974728,-44367.641211,-47153.517604,-68903.796375
1762668984.435148,-38950.767368,-44311.564416,-47130.249441,-68883.195519
1762668984.439148,-38979.757577,-44341.322035,-47139.022499,-68892.352283
1762668984.441531,-39038.121700,-44383.283705,-47155.424953,-68905.703723
1762668984.445531,-39067.879319,-44405.024499,-47169.540077,-68907.611072
1762668984.442535,-38996.160030,-44353.146106,-47151.230276,-68889.684975
1762668984.446535,-38968.313485,-44325.679541,-47142.837197,-68888.157606
1762668984.452954,-38996.160030,-44338.651001,-47150.082886,-68896.166980
1762668984.456954,-39046.514779,-44377.177954,-47168.396413,-68906.851113
1762668984.458061,-39077.032357,-44414.181262,-47182.891518,-68916.387856
1762668984.462060,-39020.575583,-44372.599572,-47167.632729,-68904.563785
1762668984.473562,-38977.850229,-44332.928956,-47152.373940,-68893.879652
1762668984.477561,-38995.400071,-44348.187745,-47153.137624,-68898.841739
1762668984.473562,-39061.393589,-44424.481690,-47176.025808,-68920.202553
1762668984.477561,-39094.198495,-44451.184571,-47192.044556,-68928.591907
1762668984.485780,-39039.269090,-44406.171888,-47174.118459,-68913.333118
1762668984.489780,-38996.160030,-44366.117567,-47153.137624,-68903.796375
1762668984.500990,-39036.978036,-44407.695532,-47167.632729,-68922.109902
1762668984.504990,-39092.674851,-44453.091919,-47186.322510,-68935.841322
1762668984.501922,-39109.840989,-44471.401721,-47190.137208,-68938.896060
1762668984.505922,-39048.422128,-44423.338026,-47169.156373,-68922.489882
1762668984.528745,-38998.831064,-44378.705323,-47153.517604,-68910.665810
1762668984.532745,-39019.431919,-44386.714697,-47156.952322,-68913.713098
1762668984.536746,-39067.495614,-44419.523329,-47167.249024,-68923.637271
1762668984.540745,-39091.147482,-44445.078820,-47176.405787,-68932.026625
1762668984.534036,-39026.677608,-44393.580407,-47159.619629,-68915.620446
1762668984.538036,-38975.562900,-44339.794666,-47139.022499,-68897.694349
1762668984.545910,-38993.872702,-44347.044080,-47142.837197,-68899.981678
1762668984.549910,-39053.764194,-44409.222901,-47161.910683,-68919.055164
1762668984.565190,-39072.837681,-44423.338026,-47169.540077,-68922.869861
1762668984.569190,-39017.904550,-44370.692223,-47152.753919,-68907.611072
1762668984.565190,-38973.655552,-44329.494238,-47135.971487,-68898.454309
1762668984.569190,-39001.882076,-44356.580824,-47144.744545,-68909.518421
1762668984.573190,-39049.565792,-44400.066137,-47162.290663,-68924.017251
1762668984.577190,-39064.824581,-44419.903308,-47171.063721,-68932.786584
1762668984.581190,-39012.946188,-44379.085302,-47155.804932,-68918.295205
1762668984.585190,-38972.128183,-44350.475073,-47147.795558,-68910.665810
